1,0.43586,0.033734,-0.14513,-0.29262,-0.32545,-0.15803,-0.1993,-0.12344,-0.39186,0.34525,0.32751,0.07193,-0.12813,-0.074722,-0.21705,0.42967,0.32682,0.50325,0.6503,-0.20979,-0.046763,-0.17311,-0.21278,-0.29399,-0.44543,-0.17631,-0.23902,0.36523,0.22209,-0.035312,-0.11917,0.19659,0.36542,-0.30358,-0.20576,-0.16527,-0.18001,-0.17989,-0.15797,-0.036762,0.11171,-0.3691,-0.31306,-0.14119,-0.23065,-0.20844,-0.15532,-0.018308,-0.27575,-0.31268,-0.036418,-0.26142,-0.28358,-0.21484,-0.079202,0.72004,0.56308,0.098828,-0.29755,-0.24529,-0.30603,0.4902,0.57422,-0.41561,-0.48251,-0.26491,-0.024852,0.16745,0.37809,0.11364,0.11987,0.23631,0.36227,0.069948,0.0096953,0.22583,0.19552,0.32805,0.014835,0.38466,0.14132,-0.090666,-0.0049082,-0.095397,-0.51213,-0.12425,-0.13893,-0.30643,-0.51439
0.43586,1,0.040496,0.33132,-0.13647,-0.1129,-0.033524,0.16663,-0.12558,-0.14187,-0.056566,0.17008,-0.17187,-0.15262,-0.16583,-0.096846,0.12206,0.25279,0.085401,0.50463,-0.050158,0.072186,-0.056614,-0.0032999,-0.081302,-0.27393,-0.06495,-0.1071,0.10062,0.11761,-0.16649,-0.089164,-0.18737,0.019342,-0.14929,-0.10982,0.05779,0.036059,0.015733,0.14109,0.05983,0.15176,-0.16143,-0.052622,0.09841,0.088336,0.14365,-0.003465,0.22346,0.091361,0.10536,0.25432,-0.13318,-0.19676,0.057186,0.19337,0.31458,0.77037,0.12941,0.11291,-0.22547,-0.028344,-0.030938,0.19801,-0.20348,-0.086227,-0.043586,0.10984,0.03059,0.19213,0.036727,0.2892,0.18633,0.22105,0.041498,0.11064,0.13406,0.23262,0.059827,-0.069211,-0.019819,0.08238,0.018784,0.1033,-0.22969,-0.29266,-0.14826,-0.19541,-0.34844,-0.26831
0.033734,0.040496,1,0.039699,0.37668,-0.23775,0.43164,-0.24245,-0.02857,0.10926,-0.089353,-0.38546,0.20354,0.11885,0.53994,0.46256,-0.041921,0.046998,0.23904,0.017713,-0.093845,-0.17208,0.81051,0.65395,0.34467,-0.076769,0.20277,-0.093763,-0.2308,-0.15463,0.11786,0.019861,0.35876,-0.0072655,0.39892,0.17364,0.18808,0.12958,-0.011366,0.050039,0.17034,0.14834,0.34539,0.19289,0.22474,-0.071088,0.063033,-0.046478,-0.035708,-0.091195,-0.062161,-0.08436,0.024626,0.09937,0.036866,0.13906,0.055021,-0.18612,-0.10238,-0.13672,-0.013768,-0.27951,-0.018634,-0.20108,0.53027,0.20287,0.23605,-0.14134,0.1972,0.11017,0.174,0.035507,0.067986,-0.073995,0.023688,0.093672,0.15451,0.022779,-0.0023933,-0.049853,-0.057767,-0.064665,0.0077966,-0.0077418,0.30161,0.14849,0.21546,0.27717,0.12035,0.14382
-0.14513,0.33132,0.039699,1,0.029055,0.32801,0.38989,0.69249,0.010744,0.35101,-0.18866,0.081813,-0.1834,0.33534,-0.2166,0.13375,-0.2177,-0.21791,-0.3287,-0.07182,-0.015106,-0.0073704,0.30167,0.52434,0.18288,0.25781,0.053471,0.021081,-0.23036,-0.077261,0.021756,0.35348,-0.31512,-0.080494,-0.04815,-0.014353,-0.040346,0.029656,-0.031839,0.08725,0.023566,-0.021597,0.022652,0.044379,0.040825,0.073985,0.061635,-0.21504,0.12135,0.29815,0.13876,0.08173,-0.17106,-0.13184,-0.020248,0.062223,-0.31229,0.17675,-0.043613,0.47768,0.032007,0.53746,-0.45369,-0.23075,0.15638,0.6084,0.092888,0.16853,-0.24786,-0.33417,-0.036995,0.20721,-0.072195,-0.18229,-0.10509,-0.016096,-0.15627,0.039157,-0.20434,-0.13667,-0.42991,-0.22587,-0.098772,-0.10735,-0.31202,0.34593,-0.086629,-0.010686,-0.14525,0.18956
-0.29262,-0.13647,0.37668,0.029055,1,0.37118,0.05022,-0.21845,0.34511,0.44648,-0.3925,-0.47133,-0.28046,-0.047795,0.2864,0.38368,-0.11854,0.10753,-0.27956,-0.29606,0.15555,0.010031,0.54569,0.41856,0.71118,0.61336,0.37422,0.21121,-0.28427,-0.14314,0.16475,0.1419,0.14647,-0.1446,0.516,0.27678,0.15628,0.25623,0.10515,0.12951,0.3075,-0.033788,0.44015,0.35332,0.31586,0.069805,0.13324,0.082216,0.094411,0.27275,0.41618,0.21063,-0.034194,0.1393,-0.034624,0.085782,-0.14764,-0.28966,-0.28632,-0.003121,-0.1196,-0.12265,-0.33267,-0.37965,0.61987,0.42537,0.29385,-0.046478,-0.073616,-0.10787,0.098175,-0.095442,-0.1771,-0.16717,-0.11009,0.061381,-0.068098,-0.022155,-0.03796,0.14775,-0.022693,0.01515,0.070232,-0.00052888,0.18393,0.37987,0.14697,0.17294,0.016296,0.32069
-0.32545,-0.1129,-0.23775,0.32801,0.37118,1,-0.015442,0.41501,0.56369,0.7418,-0.040217,0.15943,-0.057655,0.32431,0.062512,0.3582,-0.24649,-0.22406,-0.35493,-0.26035,0.12966,0.12945,-0.01432,0.1071,0.054459,0.54836,0.17467,0.40966,-0.15633,0.075786,-0.16879,0.014836,-0.33062,-0.27877,-0.093122,-0.031186,0.070309,0.24076,0.13829,0.19093,0.0059016,0.0084349,-0.052359,0.050037,-0.10723,-0.043466,0.18304,0.0061487,0.10456,0.18996,0.25988,0.01616,-0.012372,0.0085685,0.0062795,0.055419,-0.26739,-0.031036,-0.13206,0.22318,0.10205,0.43991,-0.26046,-0.096053,-0.017978,0.2505,-0.079549,0.04994,-0.17704,-0.34076,-0.2128,-0.095327,-0.086683,-0.10186,-0.0083079,0.1899,-0.17746,-0.020816,-0.1454,0.018487,-0.12588,0.098581,0.14987,0.092255,-0.011144,0.45181,-0.031224,-0.031548,-0.019372,0.36002
-0.15803,-0.033524,0.43164,0.38989,0.05022,-0.015442,1,0.47755,0.18593,0.18744,0.17883,-0.060464,0.3906,0.31256,0.32266,0.070985,-0.27944,-0.36937,-0.0035871,-0.1892,-0.077968,-0.11391,0.33463,0.28291,0.07335,-0.084935,0.07951,-0.093097,-0.23035,-0.26772,0.015747,0.048944,-0.12448,-0.34034,-0.0015306,-0.15089,0.13359,0.081368,-0.046202,0.0049352,0.026907,0.01661,0.33422,0.26151,0.013127,0.057068,0.037379,-0.12931,-0.0028016,0.13424,0.032732,-0.21478,0.094462,0.10321,0.077874,0.10219,-0.18498,-0.14085,0.25071,0.35443,0.61759,0.35389,-0.28173,-0.41035,0.40261,0.3004,0.097544,-0.24096,0.083387,-0.21433,0.10291,0.051363,0.055242,-0.25024,0.067685,0.010531,0.017898,-0.056616,-0.27333,-0.2567,-0.45415,-0.35875,-0.13703,-0.19934,-0.11691,0.1502,0.23963,0.084901,0.31426,0.30065
-0.1993,0.16663,-0.24245,0.69249,-0.21845,0.41501,0.47755,1,0.24122,0.47487,0.22791,0.43962,0.17751,0.60627,-0.081748,-0.051588,-0.28513,-0.40601,-0.31531,-0.1691,0.0031017,0.013059,-0.070308,0.12247,-0.16624,0.11541,-0.14988,-0.012637,-0.10484,-0.049736,-0.081647,0.15425,-0.55969,-0.31689,-0.32637,-0.30551,-0.042608,0.0027854,-0.050505,-0.0062353,-0.11355,-0.072612,0.058193,0.14773,-0.092615,0.16355,0.031035,-0.17141,0.21945,0.3001,0.12013,-0.16568,-0.076331,-0.13356,-0.037102,-0.063383,-0.35561,0.23051,0.17587,0.654,0.49363,0.85711,-0.44023,-0.18251,-0.036666,0.35557,-0.13511,-0.02196,-0.21653,-0.41254,-0.037072,0.18248,-0.028899,-0.18332,-0.058341,-0.060237,-0.15031,0.012219,-0.25974,-0.16283,-0.41516,-0.22912,-0.079871,-0.15348,-0.35048,0.23235,0.0050728,-0.090758,0.042201,0.22689
-0.12344,-0.12558,-0.02857,0.010744,0.34511,0.56369,0.18593,0.24122,1,0.59245,0.3135,0.22584,0.35472,0.37556,0.41721,0.26697,-0.081413,-0.11207,-0.012771,-0.10894,-0.11014,-0.15612,-0.031245,-0.047046,-0.22584,0.22634,-0.19841,-0.046602,0.053605,0.15046,-0.1314,-0.18382,-0.35134,-0.34149,-0.32974,-0.28624,-0.14161,0.016243,-0.09513,-0.13304,-0.15156,-0.15724,-0.012751,0.14414,-0.30724,-0.1217,0.10211,0.086145,0.12831,-0.039606,0.037719,-0.15395,0.08175,0.12064,-0.11866,-0.045533,-0.080003,0.085592,-0.024887,-0.019242,0.21356,0.2039,-0.024127,0.10027,-0.17966,-0.15166,-0.25881,-0.3048,-0.074683,-0.25111,-0.065298,-0.10966,-0.045549,-0.028416,-0.10966,0.024661,-0.12285,-0.15504,-0.11114,0.040958,0.085838,0.11377,0.065538,-0.033725,-0.035401,0.12346,-0.032538,-0.081744,-0.025647,0.12127
-0.39186,-0.14187,0.10926,0.35101,0.44648,0.7418,0.18744,0.47487,0.59245,1,0.046315,0.097608,0.14702,0.61584,0.38029,0.51875,-0.25022,-0.24488,-0.28979,-0.35582,0.095849,-0.012232,0.32383,0.40357,0.15954,0.50967,0.030489,0.18114,-0.17745,0.048514,-0.013229,0.089083,-0.25444,-0.28959,0.024527,-0.091263,0.0077357,0.149,0.059135,0.056009,0.037684,-0.11882,0.19703,0.26108,-0.062069,0.022374,0.074696,-0.0063541,0.17321,0.19919,0.17344,-0.096195,-0.067071,0.017809,-0.098442,-0.039774,-0.3336,-0.081157,-0.14538,0.27199,0.23048,0.47678,-0.29,-0.15576,0.21211,0.41168,-0.0031294,-0.11229,-0.15029,-0.33145,-0.037841,-0.073281,-0.16606,-0.20822,-0.12626,0.049911,-0.14135,-0.038422,-0.12833,0.070657,-0.096837,-0.014889,0.13622,0.0057964,-0.012802,0.47308,0.0096416,0.10125,0.0061785,0.36554
0.34525,-0.056566,-0.089353,-0.18866,-0.3925,-0.040217,0.17883,0.22791,0.3135,0.046315,1,0.65008,0.75866,0.50284,0.36346,-0.053467,0.18992,0.0035241,0.34443,0.20009,-0.084364,-0.0086606,-0.22912,-0.28156,-0.53304,-0.33766,-0.36546,-0.14905,0.38706,0.26898,0.021989,-0.12871,-0.023274,0.019122,-0.41094,-0.38439,-0.24067,-0.23911,-0.17011,-0.25208,-0.099953,-0.001434,-0.17552,-0.10728,-0.41033,-0.16867,-0.29261,-0.1648,-0.102,-0.22275,-0.31866,-0.34076,-0.072146,-0.1747,-0.28334,-0.25364,0.186,0.30408,0.17714,-0.10639,0.36284,0.081573,0.43493,0.44552,-0.37427,-0.39188,-0.32704,-0.21745,0.14158,0.011444,0.16243,0.012,0.13635,0.20233,0.037848,-0.062556,0.12782,0.043455,0.15173,0.04119,0.23348,0.058162,0.038316,-0.011339,-0.04765,-0.20585,-0.040314,-0.13095,0.056557,-0.21132
0.32751,0.17008,-0.38546,0.081813,-0.47133,0.15943,-0.060464,0.43962,0.22584,0.097608,0.65008,1,0.34025,0.4471,0.0058782,-0.062342,0.22742,0.09357,0.1666,0.30497,-0.11301,0.022084,-0.37283,-0.2912,-0.51703,-0.14917,-0.42496,-0.1024,0.4042,0.39909,0.079354,0.084204,-0.27906,0.037679,-0.56971,-0.50006,-0.37645,-0.27021,-0.20852,-0.28669,-0.21381,-0.065813,-0.45745,-0.28562,-0.42724,-0.089653,-0.30363,-0.2061,0.018187,-0.1478,-0.32638,-0.2333,-0.26085,-0.24951,-0.28161,-0.2934,0.05483,0.46588,-0.014406,-0.00078914,0.059003,0.31522,0.19371,0.47931,-0.59345,-0.33941,-0.45643,-0.16157,-0.057851,-0.099262,0.093297,0.18956,0.087138,0.23497,-0.065712,-0.087729,-0.1037,-0.038358,0.11817,0.11015,0.16181,0.17572,-0.015255,-0.020801,-0.26617,-0.11961,-0.11624,-0.10867,-0.2543,-0.21418
0.07193,-0.17187,0.20354,-0.1834,-0.28046,-0.057655,0.3906,0.17751,0.35472,0.14702,0.75866,0.34025,1,0.53337,0.59161,0.1825,0.095315,-0.11169,0.34804,0.054663,-0.016477,-0.028346,-0.022661,-0.082465,-0.4496,-0.28048,-0.36147,-0.15215,0.27597,0.23891,0.037782,-0.15178,0.020511,-0.084823,-0.25678,-0.33561,-0.1308,-0.22584,-0.033957,-0.17783,-0.063468,-0.043039,-0.0069889,0.0088604,-0.33708,-0.1143,-0.18411,-0.02218,-0.19005,-0.25103,-0.33163,-0.35716,0.093863,-0.013001,-0.17045,-0.15058,0.063458,0.037456,0.22264,-0.085299,0.47131,0.055221,0.29916,0.22304,-0.14475,-0.27411,-0.16217,-0.26286,0.1734,0.01055,0.15236,-0.016127,0.17066,0.095102,0.051351,-0.01629,0.12294,-0.00037749,0.12174,0.099959,0.21836,0.13094,0.1695,0.090345,0.18835,-0.053416,0.076911,-0.024148,0.2127,-0.057237
-0.12813,-0.15262,0.11885,0.33534,-0.047795,0.32431,0.31256,0.60627,0.37556,0.61584,0.50284,0.4471,0.53337,1,0.39811,0.34843,-0.046025,-0.22854,-0.059714,-0.15221,0.036736,-0.011905,0.24839,0.36103,-0.13699,0.14877,-0.28148,-0.052657,0.096102,0.19524,0.15985,0.20407,-0.18232,-0.084426,-0.20543,-0.33604,-0.19661,-0.15747,-0.076424,-0.16706,0.0090712,-0.079553,0.084594,0.11551,-0.18549,-0.021064,-0.21252,-0.18306,0.046547,0.05214,-0.13127,-0.28505,-0.18624,-0.17839,-0.25824,-0.28248,-0.26888,0.0041186,-0.11948,0.20402,0.3177,0.52121,-0.13579,0.047247,0.021849,0.24226,-0.17457,-0.18447,-0.1298,-0.2808,0.19114,0.14088,-0.0416,-0.07819,-0.12495,-0.11423,-0.059285,0.05647,0.033301,0.15917,0.020655,0.019761,0.093072,-0.061917,-0.0014221,0.33905,0.030924,0.048064,0.028134,0.089311
-0.074722,-0.16583,0.53994,-0.2166,0.2864,0.062512,0.32266,-0.081748,0.41721,0.38029,0.36346,0.0058782,0.59161,0.39811,1,0.58684,0.061752,-0.04257,0.16233,-0.12889,0.31662,0.20201,0.40903,0.22703,0.069169,0.066976,-0.027527,0.1739,0.28705,0.34575,0.20148,-0.064883,0.16399,-0.13637,0.14476,-0.14216,0.15695,0.025422,0.26183,0.08891,0.308,0.12072,0.26825,0.17126,-0.1044,-0.057903,-0.083757,0.11595,-0.08621,-0.13747,-0.19124,-0.21323,0.078147,0.037435,-0.084655,-0.047301,-0.018451,-0.11585,-0.0024795,-0.17179,0.25775,-0.13332,0.16308,0.027588,0.20505,-0.035072,0.053769,-0.26871,0.091333,0.012236,0.39077,0.11491,0.2383,0.18687,0.22243,0.17478,0.25275,0.16128,0.24057,0.26667,0.31349,0.20483,0.46759,0.28713,0.39414,0.15229,0.36762,0.25154,0.27621,0.093797
-0.21705,-0.096846,0.46256,0.13375,0.38368,0.3582,0.070985,-0.051588,0.26697,0.51875,-0.053467,-0.062342,0.1825,0.34843,0.58684,1,-0.059196,-0.13219,0.013948,-0.11477,0.37333,0.31873,0.52753,0.53688,0.18828,0.29409,0.15853,0.31548,0.061581,0.38051,0.04267,0.0049864,0.087831,-0.15491,0.18073,-0.025087,0.24772,0.16502,0.42053,0.36309,0.26721,0.19566,0.093773,0.026741,-0.032245,-0.13957,0.13764,0.17466,-0.089296,-0.069532,-0.10466,-0.039949,-0.011744,0.081091,0.019925,0.12317,-0.1627,-0.18173,-0.28236,-0.14366,-0.14426,-0.054415,-0.029217,-0.08299,0.1943,0.23101,0.13442,-0.1167,-0.00309,-0.078391,0.18232,0.2088,0.22783,0.15418,0.23667,0.36037,0.20391,0.15539,0.13489,0.19479,0.1704,0.34451,0.54837,0.49186,0.35097,0.49667,0.12698,0.21886,-0.050378,0.22801
0.42967,0.12206,-0.041921,-0.2177,-0.11854,-0.24649,-0.27944,-0.28513,-0.081413,-0.25022,0.18992,0.22742,0.095315,-0.046025,0.061752,-0.059196,1,0.6311,0.14017,0.26275,0.078225,0.056378,-0.14465,-0.13128,0.0032661,-0.001865,-0.37745,-0.13928,0.64861,0.49791,0.45528,0.25243,0.21225,0.35536,-0.11341,-0.21935,-0.37161,-0.44367,-0.13914,-0.34047,-0.013169,-0.12369,-0.28942,-0.30913,-0.10032,-0.0028234,-0.50578,-0.066405,-0.074909,-0.26926,-0.40879,-0.036326,-0.32808,-0.18614,-0.43125,-0.37561,0.38492,0.22574,-0.13864,-0.42912,-0.29346,-0.34091,0.33361,0.39199,-0.25197,-0.30925,-0.1929,-0.10098,-0.060414,0.35951,0.37813,0.19781,0.16302,0.47283,-0.10965,-0.17986,0.082882,0.17266,0.63436,0.59572,0.62841,0.30065,0.11345,0.19164,0.059595,-0.28945,0.0059887,0.042371,-0.24457,-0.43829
0.32682,0.25279,0.046998,-0.21791,0.10753,-0.22406,-0.36937,-0.40601,-0.11207,-0.24488,0.0035241,0.09357,-0.11169,-0.22854,-0.04257,-0.13219,0.6311,1,0.091891,0.26198,-0.055065,-0.07942,-0.043141,-0.093002,0.22137,0.11714,-0.20802,-0.15519,0.29272,0.25675,0.4406,0.27232,0.21158,0.30717,0.018576,-0.11038,-0.34647,-0.23276,-0.22621,-0.3209,0.061324,-0.13381,-0.21981,-0.20743,-0.0082905,0.026866,-0.39881,-0.10084,-0.084726,-0.142,-0.15349,0.17794,-0.25305,-0.088601,-0.3179,-0.25144,0.34734,0.27714,-0.27391,-0.46217,-0.44692,-0.46224,0.23693,0.27899,-0.11924,-0.28657,-0.20489,-0.17511,-0.068638,0.23473,0.19541,0.066024,-0.084251,0.27,-0.30414,-0.21467,-0.13405,0.0020262,0.36556,0.53111,0.44992,0.26411,-0.098676,-0.029161,0.00034918,-0.25186,-0.0017982,0.058052,-0.24721,-0.29841
0.50325,0.085401,0.23904,-0.3287,-0.27956,-0.35493,-0.0035871,-0.31531,-0.012771,-0.28979,0.34443,0.1666,0.34804,-0.059714,0.16233,0.013948,0.14017,0.091891,1,0.50788,-0.28466,-0.1169,0.044087,-0.15853,-0.40769,-0.54377,-0.034947,-0.21398,0.14195,0.080141,-0.15899,-0.29363,0.47375,0.32313,-0.11473,-0.02163,-0.021881,-0.021824,-0.18912,-0.070262,-0.094013,0.23557,-0.19089,-0.21017,-0.33589,-0.43348,0.040231,0.078904,-0.29704,-0.40752,-0.4464,-0.18791,0.14428,0.14444,0.03747,0.16144,0.49945,0.15006,0.18048,-0.24816,-0.10356,-0.36039,0.5209,0.46296,-0.3057,-0.43971,0.0082201,-0.040345,0.62351,0.48599,-0.0081915,-0.049122,0.18311,0.17811,0.1801,0.087625,0.32949,0.021535,0.10844,-0.19561,0.23671,0.16094,-0.069271,0.00053615,0.025119,-0.30561,-0.13674,-0.055504,-0.028112,-0.18455
0.6503,0.50463,0.017713,-0.07182,-0.29606,-0.26035,-0.1892,-0.1691,-0.10894,-0.35582,0.20009,0.30497,0.054663,-0.15221,-0.12889,-0.11477,0.26275,0.26198,0.50788,1,-0.22739,-0.023075,-0.17174,-0.1612,-0.33496,-0.49661,-0.11905,-0.22331,0.23148,0.2072,-0.18457,-0.23396,0.097293,0.22955,-0.25588,-0.17903,-0.058763,-0.064014,-0.10373,0.017035,-0.032806,0.23393,-0.37268,-0.27862,-0.043645,-0.14053,0.014509,-0.12144,0.10089,-0.13447,-0.17515,0.091174,-0.30951,-0.33544,-0.080788,0.085477,0.42149,0.50075,0.026546,-0.2197,-0.32271,-0.24374,0.30466,0.48533,-0.43159,-0.40821,-0.26151,-0.035443,0.27708,0.50965,0.0097614,0.16475,0.32644,0.36947,0.1125,0.19781,0.16382,0.18778,0.22308,-0.061158,0.23385,0.27775,-0.031322,0.12141,-0.13901,-0.42786,-0.2398,-0.17172,-0.46522,-0.50839
-0.20979,-0.050158,-0.093845,-0.015106,0.15555,0.12966,-0.077968,0.0031017,-0.11014,0.095849,-0.084364,-0.11301,-0.016477,0.036736,0.31662,0.37333,0.078225,-0.055065,-0.28466,-0.22739,1,0.83829,-0.0084452,-0.012929,0.25944,0.29654,0.15686,0.56037,0.42137,0.52112,0.14987,0.06664,0.033219,-0.098071,0.16289,-0.058397,0.40888,0.066086,0.7733,0.49657,0.6275,0.21963,0.24415,0.12816,0.07229,0.18527,0.023191,0.33683,-0.13609,0.2024,0.081284,0.16522,-2.272e-005,-0.061046,-0.030459,-0.014883,-0.14842,-0.1344,-0.075628,0.019462,0.028649,-0.025789,-0.13822,-0.19776,0.20843,0.21894,0.18297,0.051721,-0.13148,0.048693,0.4586,0.35455,0.40321,0.38923,0.42659,0.34017,0.37774,0.5181,0.45957,0.39365,0.34743,0.36898,0.80603,0.66622,0.41463,0.25856,0.29755,0.098848,0.13422,0.074836
-0.046763,0.072186,-0.17208,-0.0073704,0.010031,0.12945,-0.11391,0.013059,-0.15612,-0.012232,-0.0086606,0.022084,-0.028346,-0.011905,0.20201,0.31873,0.056378,-0.07942,-0.1169,-0.023075,0.83829,1,-0.08574,-0.1198,0.079426,0.14378,0.2895,0.65172,0.42489,0.46329,-0.026119,-0.044853,0.059534,-0.061488,0.064123,-0.068568,0.4865,0.21241,0.73999,0.6246,0.57228,0.44365,0.077708,-0.032489,0.057171,0.086307,0.13954,0.27695,-0.14584,0.13942,0.022874,0.13182,0.0055698,-0.11391,0.11169,0.14825,-0.03265,-0.023304,-0.037219,0.038712,-0.011764,-0.042843,-0.055536,-0.11025,0.03631,0.093437,0.13079,0.10622,0.083461,0.12439,0.35677,0.44017,0.52755,0.49447,0.61032,0.47236,0.51151,0.60549,0.45432,0.22011,0.27018,0.3945,0.75775,0.69238,0.3267,0.18246,0.21689,0.025718,0.080226,0.036228
-0.17311,-0.056614,0.81051,0.30167,0.54569,-0.01432,0.33463,-0.070308,-0.031245,0.32383,-0.22912,-0.37283,-0.022661,0.24839,0.40903,0.52753,-0.14465,-0.043141,0.044087,-0.17174,-0.0084452,-0.08574,1,0.8456,0.5795,0.29146,0.27145,0.0095077,-0.31377,-0.1565,0.28879,0.32274,0.35579,0.067224,0.56335,0.30764,0.12501,0.16182,0.0034684,0.07455,0.31478,0.10325,0.42032,0.21479,0.23297,-0.084127,0.025808,-0.076952,0.0044151,0.092875,0.061024,-0.023882,-0.048635,0.12766,-0.020985,0.11336,-0.18768,-0.30086,-0.2061,0.071382,-0.073394,-0.065402,-0.2481,-0.329,0.65469,0.53657,0.40867,0.015806,0.11874,-0.022872,0.21509,0.021471,-0.11852,-0.20634,-0.080183,-0.012323,0.10761,0.046523,-0.047754,-0.0017685,-0.16451,-0.12353,-0.0074607,-0.058737,0.19116,0.42071,0.15688,0.36161,0.09564,0.32311
-0.21278,-0.0032999,0.65395,0.52434,0.41856,0.1071,0.28291,0.12247,-0.047046,0.40357,-0.28156,-0.2912,-0.082465,0.36103,0.22703,0.53688,-0.13128,-0.093002,-0.15853,-0.1612,-0.012929,-0.1198,0.8456,1,0.50383,0.33727,0.19616,0.0092303,-0.31168,-0.12982,0.22604,0.36814,0.19609,0.076242,0.41937,0.2118,0.044178,0.055541,-0.013705,0.042488,0.18738,0.02806,0.20862,0.07718,0.23409,-0.038023,-0.019368,-0.23429,0.037911,0.10924,0.060643,0.033345,-0.2168,-0.082916,-0.10093,-0.013639,-0.24362,-0.20915,-0.29284,0.12375,-0.10737,0.14557,-0.27481,-0.2805,0.51802,0.65782,0.23917,0.052999,-0.12914,-0.14406,0.094094,0.085182,-0.12502,-0.22695,-0.13174,0.0052766,-0.063531,0.014337,-0.093823,-0.0012479,-0.21077,-0.11381,-0.038538,-0.050143,0.10178,0.49461,0.047827,0.28431,-0.076147,0.21799
-0.29399,-0.081302,0.34467,0.18288,0.71118,0.054459,0.07335,-0.16624,-0.22584,0.15954,-0.53304,-0.51703,-0.4496,-0.13699,0.069169,0.18828,0.0032661,0.22137,-0.40769,-0.33496,0.25944,0.079426,0.5795,0.50383,1,0.66275,0.35179,0.1824,-0.21993,-0.15723,0.53042,0.52756,0.26913,0.095793,0.67861,0.31604,0.092962,0.094352,0.089015,0.053605,0.42966,-0.068532,0.46343,0.28263,0.4906,0.28651,-0.13874,-0.11737,0.057926,0.34493,0.326,0.25243,-0.2313,-0.024937,-0.11707,-0.094703,-0.23936,-0.35412,-0.26312,0.065594,-0.16647,-0.08196,-0.43025,-0.52352,0.71952,0.58422,0.34633,0.017654,-0.19762,-0.07276,0.26889,0.086321,-0.22217,-0.17366,-0.17182,-0.11823,-0.13059,0.040113,0.055385,0.26752,-0.11115,-0.16192,-0.023352,-0.086637,0.0036955,0.25234,0.21202,0.27581,0.013654,0.20068
-0.44543,-0.27393,-0.076769,0.25781,0.61336,0.54836,-0.084935,0.11541,0.22634,0.50967,-0.33766,-0.14917,-0.28048,0.14877,0.066976,0.29409,-0.001865,0.11714,-0.54377,-0.49661,0.29654,0.14378,0.29146,0.33727,0.66275,1,0.10759,0.30783,-0.043854,0.08928,0.49996,0.57265,-0.062393,-0.01026,0.28304,0.089255,-0.14479,-0.0053468,0.091581,-0.047175,0.2576,-0.22623,0.15049,0.091211,0.084571,0.11649,-0.21861,-0.067485,-0.0050225,0.23676,0.19473,0.10007,-0.1853,0.014809,-0.20932,-0.21784,-0.37554,-0.32334,-0.34462,0.091989,-0.095991,0.22637,-0.40242,-0.3354,0.34495,0.4793,0.090722,-0.037729,-0.38271,-0.35549,0.15435,0.023583,-0.29047,-0.14172,-0.2541,-0.15743,-0.30005,-0.086756,0.062746,0.41526,0.03393,0.055354,0.086608,-0.020619,0.029764,0.47034,0.15271,0.26705,0.016406,0.31603
-0.17631,-0.06495,0.20277,0.053471,0.37422,0.17467,0.07951,-0.14988,-0.19841,0.030489,-0.36546,-0.42496,-0.36147,-0.28148,-0.027527,0.15853,-0.37745,-0.20802,-0.034947,-0.11905,0.15686,0.2895,0.27145,0.19616,0.35179,0.10759,1,0.67442,-0.46303,-0.45699,-0.36924,-0.25238,0.31504,-0.067646,0.50601,0.50372,0.66188,0.67101,0.29703,0.60846,0.26955,0.55992,0.23535,0.087761,0.41451,-0.024522,0.46409,-0.047141,-0.080471,0.16489,0.31332,0.16289,0.14169,0.039877,0.47295,0.49335,-0.0086119,-0.2644,-0.023461,0.21554,0.063466,-0.04169,-0.11402,-0.35468,0.41756,0.39133,0.34339,0.29504,0.30686,0.076725,-0.22074,-0.05774,0.14752,-0.11183,0.46045,0.49183,0.16387,0.16401,-0.23279,-0.45011,-0.42108,-0.15053,0.021996,0.11935,0.16087,0.32053,0.20333,0.10318,0.27631,0.37939
-0.23902,-0.1071,-0.093763,0.021081,0.21121,0.40966,-0.093097,-0.012637,-0.046602,0.18114,-0.14905,-0.1024,-0.15215,-0.052657,0.1739,0.31548,-0.13928,-0.15519,-0.21398,-0.22331,0.56037,0.65172,0.0095077,0.0092303,0.1824,0.30783,0.67442,1,0.01174,0.046358,-0.16084,-0.12286,0.13095,-0.097491,0.26552,0.25084,0.5347,0.46389,0.53462,0.6011,0.36675,0.52599,0.052614,-0.016766,0.18905,0.025337,0.24854,0.098419,-0.14423,0.12047,0.16344,0.14768,0.075567,-0.065225,0.31391,0.29721,-0.10795,-0.19367,-0.11765,0.10779,0.062459,0.045456,-0.047645,-0.20227,0.16771,0.28319,0.19569,0.26725,0.082413,-0.020554,0.026029,0.13706,0.2987,0.19701,0.49607,0.49476,0.21532,0.3201,0.084502,-0.020844,-0.061791,0.17111,0.44177,0.46041,0.34306,0.42438,0.33781,0.19461,0.27178,0.3073
0.36523,0.10062,-0.2308,-0.23036,-0.28427,-0.15633,-0.23035,-0.10484,0.053605,-0.17745,0.38706,0.4042,0.27597,0.096102,0.28705,0.061581,0.64861,0.29272,0.14195,0.23148,0.42137,0.42489,-0.31377,-0.31168,-0.21993,-0.043854,-0.46303,0.01174,1,0.83411,0.36713,0.15261,0.062955,0.27705,-0.30219,-0.40743,-0.21397,-0.41512,0.18408,-0.12806,0.22828,0.00097142,-0.31571,-0.33818,-0.33648,-0.074898,-0.41587,0.047241,-0.16401,-0.25882,-0.45296,-0.090373,-0.24392,-0.2929,-0.42277,-0.40399,0.25024,0.31079,-0.014565,-0.34566,-0.15591,-0.20751,0.36847,0.48361,-0.45197,-0.41915,-0.26451,-0.11301,-0.098938,0.26156,0.51902,0.40479,0.44355,0.72922,0.21865,0.073155,0.31774,0.38042,0.77218,0.58885,0.76063,0.46855,0.5066,0.42869,0.14324,-0.29512,0.038746,-0.036103,-0.18579,-0.48241
0.22209,0.11761,-0.15463,-0.077261,-0.14314,0.075786,-0.26772,-0.049736,0.15046,0.048514,0.26898,0.39909,0.23891,0.19524,0.34575,0.38051,0.49791,0.25675,0.080141,0.2072,0.52112,0.46329,-0.1565,-0.12982,-0.15723,0.08928,-0.45699,0.046358,0.83411,1,0.32345,0.1604,0.0073471,0.22342,-0.25186,-0.40711,-0.18074,-0.38061,0.35512,0.027689,0.26044,-0.038469,-0.26688,-0.26214,-0.3463,-0.083644,-0.29805,0.1802,-0.13975,-0.19132,-0.37984,-0.023885,-0.22511,-0.21555,-0.41494,-0.34099,0.10897,0.26522,-0.09044,-0.34533,-0.28148,-0.16925,0.25711,0.43454,-0.39618,-0.30599,-0.19253,-0.11809,-0.18802,0.15641,0.46686,0.38711,0.41229,0.67013,0.17768,0.15651,0.24925,0.36305,0.688,0.66458,0.76387,0.63385,0.67814,0.57113,0.21288,-0.10917,-0.04055,-0.048369,-0.28046,-0.38055
-0.035312,-0.16649,0.11786,0.021756,0.16475,-0.16879,0.015747,-0.081647,-0.1314,-0.013229,0.021989,0.079354,0.037782,0.15985,0.20148,0.04267,0.45528,0.4406,-0.15899,-0.18457,0.14987,-0.026119,0.28879,0.22604,0.53042,0.49996,-0.36924,-0.16084,0.36713,0.32345,1,0.82408,0.19179,0.33842,0.2057,-0.13676,-0.49851,-0.4603,-0.19623,-0.48842,0.23974,-0.3388,0.048563,-0.065339,-0.02955,0.13194,-0.70047,-0.21816,-0.090267,-0.0084903,-0.23798,-0.047654,-0.36299,-0.090045,-0.50262,-0.56236,-0.17071,-0.17123,-0.25761,-0.21117,-0.17822,-0.093698,-0.10329,-0.057793,0.19222,0.10873,-0.0097425,-0.17663,-0.28287,-0.020123,0.5487,0.16083,-0.26136,0.036896,-0.4234,-0.52907,-0.18427,-0.046317,0.35042,0.66557,0.31413,-0.0038915,-0.015639,-0.13287,-0.06029,0.01942,0.23896,0.35751,-0.022606,-0.10125
-0.11917,-0.089164,0.019861,0.35348,0.1419,0.014836,0.048944,0.15425,-0.18382,0.089083,-0.12871,0.084204,-0.15178,0.20407,-0.064883,0.0049864,0.25243,0.27232,-0.29363,-0.23396,0.06664,-0.044853,0.32274,0.36814,0.52756,0.57265,-0.25238,-0.12286,0.15261,0.1604,0.82408,1,0.024636,0.27765,0.1408,-0.10922,-0.45597,-0.35273,-0.21743,-0.40948,0.17059,-0.30554,-0.0099401,-0.10793,0.0018007,0.1195,-0.54514,-0.30375,-0.070905,0.079276,-0.10817,-0.012515,-0.35346,-0.12637,-0.39524,-0.45716,-0.28991,-0.15648,-0.29519,-0.026067,-0.21285,0.13173,-0.28963,-0.18601,0.20948,0.3081,-0.023574,-0.097672,-0.33661,-0.19227,0.3629,0.15579,-0.3265,-0.089159,-0.44246,-0.49525,-0.28057,-0.087438,0.16064,0.44147,0.030307,-0.14058,-0.14044,-0.2269,-0.20494,0.13115,0.11492,0.27626,-0.099153,-0.010815
0.19659,-0.18737,0.35876,-0.31512,0.14647,-0.33062,-0.12448,-0.55969,-0.35134,-0.25444,-0.023274,-0.27906,0.020511,-0.18232,0.16399,0.087831,0.21225,0.21158,0.47375,0.097293,0.033219,0.059534,0.35579,0.19609,0.26913,-0.062393,0.31504,0.13095,0.062955,0.0073471,0.19179,0.024636,1,0.69011,0.55554,0.39606,0.10325,-0.0021054,0.029882,0.052551,0.22459,0.2242,0.065671,-0.15809,0.10794,-0.22127,-0.12249,-0.091672,-0.41108,-0.23336,-0.24616,0.013369,-0.086492,-0.098403,-0.090371,-0.018153,0.35832,-0.22471,0.052692,-0.23852,-0.1419,-0.44913,0.42475,0.19236,0.23709,0.081812,0.38319,0.28814,0.34226,0.43268,0.13018,-0.075289,0.072957,0.11518,0.18389,0.10967,0.28894,0.20654,0.29471,0.065817,0.28047,0.073412,0.037917,0.10425,0.2671,-0.03984,-0.032874,0.1177,0.073474,-0.13562
0.36542,0.019342,-0.0072655,-0.080494,-0.1446,-0.27877,-0.34034,-0.31689,-0.34149,-0.28959,0.019122,0.037679,-0.084823,-0.084426,-0.13637,-0.15491,0.35536,0.30717,0.32313,0.22955,-0.098071,-0.061488,0.067224,0.076242,0.095793,-0.01026,-0.067646,-0.097491,0.27705,0.22342,0.33842,0.27765,0.69011,1,0.22238,0.18572,-0.27437,-0.31467,-0.15448,-0.19442,0.067064,-0.013981,-0.27237,-0.37255,-0.047079,-0.19865,-0.36717,-0.28575,-0.27764,-0.26975,-0.35933,0.033183,-0.31629,-0.35389,-0.33556,-0.33353,0.31318,0.091191,0.0041856,-0.26028,-0.34629,-0.2836,0.414,0.45913,-0.15567,-0.04295,0.072743,0.30263,0.022688,0.29254,0.12159,0.035164,-0.038878,0.17378,-0.077727,-0.14067,0.053289,0.14199,0.36509,0.21023,0.39153,0.089329,-0.058136,-0.01947,-0.052343,-0.27705,-0.22044,0.0077835,-0.19921,-0.45524
-0.30358,-0.14929,0.39892,-0.04815,0.516,-0.093122,-0.0015306,-0.32637,-0.32974,0.024527,-0.41094,-0.56971,-0.25678,-0.20543,0.14476,0.18073,-0.11341,0.018576,-0.11473,-0.25588,0.16289,0.064123,0.56335,0.41937,0.67861,0.28304,0.50601,0.26552,-0.30219,-0.25186,0.2057,0.1408,0.55554,0.22238,1,0.72277,0.31384,0.23992,0.18851,0.25049,0.33131,0.15799,0.47265,0.21556,0.50033,0.074208,0.077802,-0.03292,-0.034762,0.14709,0.20957,0.082301,0.0063479,0.048289,0.12709,0.14227,-0.095704,-0.36374,0.083363,0.1796,0.028027,-0.17036,-0.13627,-0.34654,0.68779,0.52258,0.6996,0.44321,0.091246,0.13077,0.072631,-0.17586,-0.17753,-0.21289,0.03851,0.042568,0.12792,0.11619,-0.00082966,0.013779,-0.10759,-0.14115,0.067112,0.1121,0.23589,0.24415,0.21188,0.31228,0.22966,0.26597
-0.20576,-0.10982,0.17364,-0.014353,0.27678,-0.031186,-0.15089,-0.30551,-0.28624,-0.091263,-0.38439,-0.50006,-0.33561,-0.33604,-0.14216,-0.025087,-0.21935,-0.11038,-0.02163,-0.17903,-0.058397,-0.068568,0.30764,0.2118,0.31604,0.089255,0.50372,0.25084,-0.40743,-0.40711,-0.13676,-0.10922,0.39606,0.18572,0.72277,1,0.31741,0.35153,0.068122,0.27477,0.097441,0.21546,0.25855,0.10502,0.27757,-0.14388,0.28827,0.090403,-0.034385,0.038552,0.20654,0.080431,0.23724,0.21776,0.33284,0.38786,-0.044553,-0.26678,0.13667,0.18266,-0.049602,-0.16487,-0.048507,-0.21046,0.3802,0.35378,0.63871,0.61846,0.16841,0.086389,-0.2737,-0.37297,-0.22646,-0.26201,0.063094,0.082394,0.12676,0.015698,-0.18552,-0.2722,-0.24376,-0.20642,-0.081868,0.030244,0.14169,0.19156,0.072562,0.20858,0.21798,0.3359
-0.16527,0.05779,0.18808,-0.040346,0.15628,0.070309,0.13359,-0.042608,-0.14161,0.0077357,-0.24067,-0.37645,-0.1308,-0.19661,0.15695,0.24772,-0.37161,-0.34647,-0.021881,-0.058763,0.40888,0.4865,0.12501,0.044178,0.092962,-0.14479,0.66188,0.5347,-0.21397,-0.18074,-0.49851,-0.45597,0.10325,-0.27437,0.31384,0.31741,1,0.76112,0.67473,0.83304,0.41551,0.67084,0.31759,0.18358,0.34776,-0.0025576,0.66996,0.26122,-0.026962,0.095533,0.24063,0.029509,0.29784,0.071874,0.60261,0.62908,0.0068538,-0.14514,0.17689,0.27536,0.23152,-0.0061279,-0.13714,-0.35322,0.3019,0.20386,0.27887,0.16352,0.27702,0.085432,-0.08832,0.073076,0.43148,0.14204,0.67231,0.65385,0.46683,0.44442,-0.061687,-0.36027,-0.23568,0.06034,0.40417,0.46422,0.37645,0.21358,0.28326,0.061525,0.32544,0.30416
-0.18001,0.036059,0.12958,0.029656,0.25623,0.24076,0.081368,0.0027854,0.016243,0.149,-0.23911,-0.27021,-0.22584,-0.15747,0.025422,0.16502,-0.44367,-0.23276,-0.021824,-0.064014,0.066086,0.21241,0.16182,0.055541,0.094352,-0.0053468,0.67101,0.46389,-0.41512,-0.38061,-0.4603,-0.35273,-0.0021054,-0.31467,0.23992,0.35153,0.76112,1,0.34317,0.64175,0.21306,0.65264,0.14964,0.10444,0.26619,-0.1432,0.60442,0.095575,-0.025784,0.01923,0.2533,-0.04731,0.28662,0.15527,0.64226,0.67251,-0.057178,-0.10278,0.018381,0.24411,0.13194,0.044367,-0.19677,-0.33026,0.2207,0.16192,0.1474,0.10084,0.27182,-0.048709,-0.25667,-0.092106,0.14733,-0.042735,0.41867,0.49688,0.25154,0.22318,-0.28731,-0.46264,-0.40869,-0.065975,0.043431,0.155,0.18301,0.28372,0.23211,0.12719,0.30287,0.46512
-0.17989,0.015733,-0.011366,-0.031839,0.10515,0.13829,-0.046202,-0.050505,-0.09513,0.059135,-0.17011,-0.20852,-0.033957,-0.076424,0.26183,0.42053,-0.13914,-0.22621,-0.18912,-0.10373,0.7733,0.73999,0.0034684,-0.013705,0.089015,0.091581,0.29703,0.53462,0.18408,0.35512,-0.19623,-0.21743,0.029882,-0.15448,0.18851,0.068122,0.67473,0.34317,1,0.753,0.54523,0.39072,0.2077,0.13117,0.13031,0.051236,0.37321,0.43707,-0.13488,0.10273,0.11475,0.10639,0.17537,0.009094,0.32085,0.33119,-0.068318,-0.1118,0.051957,0.075863,0.055019,-0.065572,-0.074803,-0.1875,0.18526,0.15885,0.24102,0.12825,-0.035574,0.036141,0.15591,0.1611,0.40821,0.29148,0.51761,0.51313,0.3982,0.48689,0.2544,0.14092,0.1877,0.35373,0.8072,0.73233,0.47544,0.24704,0.25479,0.062879,0.19746,0.16223
-0.15797,0.14109,0.050039,0.08725,0.12951,0.19093,0.0049352,-0.0062353,-0.13304,0.056009,-0.25208,-0.28669,-0.17783,-0.16706,0.08891,0.36309,-0.34047,-0.3209,-0.070262,0.017035,0.49657,0.6246,0.07455,0.042488,0.053605,-0.047175,0.60846,0.6011,-0.12806,0.027689,-0.48842,-0.40948,0.052551,-0.19442,0.25049,0.27477,0.83304,0.64175,0.753,1,0.36722,0.62677,0.20055,0.098855,0.26895,-0.038094,0.63695,0.32047,-0.045255,0.15753,0.2474,0.14215,0.2381,0.017293,0.54368,0.61778,-0.041897,-0.061715,0.10199,0.22743,0.046372,-0.0044466,-0.10574,-0.24627,0.19981,0.2445,0.29817,0.22811,0.19111,0.049342,-0.086939,0.15552,0.43794,0.20765,0.64442,0.65118,0.45523,0.46154,0.020028,-0.22338,-0.12388,0.21826,0.56526,0.62353,0.30377,0.26271,0.11605,-0.0043343,0.16949,0.24731
-0.036762,0.05983,0.17034,0.023566,0.3075,0.0059016,0.026907,-0.11355,-0.15156,0.037684,-0.099953,-0.21381,-0.063468,0.0090712,0.308,0.26721,-0.013169,0.061324,-0.094013,-0.032806,0.6275,0.57228,0.31478,0.18738,0.42966,0.2576,0.26955,0.36675,0.22828,0.26044,0.23974,0.17059,0.22459,0.067064,0.33131,0.097441,0.41551,0.21306,0.54523,0.36722,1,0.36566,0.27774,0.10074,0.15051,0.02638,0.0031832,0.063152,-0.098136,0.19618,0.19219,0.19,-0.095356,-0.12229,0.013625,0.068328,-0.040267,-0.11,-0.10013,0.025609,-0.048292,-0.13289,-0.15188,-0.21911,0.35604,0.24923,0.23186,0.045846,0.069199,0.15107,0.42629,0.22404,0.21581,0.22615,0.2789,0.22038,0.31905,0.45818,0.34436,0.22518,0.18886,0.17765,0.49358,0.34512,0.39615,0.22376,0.36805,0.27155,0.1622,0.093913
0.11171,0.15176,0.14834,-0.021597,-0.033788,0.0084349,0.01661,-0.072612,-0.15724,-0.11882,-0.001434,-0.065813,-0.043039,-0.079553,0.12072,0.19566,-0.12369,-0.13381,0.23557,0.23393,0.21963,0.44365,0.10325,0.02806,-0.068532,-0.22623,0.55992,0.52599,0.00097142,-0.038469,-0.3388,-0.30554,0.2242,-0.013981,0.15799,0.21546,0.67084,0.65264,0.39072,0.62677,0.36566,1,-0.07506,-0.16783,0.17453,-0.20991,0.39179,-0.020344,-0.12507,-0.11876,-0.019827,-0.047647,0.092742,-0.12936,0.47209,0.53408,0.15423,0.03999,0.079469,0.12076,0.054501,-0.069187,0.087845,-0.086309,0.0042128,0.025969,0.092498,0.17454,0.36714,0.19071,0.0037715,0.25184,0.50456,0.35885,0.63606,0.61861,0.44111,0.42495,0.058803,-0.31377,-0.12471,0.12309,0.25486,0.42241,0.26018,0.12523,0.23514,0.17025,0.20782,0.11215
-0.3691,-0.16143,0.34539,0.022652,0.44015,-0.052359,0.33422,0.058193,-0.012751,0.19703,-0.17552,-0.45745,-0.0069889,0.084594,0.26825,0.093773,-0.28942,-0.21981,-0.19089,-0.37268,0.24415,0.077708,0.42032,0.20862,0.46343,0.15049,0.23535,0.052614,-0.31571,-0.26688,0.048563,-0.0099401,0.065671,-0.27237,0.47265,0.25855,0.31759,0.14964,0.2077,0.20055,0.27774,-0.07506,1,0.87056,0.41937,0.41668,0.20839,0.29478,0.25174,0.45613,0.44052,-0.020609,0.2194,0.28683,0.089832,0.13374,-0.28055,-0.38841,0.076159,0.30695,0.30709,0.067555,-0.45528,-0.59156,0.71037,0.42857,0.49795,0.022639,0.075456,-0.029329,0.14614,-0.080288,-0.066791,-0.24839,0.016291,-0.012785,0.16557,0.12148,-0.099992,-0.0073579,-0.22241,-0.22798,0.10407,-0.040484,0.13211,0.21933,0.20027,0.056234,0.29666,0.38422
-0.31306,-0.052622,0.19289,0.044379,0.35332,0.050037,0.26151,0.14773,0.14414,0.26108,-0.10728,-0.28562,0.0088604,0.11551,0.17126,0.026741,-0.30913,-0.20743,-0.21017,-0.27862,0.12816,-0.032489,0.21479,0.07718,0.28263,0.091211,0.087761,-0.016766,-0.33818,-0.26214,-0.065339,-0.10793,-0.15809,-0.37255,0.21556,0.10502,0.18358,0.10444,0.13117,0.098855,0.10074,-0.16783,0.87056,1,0.33936,0.49955,0.24028,0.3472,0.33694,0.46945,0.52336,0.028586,0.22912,0.28629,0.11042,0.14953,-0.2853,-0.24728,0.0041785,0.24286,0.24255,0.1073,-0.47029,-0.51223,0.49836,0.27274,0.28895,-0.073206,-0.0089545,-0.10327,-0.0051787,-0.14273,-0.13876,-0.26924,-0.11503,-0.048284,0.0094633,-0.0098113,-0.20299,-0.016845,-0.25174,-0.21342,0.011143,-0.13196,-0.016419,0.12078,0.095827,-0.039304,0.16384,0.32537
-0.14119,0.09841,0.22474,0.040825,0.31586,-0.10723,0.013127,-0.092615,-0.30724,-0.062069,-0.41033,-0.42724,-0.33708,-0.18549,-0.1044,-0.032245,-0.10032,-0.0082905,-0.33589,-0.043645,0.07229,0.057171,0.23297,0.23409,0.4906,0.084571,0.41451,0.18905,-0.33648,-0.3463,-0.02955,0.0018007,0.10794,-0.047079,0.50033,0.27757,0.34776,0.26619,0.13031,0.26895,0.15051,0.17453,0.41937,0.33936,1,0.58511,0.20316,-0.11979,0.43532,0.41385,0.48432,0.23399,-0.24345,-0.30177,0.11632,0.090423,-0.12501,-0.15689,-0.0025135,0.22623,3.3071e-005,0.0066145,-0.35284,-0.45832,0.49252,0.34659,0.23613,0.16179,-0.11297,0.010184,0.025256,0.14663,0.056324,-0.077128,0.073531,0.11427,0.029603,0.2141,-0.064145,-0.088084,-0.24831,-0.1547,-0.059711,0.040291,0.042742,0.00037309,0.082223,0.02734,-0.069482,-0.05881
-0.23065,0.088336,-0.071088,0.073985,0.069805,-0.043466,0.057068,0.16355,-0.1217,0.022374,-0.16867,-0.089653,-0.1143,-0.021064,-0.057903,-0.13957,-0.0028234,0.026866,-0.43348,-0.14053,0.18527,0.086307,-0.084127,-0.038023,0.28651,0.11649,-0.024522,0.025337,-0.074898,-0.083644,0.13194,0.1195,-0.22127,-0.19865,0.074208,-0.14388,-0.0025576,-0.1432,0.051236,-0.038094,0.02638,-0.20991,0.41668,0.49955,0.58511,1,-0.051203,0.017434,0.50977,0.62092,0.47014,0.32304,-0.19475,-0.19087,-0.098091,-0.1796,-0.2807,-0.048582,0.029997,0.23545,0.10671,0.15165,-0.40595,-0.40363,0.25116,0.18354,0.030152,-0.017523,-0.31649,-0.14147,0.15889,0.20488,0.035917,-0.059498,-0.11878,-0.09063,-0.19478,0.049747,0.009343,0.19349,-0.13939,-0.15617,0.010108,-0.032254,-0.14028,-0.096821,0.054168,-0.099353,-0.12128,-0.14059
-0.20844,0.14365,0.063033,0.061635,0.13324,0.18304,0.037379,0.031035,0.10211,0.074696,-0.29261,-0.30363,-0.18411,-0.21252,-0.083757,0.13764,-0.50578,-0.39881,0.040231,0.014509,0.023191,0.13954,0.025808,-0.019368,-0.13874,-0.21861,0.46409,0.24854,-0.41587,-0.29805,-0.70047,-0.54514,-0.12249,-0.36717,0.077802,0.28827,0.66996,0.60442,0.37321,0.63695,0.0031832,0.39179,0.20839,0.24028,0.20316,-0.051203,1,0.47926,0.091157,0.1336,0.41303,0.21264,0.50431,0.28171,0.67001,0.722,-0.040491,-0.030723,0.17293,0.24488,0.079036,0.01594,-0.16203,-0.22282,0.10067,0.11086,0.20572,0.17656,0.2533,-0.028588,-0.42874,-0.067669,0.19146,-0.07533,0.35955,0.47616,0.2054,0.11953,-0.32677,-0.52606,-0.34652,0.035895,0.13464,0.22631,0.15534,0.1846,-0.11468,-0.18798,0.12777,0.31332
-0.15532,-0.003465,-0.046478,-0.21504,0.082216,0.0061487,-0.12931,-0.17141,0.086145,-0.0063541,-0.1648,-0.2061,-0.02218,-0.18306,0.11595,0.17466,-0.066405,-0.10084,0.078904,-0.12144,0.33683,0.27695,-0.076952,-0.23429,-0.11737,-0.067485,-0.047141,0.098419,0.047241,0.1802,-0.21816,-0.30375,-0.091672,-0.28575,-0.03292,0.090403,0.26122,0.095575,0.43707,0.32047,0.063152,-0.020344,0.29478,0.3472,-0.11979,0.017434,0.47926,1,-0.032198,0.12182,0.17891,0.17831,0.55055,0.61003,0.35815,0.45255,0.010466,-0.14653,0.10464,-0.031294,-0.028359,-0.22057,-0.082039,-0.14622,0.080021,-0.087011,0.33198,0.030574,0.14543,0.11592,-0.0090462,-0.088616,0.10502,0.072418,0.14411,0.12142,0.30461,0.15571,0.075363,0.10535,0.17718,0.26132,0.42867,0.35673,0.2972,0.10713,0.033968,-0.041616,0.14663,0.29158
-0.018308,0.22346,-0.035708,0.12135,0.094411,0.10456,-0.0028016,0.21945,0.12831,0.17321,-0.102,0.018187,-0.19005,0.046547,-0.08621,-0.089296,-0.074909,-0.084726,-0.29704,0.10089,-0.13609,-0.14584,0.0044151,0.037911,0.057926,-0.0050225,-0.080471,-0.14423,-0.16401,-0.13975,-0.090267,-0.070905,-0.41108,-0.27764,-0.034762,-0.034385,-0.026962,-0.025784,-0.13488,-0.045255,-0.098136,-0.12507,0.25174,0.33694,0.43532,0.50977,0.091157,-0.032198,1,0.50537,0.44813,0.15857,-0.26204,-0.091733,-0.11254,-0.074852,-0.2471,0.14064,0.046908,0.26993,0.04317,0.22327,-0.41445,-0.20248,0.01242,0.08113,-0.018606,0.043823,-0.12779,-0.064536,0.0020323,0.021811,-0.034642,-0.071081,-0.15848,-0.066685,-0.033606,0.037702,-0.12128,-0.045933,-0.16148,-0.13827,-0.13612,-0.072157,-0.31603,-0.096869,-0.067593,-0.038377,-0.29629,-0.066839
-0.27575,0.091361,-0.091195,0.29815,0.27275,0.18996,0.13424,0.3001,-0.039606,0.19919,-0.22275,-0.1478,-0.25103,0.05214,-0.13747,-0.069532,-0.26926,-0.142,-0.40752,-0.13447,0.2024,0.13942,0.092875,0.10924,0.34493,0.23676,0.16489,0.12047,-0.25882,-0.19132,-0.0084903,0.079276,-0.23336,-0.26975,0.14709,0.038552,0.095533,0.01923,0.10273,0.15753,0.19618,-0.11876,0.45613,0.46945,0.41385,0.62092,0.1336,0.12182,0.50537,1,0.73186,0.55464,-0.13455,-0.024789,0.014346,0.058021,-0.31537,-0.067969,-0.02794,0.48057,0.10478,0.29721,-0.5296,-0.4184,0.40142,0.52658,0.28164,0.2093,-0.17675,-0.14407,0.13673,0.085727,-0.080581,-0.22771,-0.11194,-0.047704,-0.08251,0.095464,-0.093122,0.034187,-0.24872,-0.16355,-0.00024381,-0.060696,-0.17173,0.27494,-0.0033349,-0.087826,-0.1186,0.172
-0.31268,0.10536,-0.062161,0.13876,0.41618,0.25988,0.032732,0.12013,0.037719,0.17344,-0.31866,-0.32638,-0.33163,-0.13127,-0.19124,-0.10466,-0.40879,-0.15349,-0.4464,-0.17515,0.081284,0.022874,0.061024,0.060643,0.326,0.19473,0.31332,0.16344,-0.45296,-0.37984,-0.23798,-0.10817,-0.24616,-0.35933,0.20957,0.20654,0.24063,0.2533,0.11475,0.2474,0.19219,-0.019827,0.44052,0.52336,0.48432,0.47014,0.41303,0.17891,0.44813,0.73186,1,0.57655,0.12644,0.068285,0.19807,0.22781,-0.25763,-0.081064,-0.012647,0.332,0.06319,0.12198,-0.48592,-0.45238,0.4052,0.37426,0.20622,0.16372,-0.11117,-0.14541,-0.16008,-0.11214,-0.1755,-0.31049,-0.10903,0.049926,-0.14722,0.0012994,-0.25732,-0.16738,-0.36376,-0.20048,-0.08548,-0.13235,-0.043257,0.22141,-0.070506,-0.14863,0.0085342,0.26607
