1,0.45463,-0.039195,0.094696,-0.49157,-0.39749,0.077761,-0.13427,-0.41686,-0.27597,0.31539,0.05789,0.22996,-0.026695,-0.3569,-0.26474,0.18144,0.2441,0.41101,0.086166,-0.18019,-0.22807,-0.036256,-0.098687,-0.23609,-0.2939,-0.38757,-0.43738,0.042266,0.11686,-0.039936,-0.060755,-0.15225,-0.28371,-0.34541,-0.42468,-0.028441,-0.077748,-0.21369,-0.10196,-0.16869,0.12003,0.084822,-0.029095,0.067715,0.086269,0.040817,0.0373,0.13391,0.18117,0.11572,-0.024367,0.033903,-0.10787,-0.10177,-0.16096,0.70295,0.33258,0.28409,0.20889,0.30854,0.071295,0.17599,0.099688,-0.0016153,-0.020542,0.060955,-0.32538,0.62975,-0.007798,-0.055908,-0.013584,0.11721,0.2016,-0.04209,-0.29826,0.01584,-0.16174,0.1838,0.34606,0.091912,0.13492,-0.040901,-0.057408,-0.14196,-0.19556,-0.15739,-0.13867,-0.43332,-0.36473
0.45463,1,0.046273,0.18692,-0.63799,-0.57464,-0.17553,0.039888,-0.57996,-0.63744,-0.32007,-0.069822,-0.41573,-0.27104,-0.36369,-0.44033,0.15699,0.28947,0.45652,0.42639,0.14154,-0.072338,-0.28196,-0.41667,-0.49113,-0.45972,-0.48382,-0.34689,0.24547,0.32271,-0.15616,-0.20421,-0.32446,-0.38188,-0.33961,-0.39955,-0.10395,0.11381,-0.035863,0.088713,-0.026539,0.10356,0.061665,0.11603,0.04373,0.22578,0.2019,0.27252,0.26663,0.36529,0.1337,0.073704,0.17937,0.16968,0.14064,0.10789,0.51764,0.7785,0.53329,0.74022,0.0094216,0.42991,-0.12495,0.44166,-0.14283,0.15717,0.36003,0.024199,0.78558,0.32824,0.0093367,-0.14089,0.26807,0.15709,-0.10177,-0.11857,-0.16228,-0.23934,0.23143,0.24874,0.15573,0.19092,0.01738,0.12016,-0.30796,-0.011707,-0.087518,-0.031798,-0.32486,-0.12944
-0.039195,0.046273,1,0.66247,0.0039377,-0.11235,0.60721,0.27804,0.036036,-0.046856,0.035928,-0.11326,0.09836,-0.19059,0.17355,0.066377,-0.19879,-0.30631,0.2037,0.44076,0.21694,0.19166,0.55038,0.50249,0.36146,0.27714,0.10486,0.12972,0.056106,-0.028059,0.31098,0.23676,-0.24136,-0.14564,0.46786,0.44247,0.015073,0.13294,0.081905,0.17294,0.093377,0.082383,0.038885,0.096945,0.011659,-0.19214,0.0067333,-0.034148,-0.17704,-0.31802,0.077819,-0.011555,-0.18169,-0.25491,0.069372,-0.0025066,-0.1433,0.0093871,0.15629,0.012199,-0.042325,-0.32035,-0.36802,-0.46889,0.46893,0.11294,0.31198,0.36452,0.002903,0.24519,0.12392,-0.011687,-0.011895,0.048971,-0.084259,0.010064,0.18305,0.083224,-0.025608,-0.11024,-0.054152,-0.27547,0.194,-0.080902,0.35505,0.37205,0.20618,0.19202,0.20646,0.19373
0.094696,0.18692,0.66247,1,-0.24737,-0.23477,0.44553,0.54102,-0.12001,-0.082039,-0.028396,-0.07247,0.019264,-0.11831,0.010752,0.10954,-0.19813,-0.23257,0.49624,0.56894,0.12613,0.14389,0.57533,0.62863,0.18661,0.2478,-0.062136,-0.012809,0.014397,0.061589,0.34642,0.37223,-0.14402,-0.020491,0.40381,0.37979,-0.093669,-0.026976,-0.043279,0.073317,-0.044705,0.1295,0.18954,0.30837,0.22538,0.089249,0.052009,-0.010357,-0.045118,-0.11173,0.079966,0.19055,-0.39123,-0.41168,-0.21053,-0.23367,0.075944,0.17092,0.165,0.12825,-0.069423,-0.12888,-0.50527,-0.3759,0.5357,0.40823,0.3321,0.36121,0.22682,0.30094,0.303,0.11344,0.14723,0.11004,0.0032402,-0.11547,0.20858,0.18309,0.029577,0.069261,-0.15506,-0.19656,0.078716,0.051701,0.16663,0.54231,-0.017843,0.16992,-0.16705,0.011835
-0.49157,-0.63799,0.0039377,-0.24737,1,0.89203,-0.015076,-0.062133,0.91727,0.82608,0.2154,0.18202,0.29633,0.40221,0.71869,0.62213,-0.22887,-0.21013,-0.52695,-0.34175,0.12587,0.21681,0.051657,0.16317,0.56565,0.60582,0.74473,0.78574,-0.015936,-0.14649,0.048704,0.022424,0.1839,0.20471,0.26892,0.32258,-0.031584,0.039294,0.20058,0.064859,0.20722,-0.18585,-0.19611,-0.24983,-0.37573,-0.51978,-0.18516,-0.24768,-0.36735,-0.50132,-0.29181,-0.34707,0.1383,-0.0083083,0.16494,0.13875,-0.59923,-0.64989,-0.4505,-0.55407,-0.16552,-0.3951,0.17618,-0.33314,-0.11619,-0.35586,-0.28944,-0.004527,-0.67031,-0.17215,-0.25598,-0.052963,-0.27695,-0.22547,0.098473,0.47078,-0.096954,-0.02957,-0.22349,-0.40447,0.0019453,-0.073615,0.099383,-0.030483,0.31403,-0.0016471,0.23931,0.11261,0.57842,0.39915
-0.39749,-0.57464,-0.11235,-0.23477,0.89203,1,-0.081421,0.033614,0.85131,0.89333,0.17508,0.32871,0.23061,0.54365,0.62034,0.69101,-0.24689,-0.09126,-0.54308,-0.40284,0.081287,0.26883,-0.032391,0.10368,0.40487,0.58919,0.67064,0.78047,-0.083742,-0.13168,0.068366,0.088593,0.19609,0.19701,0.12222,0.19396,-0.15451,-0.082163,0.10359,-0.036592,0.13694,-0.17582,-0.28587,-0.28079,-0.32317,-0.45298,-0.32837,-0.37029,-0.27325,-0.32632,-0.2868,-0.23724,-0.0063166,-0.016743,-0.031188,0.04119,-0.52053,-0.59539,-0.38119,-0.51008,-0.11087,-0.29771,0.18422,-0.19892,-0.16805,-0.30088,-0.2863,-0.034845,-0.61996,-0.22747,-0.25778,0.060644,-0.34043,-0.27443,0.038049,0.3599,-0.21693,-0.10302,-0.27449,-0.36242,-0.063323,-0.020103,0.14663,-0.02284,0.1178,0.014752,0.25637,0.22354,0.48729,0.42222
0.077761,-0.17553,0.60721,0.44553,-0.015076,-0.081421,1,0.54452,0.058429,0.16183,0.17646,0.083043,0.3777,0.09673,0.11479,0.12562,-0.19024,-0.40026,0.31557,0.36397,-0.018202,-0.094303,0.50621,0.55195,0.30346,0.2609,0.084623,-0.066991,-0.030395,-0.016697,0.29678,0.24228,-0.014221,0.20182,0.38551,0.438,-0.15593,-0.11591,-0.22339,-0.11429,-0.25347,-0.11964,-0.062683,-0.10676,0.40484,0.13664,-0.14274,-0.20877,0.036678,-0.050456,0.16037,0.20455,-0.41962,-0.30229,-0.33712,-0.33145,-0.12042,-0.21662,0.22881,-0.042101,0.32553,-0.073949,-0.12589,-0.31783,0.66111,0.36886,0.17678,0.25721,-0.018068,0.26778,0.28502,0.1787,-0.15388,0.036168,-0.064101,-0.22303,0.20016,0.1845,-0.036514,-0.081488,-0.17174,-0.10955,-0.14982,-0.098629,0.12765,0.19522,-0.15201,-0.16412,-0.020917,-0.032041
-0.13427,0.039888,0.27804,0.54102,-0.062133,0.033614,0.54452,1,0.066153,0.19462,-0.12529,0.22638,0.015062,0.36092,0.012598,0.18915,-0.29024,-0.2288,0.29846,0.42331,0.01714,-0.095765,0.21728,0.33207,0.053883,0.2,0.034194,0.037222,-0.038849,0.055532,0.22593,0.22019,0.0089468,0.21422,0.1734,0.29875,-0.30099,-0.22352,-0.24406,-0.1823,-0.28692,-0.25218,-0.2155,-0.13806,0.3285,0.22754,-0.21102,-0.25868,0.11581,0.1498,-0.0095916,0.30764,-0.41902,-0.29253,-0.43004,-0.3637,-0.13156,0.0028148,0.27756,0.22191,0.17773,0.31562,-0.26166,0.077927,0.35843,0.54246,0.22686,0.35875,-0.0044951,0.33308,0.35441,0.18294,-0.15006,-0.22315,-0.16681,-0.2194,0.081852,0.15057,-0.10034,-0.12906,-0.24131,0.01752,-0.20372,-0.012694,-0.2225,0.23786,-0.2012,-0.10578,-0.12661,0.033849
-0.41686,-0.57996,0.036036,-0.12001,0.91727,0.85131,0.058429,0.066153,1,0.82763,0.26778,0.25747,0.40861,0.4956,0.78351,0.60267,-0.19517,-0.16824,-0.42628,-0.32542,0.086808,0.16328,0.069395,0.21275,0.52529,0.62472,0.63694,0.67394,0.081331,-0.041732,0.11633,0.099982,0.22828,0.26118,0.20829,0.28091,-0.18484,-0.1501,0.11123,-0.035063,0.10343,-0.21092,-0.15251,-0.19576,-0.32663,-0.4294,-0.16236,-0.24016,-0.39049,-0.42563,-0.30626,-0.30997,0.095864,-0.021051,0.053719,0.021705,-0.5347,-0.61312,-0.48185,-0.51904,-0.14619,-0.34965,0.25978,-0.29581,-0.06091,-0.285,-0.32106,-0.055516,-0.62563,-0.20639,-0.28123,0.025196,-0.26559,-0.20137,0.12902,0.37918,-0.15597,-0.13206,-0.09235,-0.27315,0.061393,0.040759,0.053583,0.018994,0.23413,0.020477,0.10427,0.046304,0.50805,0.25797
-0.27597,-0.63744,-0.046856,-0.082039,0.82608,0.89333,0.16183,0.19462,0.82763,1,0.28462,0.34484,0.42444,0.63264,0.62067,0.78361,-0.28781,-0.2292,-0.38617,-0.33974,0.012308,0.22059,0.12081,0.32128,0.46615,0.61903,0.64668,0.67768,-0.10441,-0.097366,0.16173,0.17956,0.22354,0.28462,0.14828,0.25476,-0.12869,-0.11435,-0.030221,-0.063422,0.033771,-0.13988,-0.26297,-0.31872,-0.19774,-0.37991,-0.37398,-0.44519,-0.29988,-0.34011,-0.3,-0.19069,-0.19102,-0.21557,-0.20813,-0.14989,-0.49037,-0.67919,-0.35989,-0.52391,-0.045039,-0.28113,0.1857,-0.26411,-0.0017073,-0.19497,-0.28344,-0.047107,-0.58203,-0.19538,-0.16839,0.14699,-0.35642,-0.17994,0.073712,0.22836,-0.076861,0.013878,-0.25153,-0.30127,-0.10549,0.0054716,0.05702,-0.042198,0.13845,0.049761,0.1409,0.1485,0.34529,0.31627
0.31539,-0.32007,0.035928,-0.028396,0.2154,0.17508,0.17646,-0.12529,0.26778,0.28462,1,0.43362,0.8221,0.41429,0.30092,0.22871,0.32072,0.18927,0.051249,-0.16849,-0.18212,-0.051155,0.21599,0.32342,0.246,0.24615,0.038327,-0.044987,0.24693,0.093908,0.45829,0.4373,0.289,0.19926,-0.14542,-0.194,-0.019784,-0.11261,-0.20876,-0.25968,-0.005281,-0.041905,-0.0037072,-0.28955,-0.14743,-0.2146,-0.25863,-0.33088,-0.36885,-0.36481,-0.31535,-0.39215,-0.045076,-0.35182,-0.094507,-0.36444,0.16342,-0.31889,-0.45476,-0.57881,0.15776,-0.43442,0.41633,-0.24393,0.10698,-0.18683,-0.52499,-0.57829,-0.16118,-0.40117,-0.25005,0.017806,0.012247,0.12738,0.096238,-0.04613,0.21475,-0.016054,0.25716,0.23652,0.23122,0.083877,0.37058,-0.302,0.21653,-0.33405,0.27205,-0.028738,0.031326,-0.29207
0.05789,-0.069822,-0.11326,-0.07247,0.18202,0.32871,0.083043,0.22638,0.25747,0.34484,0.43362,1,0.38579,0.73533,0.20585,0.36895,0.1736,0.22625,-0.073798,-0.15674,-0.057294,0.049463,-0.043501,0.17667,0.047426,0.20237,0.014438,0.068327,0.31894,0.34334,0.21135,0.22582,0.30846,0.28429,-0.12671,-0.11075,-0.075153,-0.13895,-0.13026,-0.18323,0.025353,-0.076477,-0.33508,-0.5059,0.0070397,0.056197,-0.45796,-0.47481,-0.30222,-0.11429,-0.38472,-0.11818,-0.25845,-0.25553,-0.31477,-0.34034,-0.13706,-0.32828,-0.25951,-0.24752,0.13149,-0.11284,0.43488,0.17834,-0.06514,0.081019,-0.28974,-0.27324,-0.17883,-0.3151,-0.13109,0.097128,0.056827,0.1455,0.080462,-0.010968,0.17682,0.078018,0.18016,0.095407,0.29107,0.34484,0.19292,-0.029876,-0.17262,-0.1008,0.047702,-0.033253,-0.066056,0.0020041
0.22996,-0.41573,0.09836,0.019264,0.29633,0.23061,0.3777,0.015062,0.40861,0.42444,0.8221,0.38579,1,0.52937,0.45694,0.37556,0.067199,-0.053618,0.007683,-0.20539,-0.13728,-0.064688,0.33879,0.42063,0.34305,0.34102,0.155,0.045649,0.19097,0.06418,0.38762,0.36812,0.20578,0.22757,-0.0010852,0.034801,-0.077628,-0.17616,-0.22511,-0.24277,-0.070547,-0.079488,0.10047,-0.24327,0.026493,-0.13072,-0.16686,-0.24988,-0.33556,-0.27342,-0.18829,-0.23353,-0.057572,-0.2268,-0.16167,-0.31315,-0.014931,-0.43305,-0.36838,-0.477,0.25454,-0.33445,0.37868,-0.26183,0.28636,-0.019032,-0.42703,-0.4447,-0.22464,-0.3682,-0.17955,0.16877,-0.081742,0.099833,0.10213,-0.041836,0.13953,-0.031957,0.17741,0.11761,0.092404,0.080235,0.1536,-0.22622,0.20134,-0.21073,0.046993,-0.18073,0.057717,-0.17849
-0.026695,-0.27104,-0.19059,-0.11831,0.40221,0.54365,0.09673,0.36092,0.4956,0.63264,0.41429,0.73533,0.52937,1,0.36062,0.56162,-0.073255,0.044216,-0.16111,-0.26965,-0.074566,-0.080491,0.051124,0.1835,0.274,0.41086,0.29523,0.27499,0.1403,0.14586,0.27324,0.25863,0.30474,0.29044,-0.18533,-0.08214,-0.25817,-0.31447,-0.29341,-0.35273,-0.14078,-0.27773,-0.27044,-0.49881,0.011373,-0.084954,-0.39118,-0.46144,-0.2048,-0.070777,-0.27464,-0.090332,-0.15235,-0.22911,-0.39044,-0.41335,-0.23529,-0.42786,-0.23009,-0.26118,0.22166,0.007281,0.35367,0.19557,-0.012606,0.063759,-0.28463,-0.32777,-0.27617,-0.24993,-0.10751,0.28237,-0.16011,-0.10658,0.0022387,-0.000709,0.053897,-0.035215,0.046609,-0.013588,0.088203,0.33433,-0.0043086,-0.13346,-0.18935,-0.15866,-0.059214,-0.17664,-0.051198,0.013234
-0.3569,-0.36369,0.17355,0.010752,0.71869,0.62034,0.11479,0.012598,0.78351,0.62067,0.30092,0.20585,0.45694,0.36062,1,0.70517,-0.059571,-0.10991,-0.23062,-0.10878,0.4193,0.43764,0.13647,0.22177,0.44011,0.61395,0.58527,0.68773,0.3866,0.28551,0.26365,0.23574,0.061044,0.16129,0.18706,0.30941,-0.13496,0.0018464,0.12099,0.16683,0.19708,-0.00017189,0.066442,-0.021516,-0.21127,-0.3128,0.052172,-0.012239,-0.39815,-0.4041,-0.29427,-0.36444,0.099776,0.0293,0.20484,0.093135,-0.39775,-0.34338,-0.37578,-0.35587,-0.15754,-0.33107,0.16024,-0.25733,0.12269,-0.12035,-0.35594,-0.1231,-0.39814,-0.15252,-0.22395,0.082634,-0.056244,0.044699,0.22031,0.38697,-0.11129,-0.13491,0.18179,-0.057193,0.22349,0.16098,0.2395,0.16613,0.36449,0.13468,0.17513,0.1464,0.56586,0.33967
-0.26474,-0.44033,0.066377,0.10954,0.62213,0.69101,0.12562,0.18915,0.60267,0.78361,0.22871,0.36895,0.37556,0.56162,0.70517,1,-0.19302,-0.13355,-0.18633,-0.14733,0.26865,0.53557,0.23173,0.38118,0.34599,0.55471,0.57873,0.73997,0.091905,0.17784,0.17766,0.21674,0.064981,0.15368,0.20377,0.34259,0.0016695,0.10591,0.13211,0.2455,0.21485,0.10297,-0.049386,-0.13247,-0.1071,-0.27801,-0.14853,-0.21092,-0.41414,-0.41746,-0.3908,-0.26801,-0.23656,-0.22085,-0.065131,-0.0076732,-0.38528,-0.44135,-0.30572,-0.37444,-0.078699,-0.27565,-0.022017,-0.23033,0.17349,0.0050216,-0.28997,-0.049053,-0.38139,-0.20106,-0.014102,0.19996,-0.091528,0.07183,0.21318,0.35243,0.053083,0.15348,-0.1259,-0.14583,-0.033776,0.061874,0.18087,0.23097,0.27609,0.27831,0.1947,0.36134,0.36102,0.5029
0.18144,0.15699,-0.19879,-0.19813,-0.22887,-0.24689,-0.19024,-0.29024,-0.19517,-0.28781,0.32072,0.1736,0.067199,-0.073255,-0.059571,-0.19302,1,0.69393,0.15536,-0.055696,-0.086052,0.12204,-0.33727,-0.17527,-0.3106,-0.29223,-0.41697,-0.35815,0.58993,0.56338,0.12662,0.17785,0.30134,0.29113,-0.51893,-0.45457,0.14071,0.18388,0.073549,-0.013019,0.24223,0.3206,0.045708,-0.080721,-0.11463,0.24523,-0.0072989,0.027925,-0.16915,-0.014304,-0.30609,-0.32933,-0.0011878,-0.049874,0.1142,-0.064035,0.4659,0.21833,-0.34607,-0.18591,-0.078185,-0.099643,0.51664,0.33102,-0.28235,-0.24368,-0.48713,-0.53539,0.14628,-0.38408,-0.2703,-0.10846,0.39304,0.56231,0.40429,0.12035,0.14037,-0.030947,0.66038,0.67515,0.62845,0.47737,0.36459,0.074248,-0.085702,-0.3934,0.15125,0.037256,-0.085762,-0.36749
0.2441,0.28947,-0.30631,-0.23257,-0.21013,-0.09126,-0.40026,-0.2288,-0.16824,-0.2292,0.18927,0.22625,-0.053618,0.044216,-0.10991,-0.13355,0.69393,1,0.1203,-0.047298,-0.0064162,0.14495,-0.40399,-0.39051,-0.4195,-0.29927,-0.34638,-0.18673,0.40125,0.48958,-0.021313,0.01454,0.14907,0.043488,-0.53611,-0.52376,-0.035943,0.060054,0.091985,-0.0081123,0.15428,0.20987,-0.029485,-0.075422,-0.25122,0.043199,0.015539,0.063326,-0.078052,0.061343,-0.24989,-0.29508,0.072087,0.089682,0.087694,0.038604,0.59888,0.45029,-0.24343,-0.08991,-0.054108,-0.066891,0.36383,0.40581,-0.34531,-0.30421,-0.40715,-0.48513,0.19866,-0.35677,-0.21637,-0.14476,0.26475,0.30606,0.17442,0.16151,-0.072909,-0.13066,0.42233,0.60541,0.39604,0.45555,0.26217,0.16092,-0.26094,-0.30584,0.11222,0.15392,-0.11232,-0.17525
0.41101,0.45652,0.2037,0.49624,-0.52695,-0.54308,0.31557,0.29846,-0.42628,-0.38617,0.051249,-0.073798,0.007683,-0.16111,-0.23062,-0.18633,0.15536,0.1203,1,0.69015,-0.012549,-0.0892,0.29525,0.19474,-0.15977,-0.19269,-0.35873,-0.38358,0.15848,0.27279,0.101,0.11093,0.083315,0.12866,-0.0026177,-0.010429,-0.079613,0.030633,-0.022533,0.019022,-0.14667,0.18401,0.26379,0.25845,0.31421,0.3519,0.28236,0.24149,0.15944,0.08875,0.091773,0.02278,-0.15933,-0.24272,-0.14132,-0.19579,0.51522,0.46344,0.30522,0.29572,0.23387,0.16326,-0.26518,0.051657,0.41278,0.34557,0.16699,-0.014478,0.5857,0.30982,0.28603,0.054147,0.39294,0.35226,0.18698,-0.046269,0.14901,0.15923,0.18685,0.32709,-0.082482,0.047033,-0.19646,0.14876,-0.034575,0.10437,-0.29484,-0.12883,-0.43843,-0.28591
0.086166,0.42639,0.44076,0.56894,-0.34175,-0.40284,0.36397,0.42331,-0.32542,-0.33974,-0.16849,-0.15674,-0.20539,-0.26965,-0.10878,-0.14733,-0.055696,-0.047298,0.69015,1,0.17959,0.034269,0.29365,0.20014,-0.04795,-0.044042,-0.12333,-0.099655,0.074349,0.16473,0.16999,0.13352,-0.14729,0.016628,0.20737,0.18603,-0.11313,0.20045,-0.0066951,0.092924,-0.09515,0.036436,0.11427,0.24667,0.20308,0.21976,0.22023,0.23287,0.2606,0.072523,0.15378,0.090491,-0.14129,-0.1142,0.018824,0.0038163,0.26711,0.48433,0.46757,0.38928,0.069001,0.16085,-0.45808,-0.082252,0.39912,0.33612,0.31616,0.35883,0.41287,0.6489,0.36096,-0.019222,0.16708,0.10014,-0.095451,-0.019367,0.12581,0.21388,0.016478,0.039354,-0.18497,-0.14802,-0.087525,0.024467,0.015705,0.22641,-0.034116,-0.0012234,-0.067431,0.092318
-0.18019,0.14154,0.21694,0.12613,0.12587,0.081287,-0.018202,0.01714,0.086808,0.012308,-0.18212,-0.057294,-0.13728,-0.074566,0.4193,0.26865,-0.086052,-0.0064162,-0.012549,0.17959,1,0.53651,0.041497,-0.095468,0.23044,0.38848,0.42858,0.48785,0.43782,0.41934,0.15639,0.081991,-0.24919,-0.20702,0.23316,0.25417,-0.11634,0.093192,0.13108,0.33071,0.12375,0.11677,0.16186,0.23489,0.041048,-0.091387,0.33652,0.27572,-0.042993,-0.11169,0.091404,-0.047795,0.048387,0.019808,0.27772,0.13368,-0.14476,0.17872,0.081859,0.10754,-0.15902,-0.20608,-0.18786,-0.089647,0.12375,0.0051955,0.10637,0.071519,0.12169,0.15711,0.29979,0.20698,0.24062,0.10813,0.11831,0.28696,-0.026167,-0.023217,0.33993,0.14365,0.35307,0.33684,0.053662,0.3486,0.26004,0.40302,0.0098649,0.12388,0.26223,0.36152
-0.22807,-0.072338,0.19166,0.14389,0.21681,0.26883,-0.094303,-0.095765,0.16328,0.22059,-0.051155,0.049463,-0.064688,-0.080491,0.43764,0.53557,0.12204,0.14495,-0.0892,0.034269,0.53651,1,-0.011412,0.092602,-0.11086,0.12313,0.15488,0.50617,0.26803,0.36448,0.00060689,0.080103,-0.14329,-0.062054,0.14001,0.24779,0.24285,0.42043,0.46955,0.62801,0.58614,0.5632,0.043283,0.15298,-0.25104,-0.19151,0.059574,0.084864,-0.35754,-0.35012,-0.34359,-0.29326,-0.19547,-0.072544,0.24334,0.31345,-0.16814,0.0018843,-0.24626,-0.18913,-0.3702,-0.35712,-0.11481,-0.16183,-0.042707,-0.16467,-0.20564,0.063987,-0.15539,-0.17902,0.044617,0.073022,0.27877,0.39408,0.34919,0.46078,0.031704,0.11699,0.074538,0.10769,0.16995,0.031027,0.42403,0.44796,0.31365,0.3587,0.40988,0.70131,0.4167,0.48836
-0.036256,-0.28196,0.55038,0.57533,0.051657,-0.032391,0.50621,0.21728,0.069395,0.12081,0.21599,-0.043501,0.33879,0.051124,0.13647,0.23173,-0.33727,-0.40399,0.29525,0.29365,0.041497,-0.011412,1,0.79922,0.6322,0.49013,0.3305,0.10146,-0.24621,-0.27814,0.40064,0.39775,0.05227,0.104,0.65877,0.57231,0.063416,-0.14316,-0.080726,-0.11318,-0.067342,-0.01016,0.34047,0.24192,0.34694,-0.059616,0.092619,-0.028635,0.00045413,-0.25499,0.32014,0.21244,-0.29528,-0.28868,-0.21115,-0.28088,-0.18076,-0.18172,-0.034884,-0.2809,0.1913,-0.37422,-0.45151,-0.62359,0.8154,0.31938,0.14419,0.17006,-0.096707,0.21855,0.31351,0.27984,0.050513,0.0043503,0.048946,-0.076088,0.33897,0.31357,-0.13176,-0.054421,-0.31209,-0.2974,-0.097519,-0.17932,0.47084,0.49299,-0.057241,-0.043479,-0.018408,0.058395
-0.098687,-0.41667,0.50249,0.62863,0.16317,0.10368,0.55195,0.33207,0.21275,0.32128,0.32342,0.17667,0.42063,0.1835,0.22177,0.38118,-0.17527,-0.39051,0.19474,0.20014,-0.095468,0.092602,0.79922,1,0.51876,0.48177,0.21602,0.074807,-0.14001,-0.11023,0.41976,0.47751,0.23593,0.36273,0.54483,0.52048,0.13413,-0.10475,-0.057869,-0.071523,0.064219,0.095572,0.15547,0.062924,0.21001,-0.025504,-0.14586,-0.25003,-0.22937,-0.37984,-0.018607,0.073243,-0.48996,-0.47276,-0.33378,-0.39555,-0.27606,-0.40888,-0.26366,-0.45129,-0.0041757,-0.43279,-0.21969,-0.604,0.61699,0.23591,-0.056745,0.13514,-0.29521,0.026231,0.18342,0.19052,0.019606,0.14363,0.15785,-0.085483,0.38716,0.38019,-0.083929,-0.044137,-0.17273,-0.23528,0.061485,-0.09874,0.41213,0.42789,0.0067726,0.092387,0.0046875,0.00025106
-0.23609,-0.49113,0.36146,0.18661,0.56565,0.40487,0.30346,0.053883,0.52529,0.46615,0.246,0.047426,0.34305,0.274,0.44011,0.34599,-0.3106,-0.4195,-0.15977,-0.04795,0.23044,-0.11086,0.6322,0.51876,1,0.82691,0.74054,0.45355,-0.014174,-0.18746,0.43418,0.33683,0.14562,0.16033,0.53033,0.47407,-0.078688,-0.1766,-0.14846,-0.19622,-0.12701,-0.25633,0.13572,-0.0029389,0.10772,-0.27957,0.015413,-0.12677,-0.093667,-0.34276,0.22555,0.047448,-0.041762,-0.20134,-0.070383,-0.22022,-0.4242,-0.47894,-0.18127,-0.39802,0.089329,-0.44527,-0.1266,-0.53806,0.42552,-0.012973,0.062691,0.060475,-0.33666,0.12129,0.082113,0.24273,-0.11638,-0.16666,0.056075,0.10213,0.24663,0.13079,0.0083296,-0.14919,-0.005084,-0.021141,-0.12058,-0.23049,0.38978,0.27961,-0.051042,-0.27743,0.16543,0.13356
-0.2939,-0.45972,0.27714,0.2478,0.60582,0.58919,0.2609,0.2,0.62472,0.61903,0.24615,0.20237,0.34102,0.41086,0.61395,0.55471,-0.29223,-0.29927,-0.19269,-0.044042,0.38848,0.12313,0.49013,0.48177,0.82691,1,0.76991,0.62506,0.11516,0.0048903,0.60231,0.55821,0.18765,0.24214,0.40574,0.38887,-0.32705,-0.31168,-0.2751,-0.25392,-0.18939,-0.29568,0.048375,0.019883,0.11314,-0.23243,-0.10624,-0.23046,-0.081831,-0.24767,0.11806,0.047387,-0.1842,-0.25909,-0.21712,-0.33502,-0.41197,-0.43682,-0.20567,-0.41679,0.013305,-0.42961,-0.084969,-0.4384,0.39713,0.037281,-0.0093524,0.014509,-0.35176,0.074048,0.082683,0.35628,-0.2192,-0.19809,-0.037583,0.058501,0.067848,0.017299,0.10171,-0.094968,0.052992,0.10655,0.022716,-0.1669,0.26989,0.31681,0.036686,-0.10401,0.19886,0.17891
-0.38757,-0.48382,0.10486,-0.062136,0.74473,0.67064,0.084623,0.034194,0.63694,0.64668,0.038327,0.014438,0.155,0.29523,0.58527,0.57873,-0.41697,-0.34638,-0.35873,-0.12333,0.42858,0.15488,0.3305,0.21602,0.74054,0.76991,1,0.80835,-0.10801,-0.18776,0.20854,0.14953,0.031298,0.068117,0.42925,0.43491,-0.093623,-0.091483,0.016041,-0.043184,-0.024268,-0.25763,0.017839,-0.0043158,0.0098997,-0.33993,0.019114,-0.077043,-0.059508,-0.28143,0.11279,-0.0087324,0.034958,-0.023611,0.088426,0.018387,-0.51083,-0.42421,-0.12641,-0.32758,-0.0019103,-0.28397,-0.11899,-0.3725,0.23298,-0.064698,0.019297,0.12277,-0.42161,0.09952,0.097186,0.197,-0.23822,-0.27285,0.0062652,0.29471,0.022358,0.097136,-0.16926,-0.30292,-0.10464,-0.015972,-0.11635,-0.090879,0.3546,0.28546,0.074036,-0.035776,0.48236,0.48456
-0.43738,-0.34689,0.12972,-0.012809,0.78574,0.78047,-0.066991,0.037222,0.67394,0.67768,-0.044987,0.068327,0.045649,0.27499,0.68773,0.73997,-0.35815,-0.18673,-0.38358,-0.099655,0.48785,0.50617,0.10146,0.074807,0.45355,0.62506,0.80835,1,0.014128,-0.042885,0.071091,0.043509,-0.11967,-0.071282,0.32335,0.39472,-0.094284,0.19954,0.24123,0.27867,0.22726,-0.05106,-0.089466,-0.042718,-0.26964,-0.48863,-0.033333,-0.075867,-0.25579,-0.39968,-0.18335,-0.22432,0.058964,0.016336,0.22823,0.27279,-0.49517,-0.31357,-0.16647,-0.24701,-0.20369,-0.27673,-0.18984,-0.27701,0.0096632,-0.15217,-0.067049,0.17041,-0.39041,0.01503,-0.0070762,0.071435,-0.17155,-0.18349,0.04779,0.53386,-0.12296,0.0060454,-0.24158,-0.35696,-0.089728,-0.075149,0.13922,0.13104,0.30936,0.31449,0.30435,0.33494,0.57141,0.70988
0.042266,0.24547,0.056106,0.014397,-0.015936,-0.083742,-0.030395,-0.038849,0.081331,-0.10441,0.24693,0.31894,0.19097,0.1403,0.3866,0.091905,0.58993,0.40125,0.15848,0.074349,0.43782,0.26803,-0.24621,-0.14001,-0.014174,0.11516,-0.10801,0.014128,1,0.84459,0.3125,0.28085,0.19444,0.21301,-0.30328,-0.19722,-0.1255,0.11391,0.013398,0.076899,0.18079,0.20521,0.045364,-0.10068,-0.026513,0.15825,0.077266,0.05321,-0.26383,-0.10231,-0.27381,-0.32441,0.12444,-0.08182,0.15554,-0.093037,0.17868,0.13582,-0.1404,0.028855,-0.0016729,-0.10832,0.4279,0.26018,-0.088311,-0.035646,-0.20915,-0.34662,0.24605,-0.16996,-0.18751,0.024892,0.48427,0.53189,0.39578,0.28617,0.078498,-0.1846,0.7967,0.52395,0.79395,0.66958,0.33572,0.19708,-0.00041688,-0.11998,0.025686,-0.12076,-0.028805,-0.15407
0.11686,0.32271,-0.028059,0.061589,-0.14649,-0.13168,-0.016697,0.055532,-0.041732,-0.097366,0.093908,0.34334,0.06418,0.14586,0.28551,0.17784,0.56338,0.48958,0.27279,0.16473,0.41934,0.36448,-0.27814,-0.11023,-0.18746,0.0048903,-0.18776,-0.042885,0.84459,1,0.17212,0.17723,0.18092,0.24402,-0.34143,-0.21673,-0.10502,0.072886,0.021806,0.17255,0.13878,0.31146,0.027867,-0.011644,0.024237,0.28274,0.13251,0.13613,-0.18318,-0.01344,-0.30065,-0.29721,-0.069751,-0.086941,0.024806,-0.083588,0.26046,0.232,-0.081116,0.087237,-0.089171,-0.050627,0.34762,0.3158,-0.094994,-0.040249,-0.24152,-0.31715,0.28216,-0.15705,-0.0054595,0.11302,0.45387,0.61449,0.39381,0.20893,0.034296,-0.071461,0.70536,0.59899,0.68982,0.71787,0.18002,0.4378,-0.10658,-0.01878,-0.13453,0.0069512,-0.11948,-0.10595
-0.039936,-0.15616,0.31098,0.34642,0.048704,0.068366,0.29678,0.22593,0.11633,0.16173,0.45829,0.21135,0.38762,0.27324,0.26365,0.17766,0.12662,-0.021313,0.101,0.16999,0.15639,0.00060689,0.40064,0.41976,0.43418,0.60231,0.20854,0.071091,0.3125,0.17212,1,0.95651,0.2409,0.35259,-0.060336,-0.054428,-0.36039,-0.23198,-0.60801,-0.52345,-0.32019,-0.22838,0.039229,-0.033816,0.19505,0.078035,-0.29542,-0.33491,0.0073058,-0.016983,0.046136,0.069805,-0.36651,-0.35772,-0.40028,-0.61786,0.016631,-0.089437,-0.14239,-0.26514,0.065546,-0.22645,0.065034,-0.14008,0.37923,0.11553,-0.13114,-0.21425,-0.060274,0.03416,0.013322,0.36622,-0.09922,0.0016657,-0.16139,-0.28353,0.2245,0.012664,0.38135,0.2671,0.16662,0.18042,0.35048,-0.53414,-0.030081,-0.021356,0.27794,-0.12164,-0.12016,-0.20936
-0.060755,-0.20421,0.23676,0.37223,0.022424,0.088593,0.24228,0.22019,0.099982,0.17956,0.4373,0.22582,0.36812,0.25863,0.23574,0.21674,0.17785,0.01454,0.11093,0.13352,0.081991,0.080103,0.39775,0.47751,0.33683,0.55821,0.14953,0.043509,0.28085,0.17723,0.95651,1,0.32198,0.45135,-0.065987,-0.039342,-0.30938,-0.22563,-0.53464,-0.49861,-0.23805,-0.1233,0.071588,0.028589,0.22343,0.14753,-0.30949,-0.34025,-0.011469,-0.016746,0.0048495,0.072805,-0.41982,-0.38198,-0.44114,-0.61465,0.012296,-0.12779,-0.2064,-0.33894,0.068345,-0.23646,0.084235,-0.13694,0.37564,0.14788,-0.17721,-0.21615,-0.096926,-0.043912,-0.0032761,0.37687,-0.031076,0.092693,-0.059065,-0.23508,0.20669,0.038207,0.36719,0.29521,0.13911,0.14915,0.3727,-0.48309,-0.019066,0.015715,0.27984,-0.033726,-0.12382,-0.22111
-0.15225,-0.32446,-0.24136,-0.14402,0.1839,0.19609,-0.014221,0.0089468,0.22828,0.22354,0.289,0.30846,0.20578,0.30474,0.061044,0.064981,0.30134,0.14907,0.083315,-0.14729,-0.24919,-0.14329,0.05227,0.23593,0.14562,0.18765,0.031298,-0.11967,0.19444,0.18092,0.2409,0.32198,1,0.85203,-0.13898,-0.10874,0.0028095,-0.24569,-0.077874,-0.36244,-0.026577,-0.027014,-0.15303,-0.22951,0.051053,0.12351,-0.27172,-0.34675,-0.17464,-0.17602,-0.26404,-0.18502,-0.19405,-0.26074,-0.34865,-0.43769,-0.076745,-0.39222,-0.41672,-0.5025,0.086115,-0.16464,0.42211,0.082333,-0.048666,-0.15383,-0.285,-0.31023,-0.24684,-0.23577,-0.069269,0.1031,0.19779,0.25004,0.3512,0.1166,0.17013,0.14022,0.18055,0.15557,0.21558,0.31026,-0.050322,-0.094821,-0.092257,-0.20542,-0.15153,-0.19612,-0.20039,-0.35848
-0.28371,-0.38188,-0.14564,-0.020491,0.20471,0.19701,0.20182,0.21422,0.26118,0.28462,0.19926,0.28429,0.22757,0.29044,0.16129,0.15368,0.29113,0.043488,0.12866,0.016628,-0.20702,-0.062054,0.104,0.36273,0.16033,0.24214,0.068117,-0.071282,0.21301,0.24402,0.35259,0.45135,0.85203,1,-0.065242,0.070221,-0.045616,-0.15864,-0.13612,-0.34818,-0.04885,-0.019217,-0.09889,-0.1308,0.19547,0.34638,-0.2513,-0.27919,-0.08529,-0.071686,-0.22635,-0.060142,-0.36598,-0.22235,-0.41077,-0.4338,-0.15231,-0.38777,-0.37646,-0.43667,0.066741,-0.071398,0.36446,0.09159,0.091313,0.002281,-0.3162,-0.14435,-0.33567,-0.13246,0.012747,0.18353,0.1229,0.28973,0.34977,0.091686,0.16312,0.22507,0.19643,0.16097,0.11837,0.28157,-0.055069,-0.10235,-0.15594,-0.13615,-0.16613,-0.21951,-0.12669,-0.26064
-0.34541,-0.33961,0.46786,0.40381,0.26892,0.12222,0.38551,0.1734,0.20829,0.14828,-0.14542,-0.12671,-0.0010852,-0.18533,0.18706,0.20377,-0.51893,-0.53611,-0.0026177,0.20737,0.23316,0.14001,0.65877,0.54483,0.53033,0.40574,0.42925,0.32335,-0.30328,-0.34143,-0.060336,-0.065987,-0.13898,-0.065242,1,0.89378,0.18165,0.029037,0.28918,0.26829,0.11771,-0.018071,0.24674,0.29006,0.22014,-0.14525,0.21537,0.10139,-0.063513,-0.33875,0.27212,0.22972,-0.12641,-0.12981,0.081345,0.10531,-0.45118,-0.27686,0.0077442,-0.16859,-0.013501,-0.38437,-0.52173,-0.69803,0.5716,0.27082,0.34294,0.58158,-0.2784,0.27582,0.33542,0.0069272,0.01407,-0.13797,0.033055,0.14694,0.23019,0.36963,-0.32046,-0.38006,-0.32246,-0.43178,-0.22161,0.13448,0.53249,0.64915,-0.10133,0.057506,0.24918,0.36396
-0.42468,-0.39955,0.44247,0.37979,0.32258,0.19396,0.438,0.29875,0.28091,0.25476,-0.194,-0.11075,0.034801,-0.08214,0.30941,0.34259,-0.45457,-0.52376,-0.010429,0.18603,0.25417,0.24779,0.57231,0.52048,0.47407,0.38887,0.43491,0.39472,-0.19722,-0.21673,-0.054428,-0.039342,-0.10874,0.070221,0.89378,1,0.17003,0.12334,0.29992,0.32257,0.15769,0.062957,0.19192,0.23272,0.26945,-0.034331,0.17131,0.077351,-0.087145,-0.28892,0.17651,0.24182,-0.22474,-0.10326,0.030141,0.1141,-0.49345,-0.31021,0.0074494,-0.13474,0.013298,-0.26984,-0.43878,-0.55587,0.54465,0.33615,0.27187,0.63715,-0.33464,0.23431,0.34189,0.091871,0.026947,-0.056445,0.1385,0.20743,0.24019,0.41151,-0.26632,-0.33011,-0.31025,-0.34845,-0.21224,0.20407,0.43963,0.61893,-0.12058,0.076681,0.30487,0.43119
-0.028441,-0.10395,0.015073,-0.093669,-0.031584,-0.15451,-0.15593,-0.30099,-0.18484,-0.12869,-0.019784,-0.075153,-0.077628,-0.25817,-0.13496,0.0016695,0.14071,-0.035943,-0.079613,-0.11313,-0.11634,0.24285,0.063416,0.13413,-0.078688,-0.32705,-0.093623,-0.094284,-0.1255,-0.10502,-0.36039,-0.30938,0.0028095,-0.045616,0.18165,0.17003,1,0.45307,0.57234,0.49276,0.66058,0.54514,0.12333,-0.015418,-0.11522,-0.044549,0.09581,0.099826,-0.24511,-0.28028,-0.1441,-0.085334,0.026557,-0.030388,0.36016,0.32294,-0.067853,-0.10152,-0.20248,-0.12248,-0.14682,-0.15183,-0.025342,-0.14084,-0.1111,-0.085044,-0.074238,0.066375,-0.16616,-0.19378,-0.044252,-0.30306,0.32184,0.31005,0.36862,0.16286,0.35493,0.35331,-0.15226,-0.059189,0.018228,-0.21554,0.1407,0.17826,0.36599,0.1011,0.1456,0.27138,0.20739,0.13818
-0.077748,0.11381,0.13294,-0.026976,0.039294,-0.082163,-0.11591,-0.22352,-0.1501,-0.11435,-0.11261,-0.13895,-0.17616,-0.31447,0.0018464,0.10591,0.18388,0.060054,0.030633,0.20045,0.093192,0.42043,-0.14316,-0.10475,-0.1766,-0.31168,-0.091483,0.19954,0.11391,0.072886,-0.23198,-0.22563,-0.24569,-0.15864,0.029037,0.12334,0.45307,1,0.47984,0.62901,0.51929,0.48513,0.0044467,-0.014263,-0.30181,-0.1331,0.072806,0.16953,-0.2717,-0.32241,-0.30108,-0.3006,0.075517,0.043354,0.46517,0.54933,0.0047296,0.089626,-0.0021483,0.097321,-0.2441,-0.08078,-0.15377,-0.029841,-0.21929,-0.15482,-0.056515,0.17677,0.04633,0.010449,-0.0092595,-0.26566,0.26502,0.35324,0.22003,0.48953,0.26468,0.32234,-0.15387,-0.13563,-0.038553,-0.2623,0.31371,0.11544,0.13264,0.0067093,0.43339,0.37476,0.24588,0.45164
-0.21369,-0.035863,0.081905,-0.043279,0.20058,0.10359,-0.22339,-0.24406,0.11123,-0.030221,-0.20876,-0.13026,-0.22511,-0.29341,0.12099,0.13211,0.073549,0.091985,-0.022533,-0.0066951,0.13108,0.46955,-0.080726,-0.057869,-0.14846,-0.2751,0.016041,0.24123,0.013398,0.021806,-0.60801,-0.53464,-0.077874,-0.13612,0.28918,0.29992,0.57234,0.47984,1,0.74512,0.75608,0.51908,0.12883,0.16313,-0.3122,-0.22046,0.33654,0.31871,-0.36847,-0.43473,-0.27304,-0.35279,0.28079,0.14687,0.6091,0.66176,-0.14143,-0.019577,-0.18795,-0.082554,-0.20047,-0.21061,-0.12913,-0.15807,-0.17133,-0.18327,-0.042544,0.17081,-0.1476,-0.158,-0.095143,-0.36501,0.36785,0.27071,0.48621,0.65606,0.011999,0.14949,-0.20495,-0.15141,0.031257,-0.21263,0.077526,0.55853,0.44193,0.21615,0.10909,0.45102,0.44588,0.40788
-0.10196,0.088713,0.17294,0.073317,0.064859,-0.036592,-0.11429,-0.1823,-0.035063,-0.063422,-0.25968,-0.18323,-0.24277,-0.35273,0.16683,0.2455,-0.013019,-0.0081123,0.019022,0.092924,0.33071,0.62801,-0.11318,-0.071523,-0.19622,-0.25392,-0.043184,0.27867,0.076899,0.17255,-0.52345,-0.49861,-0.36244,-0.34818,0.26829,0.32257,0.49276,0.62901,0.74512,1,0.61475,0.5963,0.12738,0.23835,-0.29446,-0.215,0.39339,0.41509,-0.33627,-0.36986,-0.28126,-0.31964,0.12614,0.096982,0.54958,0.6726,-0.090526,0.098704,-0.036922,0.11097,-0.32035,-0.14443,-0.27115,-0.14415,-0.15441,-0.13069,0.013236,0.24109,0.017273,-0.023043,0.048398,-0.28274,0.28038,0.29962,0.33509,0.49147,0.035757,0.16066,-0.142,-0.10424,0.035992,-0.177,0.079642,0.68306,0.35837,0.32538,0.1091,0.54269,0.33953,0.47097
-0.16869,-0.026539,0.093377,-0.044705,0.20722,0.13694,-0.25347,-0.28692,0.10343,0.033771,-0.005281,0.025353,-0.070547,-0.14078,0.19708,0.21485,0.24223,0.15428,-0.14667,-0.09515,0.12375,0.58614,-0.067342,0.064219,-0.12701,-0.18939,-0.024268,0.22726,0.18079,0.13878,-0.32019,-0.23805,-0.026577,-0.04885,0.11771,0.15769,0.66058,0.51929,0.75608,0.61475,1,0.64706,0.082508,-0.0041475,-0.32308,-0.18103,0.0744,0.085239,-0.34924,-0.37583,-0.31277,-0.32701,0.1319,0.095503,0.48355,0.46295,-0.15862,-0.080168,-0.3043,-0.19565,-0.25375,-0.29578,0.071982,-0.093736,-0.23928,-0.25414,-0.18016,0.013991,-0.19217,-0.23105,-0.25526,-0.28989,0.40043,0.41026,0.49929,0.55857,0.08064,0.089027,-0.0056779,-0.034319,0.21284,-0.08818,0.4369,0.32409,0.39621,0.13877,0.3454,0.50508,0.4193,0.3179
0.12003,0.10356,0.082383,0.1295,-0.18585,-0.17582,-0.11964,-0.25218,-0.21092,-0.13988,-0.041905,-0.076477,-0.079488,-0.27773,-0.00017189,0.10297,0.3206,0.20987,0.18401,0.036436,0.11677,0.5632,-0.01016,0.095572,-0.25633,-0.29568,-0.25763,-0.05106,0.20521,0.31146,-0.22838,-0.1233,-0.027014,-0.019217,-0.018071,0.062957,0.54514,0.48513,0.51908,0.5963,0.64706,1,0.20606,0.17023,-0.10214,0.060474,0.17091,0.18738,-0.19314,-0.16834,-0.154,-0.14375,-0.12516,-0.054186,0.17,0.28451,0.11381,0.10809,-0.12389,-0.050066,-0.17033,-0.1815,-0.0027455,-0.033248,-0.074355,-0.08403,-0.12729,-0.012671,0.10617,-0.18192,-0.019075,-0.063667,0.56618,0.68875,0.59601,0.36618,0.12054,0.13847,0.10317,0.27266,0.19938,0.050688,0.25319,0.46514,0.24543,0.23403,0.08244,0.44789,0.047607,0.15863
0.084822,0.061665,0.038885,0.18954,-0.19611,-0.28587,-0.062683,-0.2155,-0.15251,-0.26297,-0.0037072,-0.33508,0.10047,-0.27044,0.066442,-0.049386,0.045708,-0.029485,0.26379,0.11427,0.16186,0.043283,0.34047,0.15547,0.13572,0.048375,0.017839,-0.089466,0.045364,0.027867,0.039229,0.071588,-0.15303,-0.09889,0.24674,0.19192,0.12333,0.0044467,0.12883,0.12738,0.082508,0.20606,1,0.7568,0.33571,0.27924,0.74671,0.67605,0.16411,0.036177,0.41243,0.088681,0.25694,0.2081,0.2501,0.16191,0.23375,0.2672,-0.064802,0.041789,0.039892,-0.080345,-0.3002,-0.23821,0.38117,0.21286,-0.020623,-0.11256,0.18706,0.023934,0.070972,0.12365,0.27147,0.18808,0.23944,0.078654,0.049821,0.005754,0.22015,0.26933,-0.037718,-0.024245,-0.11944,0.12848,0.32208,0.27222,-0.22156,-0.12409,-0.054556,-0.044382
-0.029095,0.11603,0.096945,0.30837,-0.24983,-0.28079,-0.10676,-0.13806,-0.19576,-0.31872,-0.28955,-0.5059,-0.24327,-0.49881,-0.021516,-0.13247,-0.080721,-0.075422,0.25845,0.24667,0.23489,0.15298,0.24192,0.062924,-0.0029389,0.019883,-0.0043158,-0.042718,-0.10068,-0.011644,-0.033816,0.028589,-0.22951,-0.1308,0.29006,0.23272,-0.015418,-0.014263,0.16313,0.23835,-0.0041475,0.17023,0.7568,1,0.26162,0.30137,0.76062,0.76581,0.26951,0.12917,0.40133,0.14188,0.13958,0.23531,0.23872,0.27611,0.1655,0.34027,0.042127,0.12302,-0.16226,-0.064185,-0.4472,-0.24439,0.2685,0.11079,0.14247,0.15644,0.17242,0.17256,0.17724,0.09189,0.14078,0.072113,0.10829,0.035457,-0.15117,-0.024417,0.097842,0.18387,-0.14671,-0.12469,-0.1613,0.25969,0.21111,0.37274,-0.20202,0.07495,-0.0089873,0.002066
0.067715,0.04373,0.011659,0.22538,-0.37573,-0.32317,0.40484,0.3285,-0.32663,-0.19774,-0.14743,0.0070397,0.026493,0.011373,-0.21127,-0.1071,-0.11463,-0.25122,0.31421,0.20308,0.041048,-0.25104,0.34694,0.21001,0.10772,0.11314,0.0098997,-0.26964,-0.026513,0.024237,0.19505,0.22343,0.051053,0.19547,0.22014,0.26945,-0.11522,-0.30181,-0.3122,-0.29446,-0.32308,-0.10214,0.33571,0.26162,1,0.74744,0.1205,0.062362,0.56966,0.5255,0.58821,0.66145,-0.30819,-0.054897,-0.45465,-0.39869,0.046396,0.082395,0.39307,0.27019,0.51522,0.30675,-0.16701,0.08447,0.59221,0.69015,0.39441,0.22532,0.2281,0.2578,0.36814,0.38971,0.13094,0.06453,0.052793,-0.318,0.17828,0.16953,0.17618,0.1624,-0.11532,0.13581,-0.35249,-0.06535,-0.12297,0.24055,-0.46188,-0.45044,-0.39208,-0.19631
0.086269,0.22578,-0.19214,0.089249,-0.51978,-0.45298,0.13664,0.22754,-0.4294,-0.37991,-0.2146,0.056197,-0.13072,-0.084954,-0.3128,-0.27801,0.24523,0.043199,0.3519,0.21976,-0.091387,-0.19151,-0.059616,-0.025504,-0.27957,-0.23243,-0.33993,-0.48863,0.15825,0.28274,0.078035,0.14753,0.12351,0.34638,-0.14525,-0.034331,-0.044549,-0.1331,-0.22046,-0.215,-0.18103,0.060474,0.27924,0.30137,0.74744,1,0.13909,0.18271,0.48664,0.63107,0.31911,0.49188,-0.27762,0.077416,-0.34613,-0.26032,0.23492,0.24524,0.24808,0.35536,0.24721,0.42377,0.072301,0.37597,0.20085,0.48569,0.16377,0.10161,0.23851,0.089797,0.21439,0.23683,0.2413,0.27782,0.15009,-0.2805,0.10972,0.1349,0.33268,0.33352,0.049594,0.27512,-0.24479,0.040013,-0.38164,-0.016184,-0.43545,-0.40864,-0.42349,-0.33761
0.040817,0.2019,0.0067333,0.052009,-0.18516,-0.32837,-0.14274,-0.21102,-0.16236,-0.37398,-0.25863,-0.45796,-0.16686,-0.39118,0.052172,-0.14853,-0.0072989,0.015539,0.28236,0.22023,0.33652,0.059574,0.092619,-0.14586,0.015413,-0.10624,0.019114,-0.033333,0.077266,0.13251,-0.29542,-0.30949,-0.27172,-0.2513,0.21537,0.17131,0.09581,0.072806,0.33654,0.39339,0.0744,0.17091,0.74671,0.76062,0.1205,0.13909,1,0.93603,0.14427,-0.013086,0.31158,-0.093939,0.48275,0.32915,0.53763,0.46819,0.21401,0.38697,0.091214,0.22701,-0.052377,0.019564,-0.33883,-0.1055,0.15358,0.048748,0.054145,-0.027181,0.25971,0.15356,0.17325,-0.0037329,0.27157,0.11221,0.20616,0.22209,-0.10989,-0.042787,0.19674,0.20005,0.026042,0.029568,-0.35996,0.45691,0.295,0.21117,-0.38045,-0.11914,0.059773,0.047779
0.0373,0.27252,-0.034148,-0.010357,-0.24768,-0.37029,-0.20877,-0.25868,-0.24016,-0.44519,-0.33088,-0.47481,-0.24988,-0.46144,-0.012239,-0.21092,0.027925,0.063326,0.24149,0.23287,0.27572,0.084864,-0.028635,-0.25003,-0.12677,-0.23046,-0.077043,-0.075867,0.05321,0.13613,-0.33491,-0.34025,-0.34675,-0.27919,0.10139,0.077351,0.099826,0.16953,0.31871,0.41509,0.085239,0.18738,0.67605,0.76581,0.062362,0.18271,0.93603,1,0.17896,0.071131,0.26002,-0.090156,0.47779,0.46895,0.56126,0.58889,0.22989,0.45642,0.10998,0.29976,-0.11716,0.11355,-0.32316,-0.003576,0.042601,0.02431,0.023461,-0.00072372,0.27102,0.15461,0.11991,-0.060879,0.2229,0.12435,0.13901,0.19109,-0.16985,-0.071769,0.15161,0.18725,-0.02355,-0.016621,-0.28024,0.42645,0.17658,0.15014,-0.281,-0.053123,0.08421,0.099974
0.13391,0.26663,-0.17704,-0.045118,-0.36735,-0.27325,0.036678,0.11581,-0.39049,-0.29988,-0.36885,-0.30222,-0.33556,-0.2048,-0.39815,-0.41414,-0.16915,-0.078052,0.15944,0.2606,-0.042993,-0.35754,0.00045413,-0.22937,-0.093667,-0.081831,-0.059508,-0.25579,-0.26383,-0.18318,0.0073058,-0.011469,-0.17464,-0.08529,-0.063513,-0.087145,-0.24511,-0.2717,-0.36847,-0.33627,-0.34924,-0.19314,0.16411,0.26951,0.56966,0.48664,0.14427,0.17896,1,0.80687,0.78904,0.66579,-0.050173,0.31747,-0.28535,-0.13752,0.23659,0.4084,0.60851,0.43899,0.35178,0.46144,-0.23095,0.25147,0.16917,0.29357,0.41852,0.23561,0.31291,0.55577,0.15256,0.15811,-0.16431,-0.25144,-0.30528,-0.38271,-0.26242,-0.16062,-0.032805,0.012332,-0.27046,-0.019739,-0.32811,-0.19168,-0.35189,-0.018972,-0.31704,-0.37134,-0.31152,-0.1574
0.18117,0.36529,-0.31802,-0.11173,-0.50132,-0.32632,-0.050456,0.1498,-0.42563,-0.34011,-0.36481,-0.11429,-0.27342,-0.070777,-0.4041,-0.41746,-0.014304,0.061343,0.08875,0.072523,-0.11169,-0.35012,-0.25499,-0.37984,-0.34276,-0.24767,-0.28143,-0.39968,-0.10231,-0.01344,-0.016983,-0.016746,-0.17602,-0.071686,-0.33875,-0.28892,-0.28028,-0.32241,-0.43473,-0.36986,-0.37583,-0.16834,0.036177,0.12917,0.5255,0.63107,-0.013086,0.071131,0.80687,1,0.55989,0.71809,-0.14329,0.35765,-0.37405,-0.2,0.26815,0.40239,0.51561,0.54465,0.30527,0.62696,0.024821,0.54153,-0.021581,0.3543,0.3118,0.12518,0.33022,0.26261,0.051502,0.18558,-0.1602,-0.16906,-0.27137,-0.50332,-0.3362,-0.28669,0.091776,0.13017,-0.13579,0.16743,-0.24156,-0.12403,-0.6022,-0.12902,-0.35155,-0.37503,-0.3862,-0.27197
0.11572,0.1337,0.077819,0.079966,-0.29181,-0.2868,0.16037,-0.0095916,-0.30626,-0.3,-0.31535,-0.38472,-0.18829,-0.27464,-0.29427,-0.3908,-0.30609,-0.24989,0.091773,0.15378,0.091404,-0.34359,0.32014,-0.018607,0.22555,0.11806,0.11279,-0.18335,-0.27381,-0.30065,0.046136,0.0048495,-0.26404,-0.22635,0.27212,0.17651,-0.1441,-0.30108,-0.27304,-0.28126,-0.31277,-0.154,0.41243,0.40133,0.58821,0.31911,0.31158,0.26002,0.78904,0.55989,1,0.68523,0.092128,0.2326,-0.14174,-0.11016,0.10865,0.25233,0.51827,0.31217,0.39206,0.16173,-0.31184,-0.099321,0.44218,0.31871,0.53118,0.28356,0.25753,0.47407,0.20035,0.19961,-0.097454,-0.23651,-0.23751,-0.33028,-0.10629,-0.13326,-0.0063713,-0.01251,-0.21749,-0.076716,-0.35916,-0.20944,0.014032,0.21949,-0.35621,-0.42252,-0.22495,-0.10878
