1,0.56886,0.69932,0.43002,-0.33996,-0.37158,0.74165,0.45274,0.051989,-0.12805,0.48777,0.21263,0.42189,0.099516,0.091112,-0.38935,0.16497,-0.10272,0.59745,0.34253,-0.15882,-0.12941,0.48736,0.46147,-0.23207,-0.26175,-0.37238,-0.39526,0.077371,-0.31509,-0.14511,-0.31629,-0.11645,-0.41895,-0.015146,0.021518,0.11598,0.0025954,0.0054819,-0.004161,0.13881,0.23212,0.091493,-0.0098732,0.14154,-0.19032,0.12054,0.0052231,0.028018,0.038261,0.06553,0.04606,-0.14345,-0.21916,0.32169,0.065294,0.62128,0.52328,0.40292,0.37564,0.39835,0.25555,0.20487,0.18284,0.37527,0.16977,0.41171,0.13585,0.55714,0.31414,-0.074945,-0.24625,-0.16289,-0.3025,-0.17089,-0.2153,0.046443,-0.1955,-0.20323,0.19784,-0.31435,-0.45741,-0.090933,-0.38816,-0.043374,-0.24893,0.14409,0.28583,0.022167,-0.20799
0.56886,1,0.36653,0.34611,-0.34181,-0.36788,0.41383,0.52759,-0.17981,-0.23745,-0.054287,0.1704,-0.073611,0.025927,-0.17612,-0.20197,-0.17387,0.071719,0.28589,0.39673,-0.13339,-0.12518,0.32579,0.28159,-0.31685,-0.36835,-0.28718,-0.30177,-0.18648,-0.1829,-0.36444,-0.48079,-0.3405,-0.37122,-0.3368,-0.26014,0.34898,0.22356,0.1573,0.062605,0.27384,0.15087,0.13801,0.033356,0.032357,0.042684,0.16717,-0.013755,-0.059031,0.039678,-0.27633,-0.10151,-0.072017,-0.38057,0.43949,0.12153,0.67579,0.84066,0.46724,0.58876,0.4792,0.67858,0.19174,0.50739,-0.083686,-0.019537,0.15161,0.13989,0.64198,0.31455,-0.13728,-0.24215,-0.16957,-0.26311,-0.23832,-0.19355,0.08195,-0.13648,-0.24961,0.13888,-0.29152,0.074823,-0.075049,-0.022226,-0.29702,-0.23137,0.21478,0.24392,-0.10475,-0.15613
0.69932,0.36653,1,0.73704,-0.37223,-0.4147,0.80324,0.54814,0.075588,0.074536,0.45422,0.37403,0.4786,0.33845,0.1493,-0.18465,0.13586,-0.16914,0.75943,0.44125,-0.11166,-0.090317,0.88837,0.8215,-0.12261,-0.19312,-0.45774,-0.52987,0.014174,-0.28371,0.094131,-0.13082,-0.21178,-0.53545,0.20164,0.050429,0.060787,-0.044317,0.0030601,0.075355,0.069274,0.15651,-0.072451,-0.08363,-0.062777,-0.34958,0.038125,0.029085,-0.21291,-0.058235,-0.086921,-0.070373,-0.25578,-0.14088,0.17297,0.11866,0.21999,0.21831,0.14117,0.15453,0.027299,0.094346,-0.07807,-0.0018677,0.32073,0.34105,0.41203,-0.056616,0.47737,0.27254,0.0824,-0.055991,-0.13448,-0.27295,-0.13861,-0.17674,0.17392,-0.082317,-0.13887,0.21041,-0.48978,-0.4309,-0.12322,-0.34939,0.016755,0.10794,0.10208,0.3212,0.050874,0.15112
0.43002,0.34611,0.73704,1,-0.30566,-0.28894,0.56074,0.66122,-0.14698,0.07756,0.11727,0.28485,0.057132,0.2431,-0.097334,-0.10073,-0.15268,-0.19992,0.5418,0.48727,-0.091042,-0.16243,0.6648,0.93451,-0.069424,-0.0016175,-0.3875,-0.4484,-0.31841,-0.22736,0.048692,0.012246,-0.40339,-0.4837,0.149,0.14657,0.074093,-0.090435,0.056301,0.1927,0.020317,0.10373,-0.21604,-0.088257,-0.12338,-0.35427,-0.064284,0.0023869,-0.27846,0.030005,-0.30608,-0.040183,-0.23679,-0.13938,0.15729,0.11639,0.17283,0.24863,0.15985,0.35806,0.058578,0.21962,-0.18631,0.010048,0.11034,0.45755,0.33254,0.29232,0.40766,0.40577,-0.050105,0.019032,-0.16003,-0.28036,-0.19548,-0.20935,0.1392,0.017037,-0.22451,0.22623,-0.53484,-0.33991,-0.20439,-0.26171,-0.094981,0.25416,-0.037705,0.27006,0.096427,0.20317
-0.33996,-0.34181,-0.37223,-0.30566,1,0.80736,-0.51761,-0.4678,0.63397,0.41248,-0.15082,-0.06898,-0.30515,-0.097898,0.53368,0.46916,-0.020561,-0.0097735,-0.27549,-0.049542,0.43667,0.42056,-0.19535,-0.29667,0.60161,0.54114,0.85349,0.84858,0.1017,0.26854,0.29571,0.15902,0.067124,0.11831,-0.024739,-0.001314,0.26485,0.20964,0.10695,0.15297,0.16228,0.081548,0.23711,0.084455,-0.11713,0.033495,0.2799,0.27596,-0.083664,-0.13702,0.087512,-0.076805,0.23407,0.11629,0.18264,0.21778,-0.33967,-0.31875,-0.40082,-0.33013,-0.2583,-0.32693,-0.2603,-0.30783,-0.0047492,-0.33326,-0.28798,-0.056407,-0.26463,-0.10877,0.22138,0.23699,0.3246,0.41654,0.31542,0.34111,-0.015175,0.11969,-0.061114,-0.22918,0.13086,-0.058105,0.38453,0.45478,0.43145,0.031705,0.15629,0.23703,0.65274,0.25718
-0.37158,-0.36788,-0.4147,-0.28894,0.80736,1,-0.50176,-0.4827,0.5417,0.58514,-0.13642,-0.064109,-0.2209,-0.13239,0.43014,0.49908,-0.191,-0.073469,-0.4338,-0.1425,0.50715,0.54807,-0.26125,-0.25566,0.49494,0.58315,0.7746,0.8616,-0.076773,0.2838,0.16233,0.16248,-0.05297,0.02982,-0.065513,0.049256,0.19353,0.19813,0.12966,0.26276,0.032802,0.16558,0.31812,0.16974,-0.0048565,0.014392,0.31103,0.2756,-0.083102,-0.15218,0.033991,-0.13273,0.35643,0.14682,0.15405,0.33213,-0.35034,-0.36642,-0.44442,-0.40261,-0.26957,-0.31054,-0.25129,-0.28473,-0.15011,-0.33557,-0.31521,-0.10323,-0.31142,-0.21733,0.24162,0.31514,0.18957,0.40086,0.1155,0.19642,0.0041037,0.14059,-0.14823,-0.18875,0.046373,-0.075469,0.24164,0.48123,0.35201,0.088796,0.078937,0.29399,0.53334,0.33994
0.74165,0.41383,0.80324,0.56074,-0.51761,-0.50176,1,0.65263,-0.087706,-0.095524,0.36318,0.34776,0.61229,0.21198,0.041913,-0.20154,0.043838,-0.13314,0.54854,0.39122,-0.27981,-0.22424,0.56062,0.59564,-0.32452,-0.30616,-0.57507,-0.59229,0.1121,-0.17522,-0.073965,-0.15834,-0.23955,-0.37929,-0.0054574,0.014217,-0.015998,0.00077685,-0.0070066,0.019225,0.034969,0.22067,-0.13621,-0.15203,-0.062247,-0.33965,-0.10199,-0.086717,-0.16246,-0.14136,-0.11891,-0.097115,-0.27514,-0.3106,0.14756,0.01784,0.38975,0.35688,0.27028,0.26188,0.17285,0.22105,0.17396,0.23193,0.16986,0.16903,0.35201,0.012932,0.42252,0.29318,-0.15014,-0.2981,-0.29134,-0.35204,-0.23854,-0.2272,0.039458,-0.18027,-0.21504,0.1686,-0.19198,-0.21731,-0.15395,-0.30696,-0.12415,-0.10116,-0.02427,0.22461,-0.095025,-0.11767
0.45274,0.52759,0.54814,0.66122,-0.4678,-0.4827,0.65263,1,-0.22505,-0.050094,0.044387,0.46121,0.16507,0.47352,-0.16774,-0.12416,-0.24258,-0.18273,0.42659,0.35044,-0.26478,-0.32008,0.44542,0.55177,-0.29786,-0.16556,-0.49841,-0.52604,-0.15182,-0.23056,-0.085112,-0.053605,-0.30215,-0.36109,0.034523,0.18112,0.0023633,-0.17147,0.04153,0.099284,0.046373,-0.0089915,-0.19419,-0.0013995,-0.09713,-0.13363,-0.023383,0.0075713,-0.10644,0.050516,-0.17729,0.034262,-0.24954,-0.29167,0.17366,-0.037179,0.25583,0.42072,0.30175,0.45224,0.19814,0.43146,0.053051,0.32735,0.052321,0.37674,0.2893,0.25123,0.32671,0.3555,-0.20267,-0.21559,-0.2255,-0.41441,-0.2572,-0.3241,-0.037926,-0.15119,-0.24698,0.057841,-0.38563,-0.14833,-0.20923,-0.26052,-0.36531,0.15158,-0.060558,0.10237,-0.099832,-0.0989
0.051989,-0.17981,0.075588,-0.14698,0.63397,0.5417,-0.087706,-0.22505,1,0.66677,0.265,0.32855,0.25309,0.32451,0.72472,0.3043,0.072499,-0.13412,0.0060892,-0.060234,0.31472,0.36522,0.17686,-0.063964,0.25053,0.18914,0.42505,0.40972,0.23896,0.038916,0.058306,-0.15597,0.022498,-0.26655,0.0050594,0.03006,0.20275,0.15342,0.14441,0.21356,0.14616,0.15912,0.26699,0.17904,-0.053499,-0.12214,0.28234,0.29901,-0.14168,-0.20866,0.26055,-0.084734,0.26307,0.050818,0.25617,0.31938,-0.33665,-0.3324,-0.35309,-0.36985,-0.21846,-0.28978,-0.072661,-0.17718,0.32847,-0.081892,-0.056824,-0.22917,-0.10033,-0.12968,0.24461,0.15919,0.14053,0.25278,0.12966,0.15237,0.056043,0.027955,-0.17631,-0.12325,-0.13031,-0.31652,0.26811,0.22372,0.37461,0.075059,0.19722,0.32972,0.58196,0.36504
-0.12805,-0.23745,0.074536,0.07756,0.41248,0.58514,-0.095524,-0.050094,0.66677,1,0.1248,0.38704,0.1215,0.41057,0.53446,0.47302,-0.099251,-0.15846,-0.15558,-0.044758,0.37724,0.43905,0.13563,0.14132,0.24911,0.40688,0.30209,0.33234,0.015422,0.14827,0.061963,0.10175,-0.18311,-0.32049,0.13416,0.2363,0.080944,0.028838,0.13678,0.28203,0.070702,0.13777,0.31746,0.26705,-0.067372,-0.16981,0.28664,0.28962,-0.26663,-0.2494,-0.02786,-0.22588,0.14407,0.04755,0.10732,0.33116,-0.44023,-0.47606,-0.56774,-0.48711,-0.50643,-0.38807,-0.35875,-0.30671,0.051344,0.065869,-0.21775,-0.3021,-0.23759,-0.24283,0.22072,0.23706,0.061787,0.20785,-0.04845,0.021174,0.060832,0.07339,-0.11503,0.003003,-0.28043,-0.25468,0.17842,0.27978,0.32228,0.43108,0.094383,0.37282,0.43863,0.48246
0.48777,-0.054287,0.45422,0.11727,-0.15082,-0.13642,0.36318,0.044387,0.265,0.1248,1,0.41254,0.73318,0.3654,0.33628,-0.16346,0.46014,-0.046904,0.385,-0.049446,-0.24084,-0.17966,0.349,0.21316,-0.030965,-0.07226,-0.21941,-0.25461,0.27411,-0.24614,0.25604,0.079725,0.20463,-0.089898,0.31521,0.14439,-0.16792,-0.24663,-0.0060458,0.04907,-0.19057,-0.01843,0.043707,-0.11363,0.10842,-0.18283,-0.11868,-0.14647,0.02675,0.0038642,0.24366,0.06657,-0.21047,-0.031261,-0.056513,-0.0984,0.066703,-0.083934,-0.028466,-0.14831,-0.054516,-0.16475,0.17394,-0.011095,0.49976,0.26262,0.16149,-0.2276,0.022904,-0.13947,0.066547,-0.12194,-0.19453,-0.32186,-0.059263,-0.18817,-0.084254,-0.17639,0.025432,0.020535,-0.16592,-0.43202,-0.0016051,-0.31779,0.19537,-0.008443,0.007038,0.031948,0.0025009,-0.00012943
0.21263,0.1704,0.37403,0.28485,-0.06898,-0.064109,0.34776,0.46121,0.32855,0.38704,0.41254,1,0.49708,0.82265,0.38975,0.30778,9.0404e-005,-0.079112,0.18895,0.12204,-0.1297,-0.10371,0.40089,0.31274,-0.15642,-0.06439,-0.203,-0.19817,0.1944,-0.010376,0.17659,0.061601,-0.12004,-0.20742,0.12139,0.1444,-0.035235,-0.14571,-0.0067104,0.096641,-0.02084,-0.082907,0.0028457,-0.059921,-0.075175,-0.15512,-0.12748,-0.12961,-0.18243,-0.10565,-0.0061369,0.0085986,-0.16653,-0.17807,0.0069236,-0.088423,-0.1356,-0.029086,-0.1605,-0.045864,-0.14093,0.10771,0.075181,0.3065,0.25082,0.34492,0.031031,-0.1896,0.049759,-0.027119,0.10098,-0.033529,-0.20559,-0.27273,-0.090163,-0.1557,-0.10765,-0.18434,-0.30009,-0.10359,-0.2564,-0.090443,0.015935,0.015303,0.028579,0.31791,0.041492,0.15635,0.068417,0.22121
0.42189,-0.073611,0.4786,0.057132,-0.30515,-0.2209,0.61229,0.16507,0.25309,0.1215,0.73318,0.49708,1,0.42212,0.31191,-0.048117,0.31438,-0.11842,0.31289,-0.040691,-0.30775,-0.19369,0.32795,0.17434,-0.22201,-0.2458,-0.38031,-0.36986,0.40913,-0.14752,0.12381,0.013205,0.08576,-0.13002,0.13657,0.052179,-0.2644,-0.17262,-0.03458,0.02062,-0.22662,0.037379,-0.056289,-0.17496,0.047693,-0.25451,-0.23186,-0.2056,-0.022312,-0.14497,0.2047,0.0015429,-0.1629,-0.10157,-0.13301,-0.10626,-0.027186,-0.11571,-0.0201,-0.16291,-0.04321,-0.097046,0.34278,0.1714,0.37231,0.1566,0.18801,-0.31086,0.0033467,-0.12475,-0.0064784,-0.20655,-0.27993,-0.29206,-0.12703,-0.17315,-0.081692,-0.18977,-0.062649,-0.05769,0.035051,-0.20018,-0.038873,-0.23013,0.069472,-0.032333,-0.088731,0.019743,-0.098629,0.01446
0.099516,0.025927,0.33845,0.2431,-0.097898,-0.13239,0.21198,0.47352,0.32451,0.41057,0.3654,0.82265,0.42212,1,0.31851,0.21381,0.036457,-0.12453,0.26406,-0.0074075,-0.15209,-0.15033,0.43104,0.25743,-0.094446,-0.052942,-0.18019,-0.20638,0.15796,-0.16604,0.23792,0.11241,0.057758,-0.14019,0.327,0.27838,-0.1929,-0.35043,-0.095751,0.082703,-0.10372,-0.21358,-0.037194,0.066231,0.039922,0.032934,-0.05974,-0.04873,0.035094,0.083306,0.25986,0.17707,-0.087863,0.01982,-0.13936,-0.12322,-0.29658,-0.19228,-0.12371,-0.085203,-0.16074,0.018275,0.058323,0.13853,0.40543,0.50964,0.13591,-0.15558,-0.040848,-0.016909,0.12563,0.018921,-0.13751,-0.24117,-0.020332,-0.15628,-0.039112,-0.074321,-0.085388,-0.12438,-0.31858,-0.15629,-0.1005,-0.13266,-0.069399,0.39625,-0.069088,-0.049859,-0.032868,0.24867
0.091112,-0.17612,0.1493,-0.097334,0.53368,0.43014,0.041913,-0.16774,0.72472,0.53446,0.33628,0.38975,0.31191,0.31851,1,0.5882,0.23035,-0.014372,0.065162,0.037369,0.40436,0.46106,0.18683,-0.0068834,0.27022,0.24725,0.4707,0.4416,0.50573,0.33399,0.28163,0.053805,0.06651,-0.092541,0.12416,-0.020698,0.2169,0.20266,0.10712,0.055574,0.20805,0.20836,0.27892,0.050138,-0.10067,-0.13328,0.21434,0.1736,-0.14875,-0.19886,0.073755,-0.1428,0.033592,-0.048548,0.19607,0.10801,-0.22275,-0.25776,-0.36098,-0.34157,-0.36712,-0.30636,-0.16504,-0.18439,0.24264,-0.10432,-0.13862,-0.34919,-0.09805,-0.14201,0.35482,0.16103,0.14466,0.22801,0.22095,0.2378,0.075151,-0.022262,-0.12369,-0.064693,0.033827,-0.15098,0.49748,0.33025,0.44197,0.13662,0.28142,0.3511,0.50469,0.23514
-0.38935,-0.20197,-0.18465,-0.10073,0.46916,0.49908,-0.20154,-0.12416,0.3043,0.47302,-0.16346,0.30778,-0.048117,0.21381,0.5882,1,-0.16569,-0.039025,-0.28394,0.084382,0.3507,0.44039,-0.0082054,-0.072646,0.36141,0.40074,0.47981,0.51439,0.22833,0.60044,0.33919,0.30265,-0.12736,0.14155,0.013342,-0.0068125,0.1918,0.30408,0.10556,0.11402,0.13053,0.12746,0.15332,0.031415,-0.28547,-0.04609,0.11397,0.13959,-0.3179,-0.3576,-0.23152,-0.35844,0.063478,-0.18189,0.12795,0.15038,-0.35076,-0.30758,-0.43838,-0.35551,-0.40318,-0.1975,-0.23802,-0.073777,-0.2642,-0.26775,-0.39761,-0.3456,-0.21396,-0.19223,0.17169,0.10583,0.087366,0.24355,0.12782,0.21165,-0.027245,0.031168,-0.15884,-0.20772,0.16523,0.30575,0.44549,0.6966,0.3023,0.30595,0.19851,0.30246,0.3238,0.38386
0.16497,-0.17387,0.13586,-0.15268,-0.020561,-0.191,0.043838,-0.24258,0.072499,-0.099251,0.46014,9.0404e-005,0.31438,0.036457,0.23035,-0.16569,1,0.55865,0.21342,-0.041108,-0.15548,-0.12168,0.0054254,-0.094039,-0.00095232,-0.13755,-0.069806,-0.11977,0.49335,0.037841,0.16769,0.060752,0.36689,0.13564,0.18096,-0.11429,-0.097686,-0.12621,-0.20893,-0.24656,-0.072839,-0.036418,0.072478,-0.17463,0.058707,-0.022079,-0.13011,-0.22587,0.071065,0.0082607,0.089651,0.056826,-0.22443,0.16203,-0.20448,-0.25953,0.15305,-0.091271,-0.15564,-0.22161,-0.2167,-0.29116,0.018153,-0.2069,0.25396,0.044294,-0.085299,-0.27812,-0.04105,-0.12215,0.10877,-0.0048578,0.13823,-0.011059,0.25767,0.13307,0.041484,-0.06512,0.48918,0.37052,0.30086,0.012022,0.11721,-0.2299,0.25226,-0.10395,-0.0060146,-0.18622,0.017873,-0.14838
-0.10272,0.071719,-0.16914,-0.19992,-0.0097735,-0.073469,-0.13314,-0.18273,-0.13412,-0.15846,-0.046904,-0.079112,-0.11842,-0.12453,-0.014372,-0.039025,0.55865,1,-0.17125,-0.072622,-0.079149,-0.03755,-0.21144,-0.23091,-0.070589,-0.13471,-0.024911,-0.037207,0.23653,0.32958,-0.10814,-0.095037,0.1216,0.12232,-0.17995,-0.34287,0.18916,0.13101,-0.042697,-0.023493,-0.0041138,0.048549,0.18133,-0.047421,-0.04611,0.032165,-0.10333,-0.21475,-0.10777,-0.14852,-0.24383,-0.17663,-0.085907,-0.094751,-0.015231,-0.16561,0.30275,0.16335,-0.11163,-0.086825,-0.08835,0.021822,0.037206,0.059512,-0.20705,-0.24267,-0.29235,-0.21727,-0.013373,-0.13293,0.076632,0.1055,0.12434,0.12808,0.17017,0.18302,0.026513,-0.060167,0.30505,0.49938,0.30446,0.46128,0.031051,0.065459,-0.0062487,-0.20313,-0.080911,-0.15297,-0.033858,-0.16332
0.59745,0.28589,0.75943,0.5418,-0.27549,-0.4338,0.54854,0.42659,0.0060892,-0.15558,0.385,0.18895,0.31289,0.26406,0.065162,-0.28394,0.21342,-0.17125,1,0.43726,-0.057214,-0.12372,0.66613,0.52465,-0.17213,-0.31058,-0.37007,-0.43141,0.026294,-0.36726,0.062939,-0.21692,0.1177,-0.28931,0.18383,0.0048639,0.032804,-0.17847,-0.03297,-0.0075229,0.025216,0.06036,-0.26758,-0.16559,0.077991,-0.24517,-0.027531,0.033661,0.088751,0.25511,0.12172,0.27014,-0.15917,0.037767,0.096628,-0.012573,0.17389,0.27411,0.46577,0.38878,0.2441,0.21305,0.030747,0.0055426,0.49668,0.43782,0.67472,0.24858,0.58452,0.50576,0.084928,0.030774,0.057643,-0.20367,0.086597,-0.031731,0.21447,0.014574,-0.082328,0.16163,-0.36425,-0.4059,-0.14745,-0.44006,-0.18821,-0.064216,-0.024334,0.058747,0.0021394,0.014604
0.34253,0.39673,0.44125,0.48727,-0.049542,-0.1425,0.39122,0.35044,-0.060234,-0.044758,-0.049446,0.12204,-0.040691,-0.0074075,0.037369,0.084382,-0.041108,-0.072622,0.43726,1,0.099334,0.032431,0.44882,0.46915,-0.084502,-0.10798,-0.11187,-0.13089,-0.15198,-0.048411,0.087522,-0.037502,-0.24942,-0.18311,-0.095559,-0.097125,0.20065,0.19776,-0.040645,-0.082773,0.23355,0.085906,-0.23584,-0.16771,-0.2929,-0.23955,-0.021192,0.025013,-0.29279,-0.12349,-0.36353,-0.17246,-0.25446,-0.3236,0.35705,0.13876,0.26026,0.34636,0.11738,0.31034,0.042591,0.19046,-0.062077,0.071629,-0.036146,0.011185,0.23104,0.18749,0.60635,0.57292,-0.022935,-0.067412,-0.086859,-0.18305,-0.11438,-0.090844,0.089753,-0.040656,-0.26126,0.11703,-0.19854,-0.084466,0.070333,0.04198,-0.12316,-0.093095,0.22631,0.41569,0.19664,0.032907
-0.15882,-0.13339,-0.11166,-0.091042,0.43667,0.50715,-0.27981,-0.26478,0.31472,0.37724,-0.24084,-0.1297,-0.30775,-0.15209,0.40436,0.3507,-0.15548,-0.079149,-0.057214,0.099334,1,0.86372,-0.028413,-0.048275,0.12305,0.2265,0.48193,0.50664,-0.029621,0.2969,-0.071582,-0.10228,-0.014767,-0.11347,-0.085899,-0.11459,0.36708,0.3506,0.0126,0.0097162,0.40791,0.32763,0.18244,0.2397,-0.052303,-0.057841,0.38434,0.3953,-0.12814,-0.054352,-0.17207,-0.16716,0.20957,0.080127,0.24714,0.25826,-0.151,-0.14116,-0.18529,-0.14086,-0.21917,-0.19826,-0.37448,-0.34881,-0.19116,-0.21775,-0.054172,-0.026598,0.062349,0.10227,0.47336,0.51174,0.50256,0.52664,0.28844,0.35586,0.28056,0.23741,-0.11716,0.13553,-0.10219,-0.090209,0.21853,0.27841,0.11441,0.078647,0.23404,0.37413,0.41426,0.172
-0.12941,-0.12518,-0.090317,-0.16243,0.42056,0.54807,-0.22424,-0.32008,0.36522,0.43905,-0.17966,-0.10371,-0.19369,-0.15033,0.46106,0.44039,-0.12168,-0.03755,-0.12372,0.032431,0.86372,1,-0.022611,-0.080136,0.16486,0.22826,0.48995,0.52882,0.080154,0.3978,-0.053067,-0.079832,-0.012806,-0.10193,-0.13035,-0.16833,0.3625,0.40809,0.048227,0.030518,0.37365,0.41411,0.33416,0.26042,-0.0040693,-0.012697,0.39262,0.33829,-0.14682,-0.1574,-0.18109,-0.25185,0.24742,0.039142,0.26304,0.30054,-0.12509,-0.17847,-0.24368,-0.24983,-0.2443,-0.21201,-0.33402,-0.29969,-0.19587,-0.28575,-0.12424,-0.19712,0.011844,-0.082,0.47587,0.48429,0.45443,0.55544,0.24619,0.36337,0.21481,0.13076,-0.088829,0.099103,-0.015061,-0.025791,0.27471,0.37931,0.22144,0.10465,0.307,0.41509,0.38428,0.24783
0.48736,0.32579,0.88837,0.6648,-0.19535,-0.26125,0.56062,0.44542,0.17686,0.13563,0.349,0.40089,0.32795,0.43104,0.18683,-0.0082054,0.0054254,-0.21144,0.66613,0.44882,-0.028413,-0.022611,1,0.78252,0.086653,-0.077294,-0.2594,-0.35119,-0.060221,-0.27141,0.25651,-0.076018,-0.18597,-0.47507,0.25099,0.049231,0.088092,-0.02054,0.052643,0.1575,0.06013,0.057081,-0.058182,-0.048689,-0.11812,-0.23925,0.10763,0.079358,-0.21478,-0.05989,-0.024584,-0.088077,-0.17163,-0.14935,0.20436,0.17275,0.046716,0.12062,0.0519,0.073534,-0.022489,0.083262,-0.14809,-0.04072,0.27595,0.29106,0.35283,-0.12494,0.44944,0.2084,0.13873,0.03088,-0.10849,-0.21351,-0.12558,-0.16121,0.1386,-0.075314,-0.18211,0.072132,-0.5619,-0.36325,-0.072563,-0.18703,0.030629,0.17738,0.16803,0.31431,0.094587,0.30067
0.46147,0.28159,0.8215,0.93451,-0.29667,-0.25566,0.59564,0.55177,-0.063964,0.14132,0.21316,0.31274,0.17434,0.25743,-0.0068834,-0.072646,-0.094039,-0.23091,0.52465,0.46915,-0.048275,-0.080136,0.78252,1,0.016558,0.038935,-0.35629,-0.41925,-0.24896,-0.21673,0.17179,0.097396,-0.399,-0.48394,0.24756,0.17281,0.031083,-0.069437,0.028989,0.15644,0.0047968,0.10247,-0.11849,-0.047606,-0.12026,-0.34821,-0.027881,0.011246,-0.30584,-0.027489,-0.2581,-0.10404,-0.23888,-0.13171,0.1303,0.13147,0.12184,0.14286,0.030076,0.19221,-0.060011,0.086886,-0.22824,-0.058859,0.14248,0.42286,0.28974,0.12321,0.35522,0.29445,0.039662,0.045121,-0.18167,-0.26386,-0.2206,-0.2254,0.14361,0.0058669,-0.19875,0.2086,-0.53407,-0.37979,-0.16712,-0.26398,0.032182,0.28785,0.034456,0.33313,0.10227,0.24399
-0.23207,-0.31685,-0.12261,-0.069424,0.60161,0.49494,-0.32452,-0.29786,0.25053,0.24911,-0.030965,-0.15642,-0.22201,-0.094446,0.27022,0.36141,-0.00095232,-0.070589,-0.17213,-0.084502,0.12305,0.16486,0.086653,0.016558,1,0.81034,0.63608,0.53377,0.040836,0.1884,0.59254,0.46548,-0.027427,0.10527,0.18881,0.20342,0.01763,-0.0071677,0.13881,0.18822,-0.047763,-0.065846,0.2037,-0.0102,-0.21291,-0.058021,0.19244,0.17124,-0.13283,-0.15954,0.11285,-0.11273,0.072304,0.019716,0.056686,0.16704,-0.33316,-0.39018,-0.39358,-0.40081,-0.33249,-0.43305,-0.44021,-0.48343,-0.10925,-0.25586,-0.28226,-0.19815,-0.3165,-0.31036,-0.0024428,0.063312,0.11958,0.13515,0.14058,0.1253,-0.14652,-0.10674,0.091026,-0.2221,0.028634,-0.12478,0.36704,0.34667,0.4846,0.13664,0.12137,0.096942,0.32308,0.19905
-0.26175,-0.36835,-0.19312,-0.0016175,0.54114,0.58315,-0.30616,-0.16556,0.18914,0.40688,-0.07226,-0.06439,-0.2458,-0.052942,0.24725,0.40074,-0.13755,-0.13471,-0.31058,-0.10798,0.2265,0.22826,-0.077294,0.038935,0.81034,1,0.59931,0.54555,-0.0071609,0.27062,0.51254,0.57678,-0.12806,0.051328,0.14914,0.29479,-0.0022946,-0.035845,0.063014,0.19716,-0.0043513,-0.029156,0.2213,0.033233,-0.23227,-0.12038,0.20153,0.18782,-0.21538,-0.21276,-0.032433,-0.18547,0.029797,0.0026042,0.032368,0.17376,-0.33968,-0.422,-0.50436,-0.42026,-0.44031,-0.47431,-0.48382,-0.45429,-0.26276,-0.21381,-0.3633,-0.16709,-0.36586,-0.33365,-0.02615,0.054541,0.097956,0.10542,0.097738,0.056626,-0.15235,-0.095746,-0.019314,-0.20765,-0.0025326,-0.12615,0.35874,0.38171,0.44731,0.3091,0.069684,0.20685,0.35091,0.20117
-0.37238,-0.28718,-0.45774,-0.3875,0.85349,0.7746,-0.57507,-0.49841,0.42505,0.30209,-0.21941,-0.203,-0.38031,-0.18019,0.4707,0.47981,-0.069806,-0.024911,-0.37007,-0.11187,0.48193,0.48995,-0.2594,-0.35629,0.63608,0.59931,1,0.94425,0.075695,0.29734,0.34606,0.22058,0.10029,0.24646,0.020617,-0.0073148,0.16587,0.15532,0.070781,0.066414,0.16633,0.040167,0.3027,0.084144,-0.031468,0.22536,0.30175,0.18515,0.078877,0.016448,0.14741,-0.021665,0.29201,0.15351,0.10214,0.15092,-0.25811,-0.26477,-0.31538,-0.28331,-0.2359,-0.28293,-0.24606,-0.31288,-0.094403,-0.34739,-0.32436,-0.083004,-0.2791,-0.18108,0.16613,0.20596,0.23357,0.36068,0.21045,0.24052,-0.065794,0.049311,-0.0026676,-0.27613,0.21276,0.027907,0.44431,0.49716,0.40657,0.014379,0.2146,0.1651,0.4717,0.13292
-0.39526,-0.30177,-0.52987,-0.4484,0.84858,0.8616,-0.59229,-0.52604,0.40972,0.33234,-0.25461,-0.19817,-0.36986,-0.20638,0.4416,0.51439,-0.11977,-0.037207,-0.43141,-0.13089,0.50664,0.52882,-0.35119,-0.41925,0.53377,0.54555,0.94425,1,0.056676,0.32732,0.2642,0.1933,0.10656,0.27119,-0.00095172,0.0049281,0.15159,0.18648,0.010767,0.053113,0.1253,0.068843,0.31587,0.12185,0.041586,0.25044,0.31603,0.21438,0.1111,0.00069011,0.13741,-0.022732,0.33805,0.19611,0.070341,0.17769,-0.24946,-0.26668,-0.31666,-0.29698,-0.20099,-0.25081,-0.19795,-0.24034,-0.11738,-0.35725,-0.32049,-0.080489,-0.28066,-0.17729,0.21958,0.22897,0.23858,0.40921,0.20171,0.23831,-0.033091,0.12815,-0.019559,-0.30503,0.23657,0.082852,0.34922,0.51127,0.35447,0.030181,0.15305,0.1836,0.44857,0.18073
0.077371,-0.18648,0.014174,-0.31841,0.1017,-0.076773,0.1121,-0.15182,0.23896,0.015422,0.27411,0.1944,0.40913,0.15796,0.50573,0.22833,0.49335,0.23653,0.026294,-0.15198,-0.029621,0.080154,-0.060221,-0.24896,0.040836,-0.0071609,0.075695,0.056676,1,0.44036,0.20094,0.12028,0.34802,0.2263,-0.025908,-0.23263,-0.083368,-0.036695,-0.13035,-0.1989,0.041305,0.09804,0.093539,-0.20389,-0.0069334,0.078907,-0.1492,-0.26236,0.10414,-0.10762,0.084353,-0.050496,-0.13425,-0.024881,-0.21318,-0.35918,0.0026493,-0.11272,-0.12697,-0.19343,-0.16375,-0.18287,0.10239,0.026154,0.16805,-0.11155,-0.17723,-0.41373,-0.1835,-0.27564,0.19279,-0.05977,0.181,0.16285,0.2678,0.23671,-0.11562,-0.19732,0.26131,-0.052614,0.47871,0.21425,0.31712,0.069762,0.26658,-0.058567,-0.001294,-0.15045,-0.015274,-0.21488
-0.31509,-0.1829,-0.28371,-0.22736,0.26854,0.2838,-0.17522,-0.23056,0.038916,0.14827,-0.24614,-0.010376,-0.14752,-0.16604,0.33399,0.60044,0.037841,0.32958,-0.36726,-0.048411,0.2969,0.3978,-0.27141,-0.21673,0.1884,0.27062,0.29734,0.32732,0.44036,1,0.1607,0.2801,-0.044966,0.2304,-0.18273,-0.23885,0.15861,0.30397,0.03289,0.017101,0.092455,0.26015,0.15786,-0.053477,-0.2528,-0.018745,0.010236,-0.012837,-0.26779,-0.39942,-0.396,-0.44443,-0.041144,-0.22043,-0.031949,-0.082794,-0.073726,-0.15725,-0.35737,-0.29481,-0.31408,-0.17267,-0.14452,-0.026663,-0.39743,-0.41517,-0.4853,-0.33881,-0.27331,-0.29806,0.17174,0.15262,0.23002,0.46066,0.18792,0.33195,-0.075558,-0.083457,0.078472,0.080098,0.46871,0.50267,0.38496,0.50855,0.27861,0.086439,0.060508,0.10848,0.15159,0.022719
-0.14511,-0.36444,0.094131,0.048692,0.29571,0.16233,-0.073965,-0.085112,0.058306,0.061963,0.25604,0.17659,0.12381,0.23792,0.28163,0.33919,0.16769,-0.10814,0.062939,0.087522,-0.071582,-0.053067,0.25651,0.17179,0.59254,0.51254,0.34606,0.2642,0.20094,0.1607,1,0.79764,0.16696,0.32874,0.50196,0.24255,-0.33969,-0.3224,-0.075821,-0.022679,-0.2559,-0.31242,-0.099108,-0.27086,-0.2048,0.00049968,-0.20983,-0.18515,-0.044487,-0.030755,0.11418,-0.0018996,-0.23649,0.044245,-0.30202,-0.23089,-0.32065,-0.37075,-0.34789,-0.34158,-0.36571,-0.36368,-0.15486,-0.22298,0.16942,0.099033,-0.14242,-0.24187,-0.25952,-0.21523,0.075833,0.030693,-0.088295,-0.1249,0.088616,-0.032406,-0.26229,-0.20423,0.073587,-0.30903,0.096693,-0.054923,0.2763,0.1149,0.37132,0.23295,0.024415,-0.075131,0.0933,0.12581
-0.31629,-0.48079,-0.13082,0.012246,0.15902,0.16248,-0.15834,-0.053605,-0.15597,0.10175,0.079725,0.061601,0.013205,0.11241,0.053805,0.30265,0.060752,-0.095037,-0.21692,-0.037502,-0.10228,-0.079832,-0.076018,0.097396,0.46548,0.57678,0.22058,0.1933,0.12028,0.2801,0.79764,1,0.039376,0.37468,0.44024,0.35068,-0.41367,-0.35991,-0.11399,-0.041238,-0.32728,-0.28343,-0.095095,-0.15948,-0.18515,0.022952,-0.27893,-0.2052,-0.084223,-0.075745,-0.069636,-0.089675,-0.2733,0.013495,-0.40899,-0.30688,-0.3177,-0.43395,-0.42316,-0.36072,-0.42689,-0.39401,-0.16472,-0.22336,-0.05041,0.09534,-0.29816,-0.19325,-0.47539,-0.29678,-0.024547,-0.0028704,-0.11823,-0.12696,-0.0018597,-0.090868,-0.31447,-0.16173,0.15774,-0.24028,0.22475,0.061998,0.15973,0.07087,0.30867,0.36497,-0.1344,-0.16309,-0.027541,0.0169
-0.11645,-0.3405,-0.21178,-0.40339,0.067124,-0.05297,-0.23955,-0.30215,0.022498,-0.18311,0.20463,-0.12004,0.08576,0.057758,0.06651,-0.12736,0.36689,0.1216,0.1177,-0.24942,-0.014767,-0.012806,-0.18597,-0.399,-0.027427,-0.12806,0.10029,0.10656,0.34802,-0.044966,0.16696,0.039376,1,0.56602,0.20564,-0.06619,-0.27352,-0.26353,-0.25196,-0.19531,-0.12409,-0.049759,-0.10793,-0.10774,0.30659,0.28852,-0.22228,-0.25467,0.45632,0.32127,0.39929,0.37339,-0.059968,0.30913,-0.38707,-0.35245,-0.13596,-0.21105,0.10819,-0.078709,-0.026886,-0.16618,0.043986,-0.13169,0.34573,0.16188,0.18396,-0.050925,-0.10922,-0.094853,0.10275,0.061748,0.26677,0.14633,0.29169,0.16737,-0.06755,-0.024528,0.29558,-0.032178,0.13951,-0.012136,-0.066882,-0.21274,-0.15622,-0.16213,-0.16795,-0.42526,-0.22326,-0.18302
-0.41895,-0.37122,-0.53545,-0.4837,0.11831,0.02982,-0.37929,-0.36109,-0.26655,-0.32049,-0.089898,-0.20742,-0.13002,-0.14019,-0.092541,0.14155,0.13564,0.12232,-0.28931,-0.18311,-0.11347,-0.10193,-0.47507,-0.48394,0.10527,0.051328,0.24646,0.27119,0.2263,0.2304,0.32874,0.37468,0.56602,1,0.1328,0.0093062,-0.30426,-0.17267,-0.24622,-0.2439,-0.17409,-0.1481,-0.20621,-0.21389,0.070164,0.37778,-0.33221,-0.34715,0.32319,0.18659,0.17869,0.1833,-0.061871,0.13442,-0.44266,-0.42456,-0.1228,-0.19734,0.0085273,-0.095198,-0.051181,-0.11593,0.12933,-0.0034874,0.011138,-0.053238,-0.16509,0.002708,-0.30832,-0.10161,-0.093707,-0.10206,0.060608,0.098653,0.19872,0.18158,-0.14494,0.054832,0.26345,-0.26866,0.50908,0.37594,0.052681,0.080648,-0.014585,-0.1439,-0.20006,-0.46047,-0.27495,-0.27789
-0.015146,-0.3368,0.20164,0.149,-0.024739,-0.065513,-0.0054574,0.034523,0.0050594,0.13416,0.31521,0.12139,0.13657,0.327,0.12416,0.013342,0.18096,-0.17995,0.18383,-0.095559,-0.085899,-0.13035,0.25099,0.24756,0.18881,0.14914,0.020617,-0.00095172,-0.025908,-0.18273,0.50196,0.44024,0.20564,0.1328,1,0.64286,-0.3909,-0.42192,-0.22394,-0.073232,-0.30816,-0.2689,-0.020562,0.099382,0.24248,0.13927,-0.052978,-0.015938,0.20337,0.25734,0.37445,0.27736,-0.20614,0.25217,-0.39672,-0.22095,-0.31834,-0.39108,-0.16974,-0.21808,-0.28558,-0.2861,-0.1352,-0.24803,0.46093,0.52654,0.21405,-0.0067037,-0.23166,-0.047099,0.089074,0.056532,-0.089437,-0.1338,0.012735,-0.15683,-0.035266,0.074172,0.17732,-0.087224,-0.17289,-0.26175,-0.14892,-0.32777,0.21315,0.4773,-0.17917,-0.17801,-0.10013,0.19781
0.021518,-0.26014,0.050429,0.14657,-0.001314,0.049256,0.014217,0.18112,0.03006,0.2363,0.14439,0.1444,0.052179,0.27838,-0.020698,-0.0068125,-0.11429,-0.34287,0.0048639,-0.097125,-0.11459,-0.16833,0.049231,0.17281,0.20342,0.29479,-0.0073148,0.0049281,-0.23263,-0.23885,0.24255,0.35068,-0.06619,0.0093062,0.64286,1,-0.2755,-0.31634,-0.0914,0.090165,-0.22183,-0.2127,-0.034733,0.22635,0.13253,-0.025603,0.078869,0.18394,0.063395,0.076972,0.35873,0.29727,-0.14577,0.0498,-0.13983,-0.009487,-0.25062,-0.30524,-0.11734,-0.10285,-0.16882,-0.25842,-0.12078,-0.21572,0.26648,0.35943,0.17664,0.2491,-0.21492,0.026543,-0.14885,-0.11598,-0.2055,-0.28381,-0.12076,-0.26846,-0.021388,0.082718,-0.049438,-0.072953,-0.21311,-0.37393,-0.18195,-0.25083,0.065384,0.36798,-0.19765,-0.062552,-0.059636,0.046366
0.11598,0.34898,0.060787,0.074093,0.26485,0.19353,-0.015998,0.0023633,0.20275,0.080944,-0.16792,-0.035235,-0.2644,-0.1929,0.2169,0.1918,-0.097686,0.18916,0.032804,0.20065,0.36708,0.3625,0.088092,0.031083,0.01763,-0.0022946,0.16587,0.15159,-0.083368,0.15861,-0.33969,-0.41367,-0.27352,-0.30426,-0.3909,-0.2755,1,0.75633,0.24205,0.25989,0.52451,0.50668,0.28717,0.26322,-0.15408,-0.16668,0.47647,0.39378,-0.35143,-0.25625,-0.40317,-0.34666,0.07681,-0.28583,0.69935,0.41259,0.2984,0.35365,0.032744,0.10658,0.098651,0.16511,-0.17008,-0.022754,-0.30449,-0.43486,-0.13867,0.004154,0.29793,0.21094,0.19851,0.1687,0.3267,0.26186,0.27806,0.37476,0.48157,0.32385,-0.21882,0.22918,-0.1919,0.023995,0.097027,0.30715,-0.039612,-0.24231,0.22992,0.49303,0.40243,0.080902
0.0025954,0.22356,-0.044317,-0.090435,0.20964,0.19813,0.00077685,-0.17147,0.15342,0.028838,-0.24663,-0.14571,-0.17262,-0.35043,0.20266,0.30408,-0.12621,0.13101,-0.17847,0.19776,0.3506,0.40809,-0.02054,-0.069437,-0.0071677,-0.035845,0.15532,0.18648,-0.036695,0.30397,-0.3224,-0.35991,-0.26353,-0.17267,-0.42192,-0.31634,0.75633,1,0.1524,0.10529,0.51738,0.53517,0.19123,0.17589,-0.28287,-0.18419,0.34532,0.32712,-0.43126,-0.46362,-0.41656,-0.53737,0.068246,-0.36108,0.5844,0.432,0.24371,0.20059,-0.11065,-0.092473,-0.023079,0.023485,-0.1287,-0.022772,-0.45946,-0.62089,-0.2952,-0.18403,0.21552,0.065643,0.19472,0.090867,0.26431,0.36777,0.18893,0.36166,0.42783,0.31216,-0.19157,0.1806,-0.0069793,0.16901,0.1938,0.4611,0.037072,-0.25604,0.32722,0.51899,0.32941,0.095516
0.0054819,0.1573,0.0030601,0.056301,0.10695,0.12966,-0.0070066,0.04153,0.14441,0.13678,-0.0060458,-0.0067104,-0.03458,-0.095751,0.10712,0.10556,-0.20893,-0.042697,-0.03297,-0.040645,0.0126,0.048227,0.052643,0.028989,0.13881,0.063014,0.070781,0.010767,-0.13035,0.03289,-0.075821,-0.11399,-0.25196,-0.24622,-0.22394,-0.0914,0.24205,0.1524,1,0.64148,0.077772,0.2339,0.096504,-0.014091,-0.1676,-0.23759,0.15967,0.14912,-0.19872,-0.1657,-0.15141,-0.15098,0.14262,-0.29809,0.45028,0.36872,0.016332,0.12365,0.077941,0.092002,0.11274,0.090695,0.0098527,-0.0093532,-0.081095,-0.14171,-0.075025,0.029023,0.0032325,-0.13711,-0.15208,-0.045799,-0.16038,-0.061947,-0.3107,-0.15625,-0.19226,-0.26878,-0.21803,-0.0093896,-0.088673,-0.081345,0.40727,0.40779,0.061521,-0.078158,0.24697,0.15869,0.31775,0.067493
-0.004161,0.062605,0.075355,0.1927,0.15297,0.26276,0.019225,0.099284,0.21356,0.28203,0.04907,0.096641,0.02062,0.082703,0.055574,0.11402,-0.24656,-0.023493,-0.0075229,-0.082773,0.0097162,0.030518,0.1575,0.15644,0.18822,0.19716,0.066414,0.053113,-0.1989,0.017101,-0.022679,-0.041238,-0.19531,-0.2439,-0.073232,0.090165,0.25989,0.10529,0.64148,1,-0.21503,0.39138,0.15832,0.23041,-0.026656,-0.16543,0.20011,0.20921,-0.13514,-0.14152,-0.037408,-0.12406,0.21156,-0.17288,0.30794,0.38015,-0.044457,0.02929,0.0064268,-0.0080989,0.073207,0.069448,-0.02865,-0.051356,-0.089466,-0.075557,-0.017132,0.052416,-0.031962,-0.052457,-0.12904,0.028016,-0.069593,0.015493,-0.20197,-0.057249,-0.060495,-0.10894,-0.16329,-0.031135,-0.19505,-0.11134,-0.057011,0.17808,-0.041419,-0.030953,-0.30558,0.078832,0.32626,0.20437
0.13881,0.27384,0.069274,0.020317,0.16228,0.032802,0.034969,0.046373,0.14616,0.070702,-0.19057,-0.02084,-0.22662,-0.10372,0.20805,0.13053,-0.072839,-0.0041138,0.025216,0.23355,0.40791,0.37365,0.06013,0.0047968,-0.047763,-0.0043513,0.16633,0.1253,0.041305,0.092455,-0.2559,-0.32728,-0.12409,-0.17409,-0.30816,-0.22183,0.52451,0.51738,0.077772,-0.21503,1,0.40522,0.13566,0.04637,-0.14235,-0.060937,0.34447,0.25948,-0.22613,-0.1633,-0.28018,-0.2625,-0.0018313,-0.14928,0.44534,0.26772,0.23099,0.18685,-0.030962,0.08284,-0.034369,0.016119,-0.23828,-0.12347,-0.2069,-0.26459,-0.14687,-0.075027,0.2964,0.1041,0.15539,0.077391,0.36512,0.25025,0.25639,0.29324,0.29361,0.15014,-0.096321,0.13575,-0.16748,-0.056925,0.31764,0.35668,0.069944,-0.061447,0.55668,0.52004,0.27717,0.0081202
0.23212,0.15087,0.15651,0.10373,0.081548,0.16558,0.22067,-0.0089915,0.15912,0.13777,-0.01843,-0.082907,0.037379,-0.21358,0.20836,0.12746,-0.036418,0.048549,0.06036,0.085906,0.32763,0.41411,0.057081,0.10247,-0.065846,-0.029156,0.040167,0.068843,0.09804,0.26015,-0.31242,-0.28343,-0.049759,-0.1481,-0.2689,-0.2127,0.50668,0.53517,0.2339,0.39138,0.40522,1,0.19942,0.20575,0.046055,-0.10457,0.26648,0.201,-0.1003,-0.15509,-0.2219,-0.25474,0.12012,-0.1502,0.40114,0.26387,0.3035,0.20544,0.073025,0.075285,0.054559,0.053093,-0.095437,-0.10415,-0.1895,-0.27096,-0.034304,-0.049016,0.18113,0.10432,0.091726,0.066937,0.3031,0.37324,0.10419,0.31152,0.23865,0.12825,-0.029404,0.20591,-0.036312,-0.067857,-0.0053462,0.144,0.0070783,-0.16397,0.00024746,0.35267,0.28644,-0.035023
0.091493,0.13801,-0.072451,-0.21604,0.23711,0.31812,-0.13621,-0.19419,0.26699,0.31746,0.043707,0.0028457,-0.056289,-0.037194,0.27892,0.15332,0.072478,0.18133,-0.26758,-0.23584,0.18244,0.33416,-0.058182,-0.11849,0.2037,0.2213,0.3027,0.31587,0.093539,0.15786,-0.099108,-0.095095,-0.10793,-0.20621,-0.020562,-0.034733,0.28717,0.19123,0.096504,0.15832,0.13566,0.19942,1,0.60084,0.35914,0.30935,0.58624,0.29315,0.041993,-0.051892,-0.022653,-0.17792,0.32057,0.11117,0.2313,0.18141,0.14095,0.041657,-0.2683,-0.25853,-0.11482,-0.088357,-0.17243,-0.079285,-0.15925,-0.29696,-0.32553,-0.28163,-0.15542,-0.24926,0.15669,0.074085,0.12094,0.15276,0.045374,0.071091,0.09701,0.00010019,0.10326,0.092861,-0.055811,0.0036425,0.047008,0.15701,0.30546,0.057646,0.10237,0.21739,0.20069,0.093189
-0.0098732,0.033356,-0.08363,-0.088257,0.084455,0.16974,-0.15203,-0.0013995,0.17904,0.26705,-0.11363,-0.059921,-0.17496,0.066231,0.050138,0.031415,-0.17463,-0.047421,-0.16559,-0.16771,0.2397,0.26042,-0.048689,-0.047606,-0.0102,0.033233,0.084144,0.12185,-0.20389,-0.053477,-0.27086,-0.15948,-0.10774,-0.21389,0.099382,0.22635,0.26322,0.17589,-0.014091,0.23041,0.04637,0.20575,0.60084,1,0.26923,0.30089,0.59048,0.6309,0.059226,0.066803,0.10512,-0.09053,0.35831,0.12008,0.22192,0.25977,0.018549,-0.06872,-0.13647,-0.16166,-0.017608,-0.13985,-0.10783,-0.20078,-0.1198,-0.12789,-0.075773,0.090101,-0.13549,0.076201,0.0984,0.11158,0.12964,0.1874,-0.048066,0.012169,0.26653,0.28674,0.099204,0.11196,-0.22581,-0.17169,-0.30045,-0.10333,-0.012108,0.047729,-0.10614,0.12132,0.14345,0.10444
0.14154,0.032357,-0.062777,-0.12338,-0.11713,-0.0048565,-0.062247,-0.09713,-0.053499,-0.067372,0.10842,-0.075175,0.047693,0.039922,-0.10067,-0.28547,0.058707,-0.04611,0.077991,-0.2929,-0.052303,-0.0040693,-0.11812,-0.12026,-0.21291,-0.23227,-0.031468,0.041586,-0.0069334,-0.2528,-0.2048,-0.18515,0.30659,0.070164,0.24248,0.13253,-0.15408,-0.28287,-0.1676,-0.026656,-0.14235,0.046055,0.35914,0.26923,1,0.61499,0.1177,-0.13102,0.7936,0.6891,0.45173,0.55993,0.26459,0.46153,-0.24121,-0.25197,0.14726,0.12182,0.37318,0.27235,0.32635,0.25345,0.26282,0.083683,0.41096,0.39688,0.36015,0.25617,-0.00041419,0.064086,0.0045008,0.032764,0.057451,-0.0098828,0.061536,0.014205,0.045661,0.11215,0.15614,-0.017231,-0.064508,-0.1057,-0.39898,-0.39907,-0.13545,0.061039,-0.30575,-0.3014,-0.2973,-0.090777
-0.19032,0.042684,-0.34958,-0.35427,0.033495,0.014392,-0.33965,-0.13363,-0.12214,-0.16981,-0.18283,-0.15512,-0.25451,0.032934,-0.13328,-0.04609,-0.022079,0.032165,-0.24517,-0.23955,-0.057841,-0.012697,-0.23925,-0.34821,-0.058021,-0.12038,0.22536,0.25044,0.078907,-0.018745,0.00049968,0.022952,0.28852,0.37778,0.13927,-0.025603,-0.16668,-0.18419,-0.23759,-0.16543,-0.060937,-0.10457,0.30935,0.30089,0.61499,1,0.090211,-0.14991,0.72121,0.58008,0.34267,0.30394,0.30894,0.39513,-0.28253,-0.36969,0.12112,0.091955,0.18773,0.1429,0.22549,0.22284,0.26261,0.13031,0.14659,0.12348,-0.087877,0.02394,-0.20568,-0.059605,0.017974,-0.0079743,0.048754,0.087314,0.03306,0.048964,-0.09605,0.074891,0.30444,-0.24092,0.19557,0.23572,-0.23714,-0.15866,-0.036076,0.055178,-0.16436,-0.39431,-0.30477,-0.19554
0.12054,0.16717,0.038125,-0.064284,0.2799,0.31103,-0.10199,-0.023383,0.28234,0.28664,-0.11868,-0.12748,-0.23186,-0.05974,0.21434,0.11397,-0.13011,-0.10333,-0.027531,-0.021192,0.38434,0.39262,0.10763,-0.027881,0.19244,0.20153,0.30175,0.31603,-0.1492,0.010236,-0.20983,-0.27893,-0.22228,-0.33221,-0.052978,0.078869,0.47647,0.34532,0.15967,0.20011,0.34447,0.26648,0.58624,0.59048,0.1177,0.090211,1,0.77041,-0.070401,-0.088774,0.029673,-0.16637,0.35898,0.080252,0.52236,0.54348,0.062149,0.036333,-0.14244,-0.15145,-0.054837,-0.13066,-0.29559,-0.28864,-0.18974,-0.31007,-0.087397,-0.035982,0.092841,0.033077,0.18147,0.12773,0.23752,0.24446,0.067459,0.10354,0.34009,0.26949,-0.028396,0.045748,-0.26124,-0.20865,0.069929,0.19636,0.14752,0.0099331,0.24729,0.40393,0.41987,0.20816
0.0052231,-0.013755,0.029085,0.0023869,0.27596,0.2756,-0.086717,0.0075713,0.29901,0.28962,-0.14647,-0.12961,-0.2056,-0.04873,0.1736,0.13959,-0.22587,-0.21475,0.033661,0.025013,0.3953,0.33829,0.079358,0.011246,0.17124,0.18782,0.18515,0.21438,-0.26236,-0.012837,-0.18515,-0.2052,-0.25467,-0.34715,-0.015938,0.18394,0.39378,0.32712,0.14912,0.20921,0.25948,0.201,0.29315,0.6309,-0.13102,-0.14991,0.77041,1,-0.25275,-0.19623,0.019338,-0.20782,0.31515,0.075059,0.43733,0.6299,-0.15292,-0.16008,-0.20421,-0.22933,-0.12176,-0.27939,-0.28469,-0.37298,-0.18152,-0.28301,-0.0094086,0.09712,0.034385,0.13242,0.14537,0.10149,0.19254,0.23348,0.039495,0.073454,0.33239,0.33783,-0.09317,0.039444,-0.24505,-0.26101,0.033496,0.17262,0.12176,0.064119,0.17592,0.40601,0.4776,0.33914
0.028018,-0.059031,-0.21291,-0.27846,-0.083664,-0.083102,-0.16246,-0.10644,-0.14168,-0.26663,0.02675,-0.18243,-0.022312,0.035094,-0.14875,-0.3179,0.071065,-0.10777,0.088751,-0.29279,-0.12814,-0.14682,-0.21478,-0.30584,-0.13283,-0.21538,0.078877,0.1111,0.10414,-0.26779,-0.044487,-0.084223,0.45632,0.32319,0.20337,0.063395,-0.35143,-0.43126,-0.19872,-0.13514,-0.22613,-0.1003,0.041993,0.059226,0.7936,0.72121,-0.070401,-0.25275,1,0.8321,0.65476,0.71088,0.25887,0.50869,-0.38557,-0.42047,0.086917,0.10894,0.50685,0.35338,0.4061,0.25441,0.36484,0.082011,0.48037,0.4039,0.36996,0.29038,-0.053779,0.10054,-0.059215,-0.02296,0.02088,-0.021364,0.07052,0.015588,-0.12292,0.0086759,0.24448,-0.21303,0.13758,-0.039911,-0.28834,-0.41431,-0.19829,-0.066618,-0.31153,-0.54151,-0.36971,-0.30567
0.038261,0.039678,-0.058235,0.030005,-0.13702,-0.15218,-0.14136,0.050516,-0.20866,-0.2494,0.0038642,-0.10565,-0.14497,0.083306,-0.19886,-0.3576,0.0082607,-0.14852,0.25511,-0.12349,-0.054352,-0.1574,-0.05989,-0.027489,-0.15954,-0.21276,0.016448,0.00069011,-0.10762,-0.39942,-0.030755,-0.075745,0.32127,0.18659,0.25734,0.076972,-0.25625,-0.46362,-0.1657,-0.14152,-0.1633,-0.15509,-0.051892,0.066803,0.6891,0.58008,-0.088774,-0.19623,0.8321,1,0.45554,0.76731,0.16949,0.54841,-0.2857,-0.36534,0.063296,0.19421,0.52309,0.49357,0.34648,0.32043,0.188,0.02021,0.47476,0.57878,0.45066,0.47117,0.05126,0.28709,0.0013062,0.10131,0.021487,-0.11104,0.037069,-0.031063,0.0026548,0.11614,0.18581,-0.098023,-0.11924,-0.19548,-0.30967,-0.48289,-0.2756,0.0025145,-0.23434,-0.44038,-0.30602,-0.23993
0.06553,-0.27633,-0.086921,-0.30608,0.087512,0.033991,-0.11891,-0.17729,0.26055,-0.02786,0.24366,-0.0061369,0.2047,0.25986,0.073755,-0.23152,0.089651,-0.24383,0.12172,-0.36353,-0.17207,-0.18109,-0.024584,-0.2581,0.11285,-0.032433,0.14741,0.13741,0.084353,-0.396,0.11418,-0.069636,0.39929,0.17869,0.37445,0.35873,-0.40317,-0.41656,-0.15141,-0.037408,-0.28018,-0.2219,-0.022653,0.10512,0.45173,0.34267,0.029673,0.019338,0.65476,0.45554,1,0.66828,0.33142,0.45188,-0.28705,-0.083226,-0.25333,-0.28232,0.22415,-0.026587,0.20053,-0.12186,0.2466,-0.091725,0.61666,0.35187,0.42101,0.16502,-0.13346,-0.023248,-0.077442,-0.09887,-0.10546,-0.076282,0.012063,-0.075383,-0.12576,-0.032293,0.11929,-0.34024,0.042801,-0.29513,-0.19623,-0.32782,0.052325,0.025756,-0.18987,-0.38827,-0.13746,0.0077392
