1,0.77711,0.51187,0.18681,-0.15182,-0.14731,0.34661,-0.029349,-0.090776,-0.022008,0.30635,-0.015832,0.27698,-0.14359,-0.072678,-0.032632,0.019457,-0.055864,0.45478,0.58685,-0.2188,-0.21159,0.21519,0.054586,-0.27415,-0.19716,-0.14387,-0.064445,-0.12685,-0.20517,0.16333,0.073917,0.32017,0.28377,-0.35256,-0.2648,0.09168,0.062418,-0.0025514,0.20956,0.12795,0.036894,-0.065738,-0.10875,0.15581,0.1332,-0.19012,-0.27852,0.14697,0.10305,-0.020837,-0.11546,-0.067706,-0.14517,0.076122,0.1229,0.77616,0.76335,0.53625,0.53096,0.51106,0.31371,0.45549,0.26599,0.094438,0.040227,0.017956,-0.090142,0.28687,0.37212,-0.42204,-0.36739,-0.31867,-0.22689,-0.26773,-0.27962,-0.25643,-0.25302,0.25639,0.03553,0.084921,-0.10188,-0.10874,-0.065952,-0.021865,-0.079116,-0.10251,0.17337,0.12411,0.092373
0.77711,1,0.37883,0.14131,-0.11574,-0.077708,0.20115,0.00012213,-0.0728,0.051636,0.19676,-0.034535,0.1926,-0.047706,0.024333,-0.012517,0.092699,0.2075,0.62903,0.71133,-0.16124,-0.061347,0.15651,0.093357,-0.094222,-0.029011,0.042906,0.057679,0.076829,-0.022481,0.17667,0.1789,0.15494,0.15858,-0.26128,-0.10165,0.010312,0.044403,0.011723,0.1076,0.059712,0.015674,-0.040417,-0.0080063,-0.012421,0.18299,-0.046025,-0.10887,0.030601,-0.11826,-0.16653,-0.24406,-0.068395,-0.075115,0.066394,0.086083,0.90098,0.92569,0.47731,0.46857,0.40247,0.42568,0.3993,0.26422,-0.043914,-0.044766,0.092981,-0.14587,0.31338,0.60238,-0.31818,-0.28067,-0.24974,-0.17266,-0.26714,-0.20452,-0.011886,-0.11604,0.4469,0.31472,0.28775,0.20067,0.046065,0.048963,-0.0050957,0.0022317,-0.024327,0.22854,0.080625,0.085142
0.51187,0.37883,1,0.78275,-0.04929,-0.005008,0.6802,0.39074,-9.6351e-005,0.16928,0.17789,0.28694,0.16728,0.1886,-0.068289,0.048064,-0.23111,-0.12057,0.2967,0.31436,-0.0046216,0.065612,0.68785,0.66944,0.11379,0.041869,0.076712,0.093916,-0.3153,-0.23114,0.22157,0.27063,-0.14286,0.025591,-0.024328,0.04949,0.02815,-0.020782,0.16316,0.33609,0.069813,0.1716,0.23092,-0.14088,-0.086299,-0.21967,0.051356,0.022471,-0.23737,-0.026902,0.0031117,-0.070083,-0.071646,-0.18461,0.26241,0.32644,0.2167,0.29235,0.12814,0.35303,0.048947,0.16231,-0.20585,-0.2048,0.29062,0.35288,0.063377,-0.040165,-0.0265,0.15967,0.046779,0.092956,-0.17016,-0.069986,-0.063757,0.0049281,-0.12471,-0.16302,-0.027046,-0.17055,-0.2913,-0.26124,-0.080731,0.006135,0.0079139,0.25841,0.14962,0.2072,0.34288,0.36315
0.18681,0.14131,0.78275,1,0.064043,0.16313,0.51263,0.61918,0.036595,0.22486,-0.10509,0.37563,-0.17826,0.25542,-0.14529,0.052395,-0.40701,-0.15165,0.092082,0.12465,-0.048437,0.05593,0.59357,0.77479,0.29452,0.25381,0.15564,0.18775,-0.45373,-0.33413,0.21083,0.35799,-0.2729,0.0074931,0.12458,0.19177,0.038055,-0.11977,0.15609,0.26785,0.0099102,0.059961,0.3386,0.015275,-0.093142,-0.1476,0.071043,0.11982,-0.2883,-0.0030308,0.061204,0.075473,-0.052862,-0.23559,0.25248,0.31601,-0.055408,0.046572,-0.026302,0.2611,-0.14262,0.11672,-0.43079,-0.25781,0.2936,0.55264,0.1753,0.2109,-0.034729,0.13241,0.067258,0.17679,-0.22334,-0.1558,-0.07583,0.035435,-0.1276,-0.12298,-0.17388,-0.32477,-0.44754,-0.29039,-0.10161,-0.049212,-0.093549,0.34012,0.1481,0.095519,0.32354,0.35306
-0.15182,-0.11574,-0.04929,0.064043,1,0.87205,-0.030796,-0.050328,0.82065,0.68352,0.011357,0.082719,-0.025861,-0.074918,0.72845,0.57255,-0.093729,-0.078535,-0.038929,-0.070783,0.17723,0.34952,-0.077127,0.012935,0.55411,0.65306,0.55765,0.77245,0.093782,0.068073,-0.082277,-0.19128,-0.16887,-0.24366,-0.081604,-0.095865,0.12359,0.19147,0.22079,0.30219,0.054275,0.36536,-0.19489,-0.019842,0.11092,-0.11954,-0.024615,-0.033568,0.20658,0.00086555,-0.1663,-0.016717,-0.075039,0.11639,0.17788,0.30425,-0.093882,-0.030975,0.081849,0.06432,0.055578,0.06581,0.080719,0.044687,0.21575,0.13772,0.07654,0.10125,-0.10826,-0.020349,0.25381,0.32371,0.38859,0.3244,0.50192,0.46125,-0.087993,0.057037,-0.24993,-0.19232,0.058723,0.11656,0.32407,0.41245,0.17309,0.11823,0.065464,0.15026,0.37927,0.26903
-0.14731,-0.077708,-0.005008,0.16313,0.87205,1,-0.036305,-0.0072315,0.83846,0.85893,-0.010581,0.13063,-0.042139,0.039607,0.62062,0.65056,-0.14773,-0.082542,-0.059525,-0.11139,0.19943,0.38174,-0.022365,0.11564,0.58434,0.70823,0.56638,0.76347,0.032821,0.02275,-0.086332,-0.12156,-0.20624,-0.27493,0.0030223,-0.027943,0.12868,0.095268,0.2053,0.25087,0.093062,0.27295,-0.067056,0.13252,0.14495,-0.08648,0.082725,0.039378,0.19349,-0.050507,-0.055343,-0.026371,0.031202,0.11186,0.17715,0.29233,-0.070244,-0.016459,0.045898,0.068466,0.016992,0.0074187,-0.012735,-0.0357,0.23658,0.13113,0.095048,0.11102,-0.016896,0.0063816,0.24003,0.34199,0.34218,0.26583,0.46347,0.45443,-0.077858,0.045406,-0.21282,-0.2025,0.026695,0.142,0.26099,0.38568,0.10364,0.15661,0.083765,0.13659,0.31045,0.26767
0.34661,0.20115,0.6802,0.51263,-0.030796,-0.036305,1,0.63016,0.05632,0.027391,0.17556,-0.058451,0.35997,0.14957,-0.032921,-0.13132,0.028374,-0.13581,0.23151,0.29035,0.0077836,0.041146,0.21519,0.1565,-0.1928,-0.20526,-0.10663,-0.064104,-0.082624,-0.085366,0.0626,0.074661,-0.025244,0.087923,-0.22608,-0.29507,-0.10817,-0.08419,0.011098,0.13095,-0.022416,0.15806,-0.10667,-0.36987,-0.056238,-0.15233,-0.14358,-0.11924,-0.0020282,0.18754,-0.038377,-0.00068396,-0.090369,-0.084956,0.10918,0.18277,0.097369,0.14896,0.30353,0.38584,0.38826,0.38406,-0.086271,0.050287,0.43329,0.34348,0.12026,0.034569,-0.079374,0.15509,0.088072,0.11537,-0.058006,-0.012962,-0.068437,-0.0075599,-0.03663,-0.13291,-0.15558,-0.19451,-0.26201,-0.2686,-0.091783,-0.019366,-0.22367,-0.10976,0.031992,0.07129,0.327,0.28383
-0.029349,0.00012213,0.39074,0.61918,-0.050328,-0.0072315,0.63016,1,-0.092424,-0.038074,-0.16467,0.052537,-0.05413,0.44171,-0.25318,-0.19436,-0.091991,-0.11336,0.03471,0.065973,-0.13363,0.0084522,0.092585,0.16726,-0.037838,-0.056321,-0.015419,0.025199,-0.14658,-0.13171,0.082068,0.21397,-0.19592,0.12253,-0.04056,-0.047703,-0.17542,-0.25385,-0.048334,-0.010717,-0.18067,0.076829,0.01476,-0.18789,-0.06228,0.12223,-0.17352,-0.00064658,-0.13176,0.31271,0.022678,0.2566,-0.14837,-0.17014,0.046181,0.12272,-0.16826,-0.076136,0.14858,0.36149,0.18862,0.51352,-0.3642,0.12719,0.40932,0.64168,0.22267,0.21123,-0.15293,0.11309,0.11568,0.23713,-0.076482,-0.063281,-0.134,0.050675,-0.093089,-0.13509,-0.22122,-0.31729,-0.45374,-0.30584,-0.17191,-0.12124,-0.42037,-0.051748,-0.016453,-0.064419,0.25768,0.28835
-0.090776,-0.0728,-9.6351e-005,0.036595,0.82065,0.83846,0.05632,-0.092424,1,0.79902,0.16317,0.047914,0.24362,0.00094015,0.77664,0.69752,-0.1532,-0.14725,0.029199,-0.003593,0.24999,0.30101,-0.016225,0.0064863,0.41051,0.49201,0.39187,0.5212,0.098846,0.085531,-0.14257,-0.21034,-0.15653,-0.23496,-0.073497,-0.11598,0.086462,0.072297,0.096533,0.12658,0.059421,0.15902,-0.20509,0.031115,0.061465,-0.15719,0.063214,-0.073899,0.27376,-0.10411,-0.14175,-0.094341,0.11357,0.18105,0.080456,0.17612,-0.043967,0.0034959,0.062516,0.043048,0.16707,0.087464,0.1276,0.035385,0.28071,0.084781,-0.077369,-0.076619,-0.052078,-0.019426,0.18269,0.21043,0.34654,0.25459,0.43179,0.29992,-0.1291,-0.025269,-0.19187,-0.062561,0.084153,0.069837,0.27328,0.34217,0.14931,0.097805,-0.026323,-0.029634,0.22154,0.11671
-0.022008,0.051636,0.16928,0.22486,0.68352,0.85893,0.027391,-0.038074,0.79902,1,0.10984,0.22252,0.12637,0.096411,0.49997,0.63719,-0.21538,-0.14583,0.073891,-0.0040857,0.1588,0.34041,0.20785,0.25752,0.45232,0.51958,0.42537,0.60476,-0.018518,-0.061642,0.036974,-0.01914,-0.15484,-0.21593,-0.037186,-0.013202,0.040995,-0.0063502,0.09813,0.17164,0.012435,0.22403,-0.030125,0.12169,0.079296,-0.14294,0.14204,0.0007353,0.19446,-0.15097,-0.080949,-0.1441,0.12899,0.14627,0.13523,0.24652,0.033283,0.080781,0.019131,0.038492,0.016106,-0.0016083,0.033507,-0.084115,0.1879,0.070239,-0.033446,-0.095141,0.013699,0.032137,0.18046,0.25479,0.26873,0.18822,0.35649,0.34169,-0.085905,-0.0058635,-0.055122,-0.13147,0.023948,0.094576,0.12456,0.24572,0.063143,0.16234,-0.036834,0.077888,0.19583,0.19374
0.30635,0.19676,0.17789,-0.10509,0.011357,-0.010581,0.17556,-0.16467,0.16317,0.10984,1,0.3709,0.79898,0.28907,0.21436,0.072985,0.36141,0.24353,0.36734,0.25087,-0.35986,-0.3876,0.35792,0.044621,-0.38589,-0.33282,-0.3198,-0.10189,-0.0084053,-0.13114,0.18308,0.25537,0.28064,0.27781,-0.35909,-0.33399,-0.40276,-0.22951,-0.47361,-0.27162,-0.27921,-0.082204,-0.3177,-0.23478,0.034989,-0.093655,-0.44387,-0.54775,0.080712,-0.18646,-0.085199,-0.21765,-0.2045,-0.26474,-0.435,-0.38796,0.19067,0.14328,-0.065494,-0.16245,0.24123,0.000573,0.34707,0.2116,0.2472,-0.1405,-0.40136,-0.38151,-0.052188,-0.07208,-0.2459,-0.24552,-0.14752,-0.20501,-0.22532,-0.27521,-0.22288,-0.36017,0.26667,0.21957,-0.018109,-0.14476,-0.2358,-0.21803,-0.046659,-0.24554,-0.37135,0.037563,-0.17718,-0.17713
-0.015832,-0.034535,0.28694,0.37563,0.082719,0.13063,-0.058451,0.052537,0.047914,0.22252,0.3709,1,0.02051,0.42236,-0.037173,0.12104,-0.14801,0.22423,0.06724,-0.09341,-0.24183,-0.19316,0.60105,0.56375,0.1765,0.11467,-0.0098878,0.10278,-0.31446,-0.27867,0.22085,0.38152,-0.067899,0.093202,0.10745,0.15505,-0.23454,-0.24741,-0.20389,-0.043752,-0.19123,-0.046327,0.1864,0.11348,0.016373,-0.15179,-0.12793,-0.14776,-0.24316,-0.15965,0.069283,0.04718,-0.097963,-0.34159,-0.14417,-0.10216,-0.21141,-0.19781,-0.27844,-0.19095,-0.31576,-0.24375,-0.077819,-0.07096,0.087479,0.17844,-0.03859,0.061503,-0.17459,-0.16644,-0.052899,-0.0043598,-0.15127,-0.25794,-0.060503,-0.078695,-0.19439,-0.198,0.013983,-0.1573,-0.25305,-0.053611,-0.16318,-0.086222,0.090505,0.29205,-0.027923,0.095648,-0.048352,0.076295
0.27698,0.1926,0.16728,-0.17826,-0.025861,-0.042139,0.35997,-0.05413,0.24362,0.12637,0.79898,0.02051,1,0.24591,0.29659,0.073677,0.37305,0.084064,0.324,0.25797,-0.12709,-0.21386,0.18331,-0.16177,-0.44227,-0.41155,-0.30351,-0.16547,0.17152,0.073157,0.09396,0.11512,0.21329,0.16365,-0.38224,-0.36174,-0.38802,-0.16645,-0.42555,-0.33377,-0.29722,-0.1024,-0.43941,-0.34143,-0.12792,-0.20148,-0.33901,-0.46454,0.14992,-0.15579,-0.21778,-0.30292,-0.068815,-0.11981,-0.38774,-0.33137,0.20977,0.19054,0.073688,-0.039633,0.3927,0.18183,0.3441,0.24995,0.18022,-0.20173,-0.44792,-0.53608,-0.01573,-0.033859,-0.1433,-0.17731,-0.01158,-0.010207,-0.14189,-0.1928,-0.087748,-0.1951,0.23419,0.25255,0.086153,-0.14825,-0.16229,-0.1652,-0.18483,-0.41934,-0.37018,-0.12305,-0.18426,-0.21492
-0.14359,-0.047706,0.1886,0.25542,-0.074918,0.039607,0.14957,0.44171,0.00094015,0.096411,0.28907,0.42236,0.24591,1,-0.025888,0.16817,0.21892,0.21819,0.059886,-0.064809,-0.26621,-0.098735,0.20789,0.20394,0.049052,0.013499,-0.032116,0.012401,-0.031981,-0.043492,-0.039718,0.23521,-0.33527,-0.098814,0.12964,0.23299,-0.31626,-0.3116,-0.18548,-0.20867,-0.30163,-0.10224,0.033396,0.019999,-0.22327,-0.068475,-0.11501,-0.036998,-0.25721,-0.026203,0.12909,0.16689,-0.13522,-0.31444,-0.17116,-0.19368,-0.15254,-0.15382,-0.064441,0.067106,0.090678,0.27948,-0.29317,0.054389,0.3541,0.47025,0.042616,-0.025667,-0.25992,-0.10499,0.099914,0.17267,0.017457,-0.08085,-0.067922,0.023071,0.0011072,-0.083927,0.11587,-0.058655,-0.27728,-0.19678,-0.18038,-0.10382,-0.18583,0.060698,-0.067456,-0.10728,-0.099991,0.082399
-0.072678,0.024333,-0.068289,-0.14529,0.72845,0.62062,-0.032921,-0.25318,0.77664,0.49997,0.21436,-0.037173,0.29659,-0.025888,1,0.70869,0.066277,0.079961,0.11829,0.024528,0.3585,0.42852,-0.085776,-0.090069,0.44313,0.49108,0.48726,0.50588,0.44181,0.43233,-0.23677,-0.28954,-0.25169,-0.37507,0.0068079,-0.025434,0.11884,0.28021,0.26852,0.16418,0.13838,0.23306,-0.23181,-0.019195,-0.16134,-0.25624,0.16512,0.11466,0.096102,-0.15867,-0.31635,-0.26675,-0.011185,0.18994,0.18053,0.21132,0.081976,0.083994,0.063855,0.020322,0.10994,0.099107,0.14456,-0.017166,0.12095,-0.074894,-0.10138,-0.22995,-0.055657,-0.037067,0.25384,0.25593,0.45525,0.42498,0.50697,0.40647,0.11513,0.15043,-0.042886,0.14406,0.40737,0.3455,0.57717,0.57992,0.43233,0.2121,0.215,0.058689,0.23331,0.14223
-0.032632,-0.012517,0.048064,0.052395,0.57255,0.65056,-0.13132,-0.19436,0.69752,0.63719,0.072985,0.12104,0.073677,0.16817,0.70869,1,-0.149,-0.09148,-0.039903,-0.086931,0.26082,0.36873,0.069515,0.089858,0.50842,0.53539,0.4712,0.42222,0.25146,0.29238,-0.29748,-0.28707,-0.38472,-0.41239,0.12049,0.12532,0.30928,0.28763,0.40307,0.28363,0.24661,0.13205,0.01116,0.18779,-0.15409,-0.31166,0.31673,0.22926,0.092398,-0.22263,-0.070221,-0.11463,0.12434,0.10242,0.34865,0.3677,0.014861,0.035251,0.10625,0.12653,0.079796,0.068833,-0.0074979,-0.10248,0.15808,0.048207,0.014149,-0.13999,-0.070673,-0.14093,0.20815,0.24852,0.40297,0.36044,0.51447,0.40068,0.032486,0.12055,-0.070278,-0.0051933,0.18329,0.13818,0.48477,0.54312,0.41463,0.36323,0.22122,-0.02991,0.19621,0.22036
0.019457,0.092699,-0.23111,-0.40701,-0.093729,-0.14773,0.028374,-0.091991,-0.1532,-0.21538,0.36141,-0.14801,0.37305,0.21892,0.066277,-0.149,1,0.57931,0.022347,0.048443,-0.1596,-0.10078,-0.33279,-0.40649,-0.29575,-0.24374,-0.12376,-0.084408,0.41441,0.22859,-0.12871,-0.046125,0.078219,0.024474,-0.12894,-0.097661,-0.30095,-0.074665,-0.222,-0.2472,-0.1722,-0.062594,-0.31419,-0.15968,-0.14564,-0.057534,-0.23294,-0.17716,-0.052511,-0.027829,-0.15867,-0.1161,-0.23715,-0.2222,-0.2659,-0.32319,0.22652,0.10733,0.065819,-0.072734,0.22116,0.090388,0.21978,0.22948,-0.066514,-0.17573,-0.16706,-0.16274,-0.022288,-0.05617,-0.051188,-0.058482,0.099895,0.064596,-0.011711,0.012565,0.22736,0.13317,0.329,0.33236,0.31531,0.2494,-0.0197,0.022628,-0.16127,-0.37355,-0.06789,0.061074,-0.16353,-0.16172
-0.055864,0.2075,-0.12057,-0.15165,-0.078535,-0.082542,-0.13581,-0.11336,-0.14725,-0.14583,0.24353,0.22423,0.084064,0.21819,0.079961,-0.09148,0.57931,1,0.091644,0.072336,-0.13691,-0.11959,-0.064736,-0.027288,0.0006876,0.0020039,0.013942,-0.0097803,0.23172,0.20184,-0.012571,0.16268,-0.026942,-0.00072649,0.070228,0.14892,-0.28683,-0.12252,-0.17812,-0.27439,-0.1977,-0.16979,0.0022951,0.18375,-0.1305,-0.017907,0.0033601,0.00056912,-0.28209,-0.27962,-0.13737,-0.14259,-0.16698,-0.29367,-0.24261,-0.33868,0.22538,0.12669,-0.26067,-0.25514,-0.16405,-0.1186,0.07907,0.05951,-0.15543,-0.17785,-0.14806,-0.062852,0.0083461,0.0019014,-0.10034,-0.10456,0.0063958,-0.065058,-0.091274,-0.076677,0.24665,0.16611,0.37859,0.48098,0.22891,0.42174,0.023238,0.038196,-0.077526,-0.12299,0.14858,0.19082,-0.24725,-0.22196
0.45478,0.62903,0.2967,0.092082,-0.038929,-0.059525,0.23151,0.03471,0.029199,0.073891,0.36734,0.06724,0.324,0.059886,0.11829,-0.039903,0.022347,0.091644,1,0.82759,-0.17216,-0.11702,0.3091,0.17434,-0.17131,-0.13399,-0.12858,-0.011665,-0.0227,-0.11755,0.30671,0.27468,0.27137,0.23558,-0.38228,-0.29341,-0.1678,-0.057234,-0.19344,-0.011065,-0.042813,0.13089,-0.04471,-0.18507,0.036796,0.17998,-0.16096,-0.22088,-0.0017896,-0.1725,-0.18747,-0.26316,-0.17561,0.031803,-0.13157,-0.064304,0.55698,0.55957,0.22268,0.14384,0.25678,0.33431,0.17187,0.10172,0.062951,-0.080371,-0.042221,-0.25924,0.12725,0.56352,-0.22237,-0.22846,-0.23539,-0.1695,-0.26262,-0.25212,-0.17333,-0.31324,0.28027,0.22396,0.067673,0.028042,-0.076832,-0.047319,0.020978,0.027917,-0.17762,0.31437,0.13291,0.12882
0.58685,0.71133,0.31436,0.12465,-0.070783,-0.11139,0.29035,0.065973,-0.003593,-0.0040857,0.25087,-0.09341,0.25797,-0.064809,0.024528,-0.086931,0.048443,0.072336,0.82759,1,-0.25303,-0.21893,0.13975,0.077961,-0.25846,-0.21846,-0.17764,-0.068276,-0.073841,-0.17652,0.17399,0.13167,0.31121,0.30356,-0.40271,-0.31664,-0.11292,-0.027749,-0.17576,-0.0069724,-0.0093317,0.032761,-0.08376,-0.14771,0.073089,0.17948,-0.16243,-0.27975,0.049655,-0.18312,-0.17902,-0.20108,-0.14096,-0.0062742,-0.10949,-0.065752,0.67502,0.66742,0.33549,0.28572,0.36697,0.38372,0.28154,0.22967,-0.01217,-0.052323,0.044492,-0.096827,0.21323,0.61406,-0.3932,-0.41111,-0.32301,-0.20781,-0.33322,-0.31689,-0.22184,-0.27458,0.29532,0.23706,0.056534,-0.047363,-0.14376,-0.10854,-0.0839,-0.068885,-0.2618,0.30629,0.1121,0.070181
-0.2188,-0.16124,-0.0046216,-0.048437,0.17723,0.19943,0.0077836,-0.13363,0.24999,0.1588,-0.35986,-0.24183,-0.12709,-0.26621,0.3585,0.26082,-0.1596,-0.13691,-0.17216,-0.25303,1,0.70607,-0.10232,-0.039683,0.38474,0.31402,0.41598,0.16031,0.28155,0.3595,-0.21043,-0.30029,-0.2835,-0.41594,0.18281,0.077666,0.33533,0.29132,0.41774,0.28227,0.41141,0.15802,0.038042,-0.059607,-0.18432,-0.24531,0.43372,0.43472,-0.028667,0.012176,-0.2282,-0.21279,0.26669,0.33847,0.36612,0.39228,-0.15823,-0.091495,-0.010509,0.011006,-0.21842,-0.15434,-0.12693,-0.30282,-0.24949,-0.2108,-0.011826,-0.099948,-0.053148,-0.077645,0.48003,0.39949,0.43105,0.4476,0.47905,0.35378,0.26364,0.27587,-0.19487,-0.058314,0.31989,0.32243,0.49677,0.49048,0.30496,0.26161,0.46106,0.0353,0.19146,0.18579
-0.21159,-0.061347,0.065612,0.05593,0.34952,0.38174,0.041146,0.0084522,0.30101,0.34041,-0.3876,-0.19316,-0.21386,-0.098735,0.42852,0.36873,-0.10078,-0.11959,-0.11702,-0.21893,0.70607,1,-0.12375,0.037625,0.58187,0.54312,0.59983,0.44439,0.40084,0.41231,-0.22523,-0.2758,-0.4397,-0.52382,0.27886,0.20625,0.30143,0.31085,0.53185,0.36811,0.31911,0.38,0.15459,0.099426,-0.1636,-0.1686,0.54023,0.5943,0.0039994,0.061933,-0.093895,-0.10318,0.16461,0.38975,0.50481,0.5165,-0.057187,-0.02024,0.11007,0.1551,-0.12491,0.041527,-0.22757,-0.32914,-0.10616,-0.0037457,0.19546,0.013551,-0.054447,0.035588,0.55377,0.58497,0.5357,0.51924,0.55709,0.5936,0.36346,0.37903,-0.12603,-0.076313,0.36198,0.42622,0.53008,0.60649,0.39778,0.38257,0.49229,0.10879,0.36382,0.3856
0.21519,0.15651,0.68785,0.59357,-0.077127,-0.022365,0.21519,0.092585,-0.016225,0.20785,0.35792,0.60105,0.18331,0.20789,-0.085776,0.069515,-0.33279,-0.064736,0.3091,0.13975,-0.10232,-0.12375,1,0.82933,0.12279,0.019304,-0.043125,0.047749,-0.4261,-0.34399,0.488,0.57648,0.025519,0.18684,-0.061793,0.078738,-0.14065,-0.15755,-0.12398,0.087738,-0.10999,0.046919,0.22781,-0.098208,-0.14438,-0.25027,-0.076263,-0.11725,-0.31302,-0.28303,-0.026758,-0.15706,-0.087228,-0.24863,-0.010771,0.06464,-0.037314,0.037853,-0.25055,-0.12067,-0.28415,-0.14093,-0.1911,-0.30619,0.11295,0.072565,-0.20579,-0.26455,-0.13817,0.011002,-0.01084,-0.025898,-0.25388,-0.21884,-0.19787,-0.17017,-0.22474,-0.34148,0.054663,-0.079601,-0.34903,-0.29266,-0.25292,-0.22694,0.026427,0.23047,-0.089851,0.078802,0.075642,0.14402
0.054586,0.093357,0.66944,0.77479,0.012935,0.11564,0.1565,0.16726,0.0064863,0.25752,0.044621,0.56375,-0.16177,0.20394,-0.090069,0.089858,-0.40649,-0.027288,0.17434,0.077961,-0.039683,0.037625,0.82933,1,0.40551,0.3181,0.15971,0.19496,-0.43823,-0.3258,0.33566,0.50724,-0.21278,-0.040992,0.20565,0.35426,-0.030735,-0.1258,0.064808,0.17254,-0.0018689,0.056229,0.46606,0.15412,-0.13152,-0.2047,0.17445,0.15804,-0.3963,-0.2755,0.097369,-0.036701,-0.026742,-0.17854,0.13784,0.14941,-0.070388,-0.028429,-0.28787,-0.077648,-0.43557,-0.18876,-0.42395,-0.48861,0.077056,0.24449,0.060684,0.061494,-0.084129,0.10864,0.092918,0.10812,-0.23571,-0.1825,-0.099188,-0.033858,-0.067862,-0.13541,-0.019879,-0.11303,-0.3179,-0.15677,-0.11171,-0.086717,0.12408,0.47815,0.11182,0.14516,0.14334,0.21074
-0.27415,-0.094222,0.11379,0.29452,0.55411,0.58434,-0.1928,-0.037838,0.41051,0.45232,-0.38589,0.1765,-0.44227,0.049052,0.44313,0.50842,-0.29575,0.0006876,-0.17131,-0.25846,0.38474,0.58187,0.12279,0.40551,1,0.92216,0.78147,0.62346,0.13504,0.25913,-0.1329,-0.075856,-0.56229,-0.55159,0.44721,0.49288,0.28785,0.23844,0.5208,0.34603,0.19065,0.22947,0.37665,0.40603,-0.088521,-0.14689,0.51052,0.56788,-0.15121,-0.11742,0.068918,0.077439,0.080825,0.10475,0.46594,0.43447,-0.14185,-0.084082,-0.049478,0.086317,-0.31398,-0.074725,-0.35238,-0.40372,-0.014558,0.17417,0.33248,0.24018,-0.095088,-0.022497,0.44201,0.4965,0.36868,0.38684,0.48346,0.53001,0.22599,0.30015,-0.14768,-0.17631,0.10023,0.26921,0.48256,0.51766,0.36566,0.48359,0.47997,0.085991,0.27803,0.26605
-0.19716,-0.029011,0.041869,0.25381,0.65306,0.70823,-0.20526,-0.056321,0.49201,0.51958,-0.33282,0.11467,-0.41155,0.013499,0.49108,0.53539,-0.24374,0.0020039,-0.13399,-0.21846,0.31402,0.54312,0.019304,0.3181,0.92216,1,0.76383,0.70858,0.12252,0.18246,-0.076197,-0.037065,-0.46309,-0.48644,0.34117,0.38476,0.30786,0.23409,0.46144,0.35307,0.24382,0.20703,0.32337,0.40414,-0.001159,-0.063697,0.39579,0.45597,-0.045808,-0.082129,0.10407,0.075983,0.068358,0.10549,0.39319,0.40888,-0.037147,0.001095,0.01705,0.11877,-0.22809,-0.05944,-0.288,-0.36519,0.057113,0.17982,0.30024,0.2429,-0.0070684,0.045148,0.32637,0.43853,0.30221,0.34071,0.44301,0.46708,0.11335,0.21959,-0.12766,-0.17619,0.11467,0.27157,0.45866,0.49574,0.3186,0.41842,0.38793,0.10079,0.29387,0.26013
-0.14387,0.042906,0.076712,0.15564,0.55765,0.56638,-0.10663,-0.015419,0.39187,0.42537,-0.3198,-0.0098878,-0.30351,-0.032116,0.48726,0.4712,-0.12376,0.013942,-0.12858,-0.17764,0.41598,0.59983,-0.043125,0.15971,0.78147,0.76383,1,0.77051,0.26284,0.34346,-0.26417,-0.21793,-0.50024,-0.54355,0.31103,0.3358,0.28589,0.28252,0.55458,0.36644,0.26995,0.297,0.12266,0.20964,-0.10816,-0.098801,0.43765,0.49946,-0.065864,-0.024487,-0.021995,0.011976,0.089956,0.18549,0.49881,0.5276,-0.0055167,0.056232,0.14765,0.217,-0.097324,0.066749,-0.13721,-0.20292,-0.022814,0.09136,0.32837,0.17138,0.019025,0.049539,0.51768,0.53843,0.49843,0.44521,0.5494,0.64281,0.29765,0.34943,-0.16222,-0.10273,0.17209,0.33279,0.65522,0.58703,0.34214,0.35864,0.50124,0.15798,0.42487,0.41045
-0.064445,0.057679,0.093916,0.18775,0.77245,0.76347,-0.064104,0.025199,0.5212,0.60476,-0.10189,0.10278,-0.16547,0.012401,0.50588,0.42222,-0.084408,-0.0097803,-0.011665,-0.068276,0.16031,0.44439,0.047749,0.19496,0.62346,0.70858,0.77051,1,0.044802,0.050234,0.0082972,-0.023356,-0.20679,-0.26378,-0.010555,0.067931,0.061485,0.12426,0.28988,0.32288,0.02914,0.41196,-0.0029068,0.08843,0.070773,0.024847,0.10164,0.1282,0.0512,0.038537,-0.030825,0.028194,-0.05903,0.11512,0.26753,0.37517,0.021141,0.10979,0.12307,0.16467,-0.023377,0.10922,-0.017444,-0.021402,0.13713,0.17394,0.19961,0.13107,0.012248,0.12124,0.34023,0.4199,0.35652,0.2646,0.39916,0.51018,0.050415,0.13953,-0.15102,-0.14397,0.040528,0.17883,0.27817,0.36139,0.1652,0.21482,0.15791,0.25759,0.45769,0.42914
-0.12685,0.076829,-0.3153,-0.45373,0.093782,0.032821,-0.082624,-0.14658,0.098846,-0.018518,-0.0084053,-0.31446,0.17152,-0.031981,0.44181,0.25146,0.41441,0.23172,-0.0227,-0.073841,0.28155,0.40084,-0.4261,-0.43823,0.13504,0.12252,0.26284,0.044802,1,0.83157,-0.29462,-0.32651,-0.27441,-0.368,0.083739,0.038932,0.043179,0.27818,0.21915,-0.13272,0.066607,0.05926,-0.25082,0.074933,-0.26933,-0.11559,0.28194,0.34217,0.025744,-0.088765,-0.32269,-0.27735,0.01858,0.24287,0.11199,0.043793,0.17449,0.10214,0.17155,0.071611,0.15658,0.18442,0.2104,0.11849,-0.21828,-0.32383,-0.029735,-0.27354,-0.022104,-0.05611,0.24213,0.25224,0.50667,0.55108,0.34034,0.36707,0.43368,0.35924,0.2101,0.41455,0.70009,0.62262,0.60501,0.54581,0.29755,-0.033821,0.28258,-0.11851,-0.082087,-0.084838
-0.20517,-0.022481,-0.23114,-0.33413,0.068073,0.02275,-0.085366,-0.13171,0.085531,-0.061642,-0.13114,-0.27867,0.073157,-0.043492,0.43233,0.29238,0.22859,0.20184,-0.11755,-0.17652,0.3595,0.41231,-0.34399,-0.3258,0.25913,0.18246,0.34346,0.050234,0.83157,1,-0.48067,-0.44268,-0.41964,-0.5346,0.20622,0.17152,0.17391,0.47749,0.44511,0.045335,0.074322,0.21019,-0.17905,0.087343,-0.3283,-0.19847,0.44282,0.51031,-0.033104,-0.097212,-0.3,-0.23233,0.048081,0.22305,0.29024,0.1911,0.011531,0.015182,0.1273,0.087017,0.034647,0.14452,0.055627,-0.0049053,-0.24165,-0.28862,0.03321,-0.21249,-0.00085602,-0.15859,0.38865,0.37931,0.60182,0.69789,0.50067,0.53351,0.5696,0.55705,0.015504,0.32881,0.58176,0.55593,0.67762,0.67749,0.3385,0.067119,0.4986,-0.023596,0.0045617,0.017339
0.16333,0.17667,0.22157,0.21083,-0.082277,-0.086332,0.0626,0.082068,-0.14257,0.036974,0.18308,0.22085,0.09396,-0.039718,-0.23677,-0.29748,-0.12871,-0.012571,0.30671,0.17399,-0.21043,-0.22523,0.488,0.33566,-0.1329,-0.076197,-0.26417,0.0082972,-0.29462,-0.48067,1,0.8404,0.48643,0.61769,-0.2733,-0.17687,-0.36536,-0.48103,-0.51041,-0.28482,-0.25892,-0.24151,0.073196,-0.11077,0.14758,0.1475,-0.38855,-0.42002,-0.11137,-0.1313,-0.092947,-0.11402,-0.082806,-0.16449,-0.39706,-0.27446,0.11832,0.1197,-0.24063,-0.20758,-0.16384,-0.072762,0.048163,0.015409,0.089491,-0.023601,-0.29953,-0.25606,0.0071185,0.21919,-0.27108,-0.29745,-0.53248,-0.42636,-0.57194,-0.50513,-0.43919,-0.53568,0.1741,0.0033641,-0.19303,-0.21291,-0.47627,-0.5208,-0.28563,-0.21346,-0.44759,-0.17782,-0.1556,-0.18654
0.073917,0.1789,0.27063,0.35799,-0.19128,-0.12156,0.074661,0.21397,-0.21034,-0.01914,0.25537,0.38152,0.11512,0.23521,-0.28954,-0.28707,-0.046125,0.16268,0.27468,0.13167,-0.30029,-0.2758,0.57648,0.50724,-0.075856,-0.037065,-0.21793,-0.023356,-0.32651,-0.44268,0.8404,1,0.25056,0.4771,-0.13263,0.016211,-0.4762,-0.52886,-0.53303,-0.36993,-0.36138,-0.3285,0.14885,5.8899e-006,0.045017,0.12824,-0.36635,-0.35037,-0.22429,-0.18184,0.024543,-0.029985,-0.15042,-0.31755,-0.42688,-0.36651,0.068393,0.076057,-0.29122,-0.19787,-0.24212,-0.030321,-0.13115,-0.062044,0.098114,0.10391,-0.20329,-0.15205,-0.043458,0.21688,-0.23124,-0.24413,-0.52242,-0.47603,-0.61932,-0.49288,-0.28148,-0.45655,0.27631,0.10085,-0.28196,-0.2542,-0.49551,-0.55098,-0.3415,-0.16183,-0.37817,-0.16459,-0.21399,-0.18691
0.32017,0.15494,-0.14286,-0.2729,-0.16887,-0.20624,-0.025244,-0.19592,-0.15653,-0.15484,0.28064,-0.067899,0.21329,-0.33527,-0.25169,-0.38472,0.078219,-0.026942,0.27137,0.31121,-0.2835,-0.4397,0.025519,-0.21278,-0.56229,-0.46309,-0.50024,-0.20679,-0.27441,-0.41964,0.48643,0.25056,1,0.79433,-0.49745,-0.52645,-0.21469,-0.30108,-0.51648,-0.241,-0.069794,-0.10294,-0.22778,-0.27941,0.3452,0.25078,-0.50499,-0.61721,0.14224,0.0050171,-0.1161,-0.11587,-0.11635,-0.069949,-0.46577,-0.37946,0.22515,0.15038,-0.039514,-0.2072,0.19644,-0.10248,0.45611,0.35056,-0.030465,-0.28729,-0.30369,-0.12725,0.14879,0.18822,-0.50252,-0.55536,-0.44784,-0.42152,-0.44844,-0.51707,-0.46075,-0.45885,0.076894,0.02077,-0.034114,-0.16095,-0.48566,-0.47817,-0.28892,-0.44892,-0.52236,0.07949,-0.15064,-0.23032
0.28377,0.15858,0.025591,0.0074931,-0.24366,-0.27493,0.087923,0.12253,-0.23496,-0.21593,0.27781,0.093202,0.16365,-0.098814,-0.37507,-0.41239,0.024474,-0.00072649,0.23558,0.30356,-0.41594,-0.52382,0.18684,-0.040992,-0.55159,-0.48644,-0.54355,-0.26378,-0.368,-0.5346,0.61769,0.4771,0.79433,1,-0.38283,-0.39204,-0.3376,-0.46606,-0.6081,-0.32641,-0.19759,-0.24644,-0.12742,-0.24092,0.2772,0.29539,-0.59498,-0.65716,-0.019713,-0.0078687,-0.079999,-0.014203,-0.24221,-0.24171,-0.51617,-0.42184,0.13474,0.098006,-0.14131,-0.18525,0.13671,0.019624,0.28232,0.36654,0.13633,-0.0022252,-0.31299,-0.10687,0.042108,0.1648,-0.5217,-0.54695,-0.58563,-0.55418,-0.6098,-0.6199,-0.52973,-0.5697,0.12256,0.013407,-0.25156,-0.31812,-0.59227,-0.60549,-0.41193,-0.40563,-0.59995,-0.056327,-0.15553,-0.22113
-0.35256,-0.26128,-0.024328,0.12458,-0.081604,0.0030223,-0.22608,-0.04056,-0.073497,-0.037186,-0.35909,0.10745,-0.38224,0.12964,0.0068079,0.12049,-0.12894,0.070228,-0.38228,-0.40271,0.18281,0.27886,-0.061793,0.20565,0.44721,0.34117,0.31103,-0.010555,0.083739,0.20622,-0.2733,-0.13263,-0.49745,-0.38283,1,0.78737,0.14433,0.054453,0.29206,0.052521,0.11653,-0.053464,0.45342,0.4115,-0.093164,-0.13441,0.45616,0.50414,-0.38006,-0.1449,0.12586,0.094727,0.031457,0.007577,0.21196,0.083564,-0.27238,-0.37675,-0.28412,-0.19645,-0.36476,-0.28382,-0.38626,-0.38929,0.071286,0.1917,0.23763,0.26359,-0.064437,-0.24146,0.25649,0.26439,0.1458,0.14411,0.27395,0.28813,0.34729,0.36843,0.022648,-0.012959,0.11529,0.26189,0.34351,0.25824,0.38306,0.45234,0.3962,-0.035771,-0.064405,0.0078058
-0.2648,-0.10165,0.04949,0.19177,-0.095865,-0.027943,-0.29507,-0.047703,-0.11598,-0.013202,-0.33399,0.15505,-0.36174,0.23299,-0.025434,0.12532,-0.097661,0.14892,-0.29341,-0.31664,0.077666,0.20625,0.078738,0.35426,0.49288,0.38476,0.3358,0.067931,0.038932,0.17152,-0.17687,0.016211,-0.52645,-0.39204,0.78737,1,0.15128,0.10439,0.28726,0.09212,0.076381,-0.069244,0.49665,0.48562,-0.21755,-0.086894,0.4972,0.52318,-0.39665,-0.18885,0.13882,0.11479,0.077826,-0.045242,0.23143,0.090965,-0.11501,-0.18345,-0.25953,-0.11001,-0.39579,-0.15521,-0.41492,-0.39012,-0.024703,0.22702,0.19485,0.17157,-0.029074,-0.1542,0.18282,0.16861,0.081239,0.10643,0.15111,0.2133,0.35715,0.379,0.11593,0.13952,0.071702,0.18941,0.25263,0.1966,0.26117,0.45246,0.35707,-0.04318,-0.095652,-0.021031
0.09168,0.010312,0.02815,0.038055,0.12359,0.12868,-0.10817,-0.17542,0.086462,0.040995,-0.40276,-0.23454,-0.38802,-0.31626,0.11884,0.30928,-0.30095,-0.28683,-0.1678,-0.11292,0.33533,0.30143,-0.14065,-0.030735,0.28785,0.30786,0.28589,0.061485,0.043179,0.17391,-0.36536,-0.4762,-0.21469,-0.3376,0.14433,0.15128,1,0.62248,0.71401,0.66487,0.72805,0.21694,0.15151,0.033242,-0.081107,-0.17425,0.42224,0.42055,-0.014704,0.025235,-0.037901,-0.072744,0.22891,0.11584,0.65822,0.62415,0.024317,0.068663,0.21302,0.25335,0.029342,-0.04033,-0.10464,-0.25518,-0.10136,-0.038328,0.21057,0.16767,0.13283,-0.051405,0.15046,0.19015,0.2175,0.32972,0.41961,0.32656,0.11431,0.25356,-0.28941,-0.20549,0.12109,0.058003,0.47721,0.41722,0.34067,0.33503,0.43472,0.059202,0.35866,0.27531
0.062418,0.044403,-0.020782,-0.11977,0.19147,0.095268,-0.08419,-0.25385,0.072297,-0.0063502,-0.22951,-0.24741,-0.16645,-0.3116,0.28021,0.28763,-0.074665,-0.12252,-0.057234,-0.027749,0.29132,0.31085,-0.15755,-0.1258,0.23844,0.23409,0.28252,0.12426,0.27818,0.47749,-0.48103,-0.52886,-0.30108,-0.46606,0.054453,0.10439,0.62248,1,0.68274,0.66832,0.46156,0.51147,-0.032204,-0.023556,-0.20073,-0.24446,0.3868,0.42818,0.01378,-0.032017,-0.17927,-0.19051,0.037915,0.13909,0.60005,0.54826,0.086503,0.13252,0.20899,0.17676,0.02078,0.01831,-0.0079358,-0.16199,-0.1948,-0.1856,0.085913,-0.053859,0.030805,-0.14864,0.18197,0.21159,0.40369,0.54209,0.5382,0.49076,0.33059,0.51529,-0.11652,-0.023958,0.25704,0.17593,0.52059,0.60156,0.34812,0.22405,0.45503,0.31603,0.34746,0.27919
-0.0025514,0.011723,0.16316,0.15609,0.22079,0.2053,0.011098,-0.048334,0.096533,0.09813,-0.47361,-0.20389,-0.42555,-0.18548,0.26852,0.40307,-0.222,-0.17812,-0.19344,-0.17576,0.41774,0.53185,-0.12398,0.064808,0.5208,0.46144,0.55458,0.28988,0.21915,0.44511,-0.51041,-0.53303,-0.51648,-0.6081,0.29206,0.28726,0.71401,0.68274,1,0.75563,0.52267,0.45356,0.21531,0.10221,-0.157,-0.2402,0.61118,0.70197,-0.065071,0.091466,-0.021742,0.0072958,0.11652,0.16981,0.89513,0.8037,-0.014571,0.069231,0.26731,0.36463,-0.050651,0.060671,-0.23946,-0.31824,-0.092868,0.078119,0.40373,0.21108,-0.006805,-0.089142,0.40103,0.43232,0.44503,0.5422,0.62082,0.6423,0.37156,0.48772,-0.3104,-0.1703,0.18318,0.23147,0.6515,0.73168,0.47942,0.46692,0.75906,0.23339,0.5295,0.50965
0.20956,0.1076,0.33609,0.26785,0.30219,0.25087,0.13095,-0.010717,0.12658,0.17164,-0.27162,-0.043752,-0.33377,-0.20867,0.16418,0.28363,-0.2472,-0.27439,-0.011065,-0.0069724,0.28227,0.36811,0.087738,0.17254,0.34603,0.35307,0.36644,0.32288,-0.13272,0.045335,-0.28482,-0.36993,-0.241,-0.32641,0.052521,0.09212,0.66487,0.66832,0.75563,1,0.55369,0.59519,0.18339,-0.092788,-0.0056686,-0.19903,0.29488,0.36483,-0.031097,0.17388,-0.0089417,0.033567,0.041564,0.06753,0.76954,0.81421,0.046995,0.14958,0.29843,0.38102,0.024164,0.070501,-0.16525,-0.24422,0.050373,0.17435,0.30201,0.20131,-0.0398,-0.022929,0.22941,0.2949,0.2309,0.35289,0.49765,0.47671,0.054637,0.2174,-0.31339,-0.35198,-0.043816,-0.024259,0.36154,0.53693,0.32822,0.44217,0.48546,0.4568,0.67329,0.65425
0.12795,0.059712,0.069813,0.0099102,0.054275,0.093062,-0.022416,-0.18067,0.059421,0.012435,-0.27921,-0.19123,-0.29722,-0.30163,0.13838,0.24661,-0.1722,-0.1977,-0.042813,-0.0093317,0.41141,0.31911,-0.10999,-0.0018689,0.19065,0.24382,0.26995,0.02914,0.066607,0.074322,-0.25892,-0.36138,-0.069794,-0.19759,0.11653,0.076381,0.72805,0.46156,0.52267,0.55369,1,0.14002,0.17126,-0.049336,-0.027237,-0.15914,0.3005,0.30498,-0.12362,-0.010409,-0.071841,-0.12949,0.1795,0.13436,0.49548,0.50864,0.11886,0.070206,0.15983,0.17103,0.010449,-0.14543,-0.05116,-0.26627,-0.10591,-0.081596,0.15899,0.14561,0.050904,0.030214,0.03912,0.051252,0.094998,0.22842,0.30514,0.18539,-0.047443,0.040804,-0.20046,-0.17216,0.2024,0.15872,0.48566,0.40454,0.38862,0.38763,0.39494,0.2241,0.41487,0.34273
0.036894,0.015674,0.1716,0.059961,0.36536,0.27295,0.15806,0.076829,0.15902,0.22403,-0.082204,-0.046327,-0.1024,-0.10224,0.23306,0.13205,-0.062594,-0.16979,0.13089,0.032761,0.15802,0.38,0.046919,0.056229,0.22947,0.20703,0.297,0.41196,0.05926,0.21019,-0.24151,-0.3285,-0.10294,-0.24644,-0.053464,-0.069244,0.21694,0.51147,0.45356,0.59519,0.14002,1,-0.1045,-0.21501,0.041815,0.011582,0.080134,0.19887,0.062454,0.25771,-0.093755,-0.017561,-0.2744,0.1671,0.41233,0.45755,-0.0049842,0.046445,0.20194,0.1704,0.09199,0.18481,-0.062827,-0.066134,0.1234,0.11372,0.18763,0.057423,-0.10897,0.019619,0.384,0.43265,0.41625,0.40606,0.49634,0.57375,0.19616,0.22838,-0.18606,-0.22542,0.047811,0.11236,0.23643,0.46849,0.20524,0.21287,0.30392,0.5213,0.51471,0.51978
-0.065738,-0.040417,0.23092,0.3386,-0.19489,-0.067056,-0.10667,0.01476,-0.20509,-0.030125,-0.3177,0.1864,-0.43941,0.033396,-0.23181,0.01116,-0.31419,0.0022951,-0.04471,-0.08376,0.038042,0.15459,0.22781,0.46606,0.37665,0.32337,0.12266,-0.0029068,-0.25082,-0.17905,0.073196,0.14885,-0.22778,-0.12742,0.45342,0.49665,0.15151,-0.032204,0.21531,0.18339,0.17126,-0.1045,1,0.65951,0.20804,0.13344,0.51144,0.48308,-0.16229,-0.048742,0.54604,0.40437,0.13319,0.10707,0.29728,0.17744,-0.076908,-0.099207,-0.19485,-0.025359,-0.3762,-0.21654,-0.45052,-0.43131,-0.039489,0.19958,0.29964,0.2712,-0.053049,-0.008183,0.032522,0.036376,-0.16654,-0.12639,-0.05434,-0.054583,0.0089436,0.024078,0.08504,-0.090469,-0.20199,0.00067864,-0.034851,-0.015941,0.24064,0.48494,0.20372,0.16037,0.09457,0.15687
-0.10875,-0.0080063,-0.14088,0.015275,-0.019842,0.13252,-0.36987,-0.18789,0.031115,0.12169,-0.23478,0.11348,-0.34143,0.019999,-0.019195,0.18779,-0.15968,0.18375,-0.18507,-0.14771,-0.059607,0.099426,-0.098208,0.15412,0.40603,0.40414,0.20964,0.08843,0.074933,0.087343,-0.11077,5.8899e-006,-0.27941,-0.24092,0.4115,0.48562,0.033242,-0.023556,0.10221,-0.092788,-0.049336,-0.21501,0.65951,1,0.21332,0.27135,0.52685,0.421,0.088663,-0.082898,0.50462,0.35351,0.20313,0.18099,0.094555,-0.081765,0.059543,-0.0038809,-0.14353,-0.057537,-0.19646,-0.12878,-0.12206,-0.12968,-0.083649,0.037248,0.212,0.22067,0.019512,-0.084602,-0.054597,-0.021988,0.035327,-0.064943,0.010285,-0.0016623,0.19078,0.21982,0.24244,0.17923,0.088372,0.23833,0.046857,0.057637,0.21758,0.2873,0.082917,-0.050469,-0.25763,-0.19624
0.15581,-0.012421,-0.086299,-0.093142,0.11092,0.14495,-0.056238,-0.06228,0.061465,0.079296,0.034989,0.016373,-0.12792,-0.22327,-0.16134,-0.15409,-0.14564,-0.1305,0.036796,0.073089,-0.18432,-0.1636,-0.14438,-0.13152,-0.088521,-0.001159,-0.10816,0.070773,-0.26933,-0.3283,0.14758,0.045017,0.3452,0.2772,-0.093164,-0.21755,-0.081107,-0.20073,-0.157,-0.0056686,-0.027237,0.041815,0.20804,0.21332,1,0.61313,-0.21659,-0.27049,0.54869,0.42529,0.43712,0.50359,-0.13269,0.1442,-0.079385,-0.047357,0.045279,0.037368,0.12673,0.084475,0.08762,-0.023486,0.25453,0.29187,0.15473,0.12903,0.30389,0.39058,0.020295,0.12489,-0.15224,-0.19678,-0.14983,-0.23306,-0.14539,-0.16614,-0.37049,-0.30603,0.040229,-0.18418,-0.17133,-0.12029,-0.22775,-0.16108,-0.043106,-0.10345,-0.19358,0.19704,0.12833,0.089866
0.1332,0.18299,-0.21967,-0.1476,-0.11954,-0.08648,-0.15233,0.12223,-0.15719,-0.14294,-0.093655,-0.15179,-0.20148,-0.068475,-0.25624,-0.31166,-0.057534,-0.017907,0.17998,0.17948,-0.24531,-0.1686,-0.25027,-0.2047,-0.14689,-0.063697,-0.098801,0.024847,-0.11559,-0.19847,0.1475,0.12824,0.25078,0.29539,-0.13441,-0.086894,-0.17425,-0.24446,-0.2402,-0.19903,-0.15914,0.011582,0.13344,0.27135,0.61313,1,-0.18925,-0.16079,0.40413,0.49857,0.39872,0.43582,-0.12058,0.22846,-0.19668,-0.20405,0.22065,0.23304,0.19588,0.198,0.19627,0.3241,0.16877,0.34527,0.15212,0.23145,0.25741,0.286,0.11763,0.31088,-0.13568,-0.14527,-0.14987,-0.30705,-0.34367,-0.2799,-0.14644,-0.25109,0.20879,0.10652,-0.086615,-0.013804,-0.24591,-0.26541,-0.15245,-0.065251,-0.24328,0.04647,-0.041611,-0.048135
-0.19012,-0.046025,0.051356,0.071043,-0.024615,0.082725,-0.14358,-0.17352,0.063214,0.14204,-0.44387,-0.12793,-0.33901,-0.11501,0.16512,0.31673,-0.23294,0.0033601,-0.16096,-0.16243,0.43372,0.54023,-0.076263,0.17445,0.51052,0.39579,0.43765,0.10164,0.28194,0.44282,-0.38855,-0.36635,-0.50499,-0.59498,0.45616,0.4972,0.42224,0.3868,0.61118,0.29488,0.3005,0.080134,0.51144,0.52685,-0.21659,-0.18925,1,0.86648,-0.11117,-0.21992,0.11519,-0.004271,0.46143,0.35204,0.60934,0.44515,-0.021003,-0.028975,-0.061219,0.035012,-0.26155,-0.12931,-0.27541,-0.41764,-0.26754,-0.10447,0.21312,0.055354,0.063179,-0.081871,0.3345,0.31004,0.36997,0.38529,0.44887,0.41183,0.4328,0.51893,-0.057216,0.11985,0.27653,0.37471,0.46361,0.49413,0.42996,0.49395,0.53762,0.044707,0.099734,0.14272
-0.27852,-0.10887,0.022471,0.11982,-0.033568,0.039378,-0.11924,-0.00064658,-0.073899,0.0007353,-0.54775,-0.14776,-0.46454,-0.036998,0.11466,0.22926,-0.17716,0.00056912,-0.22088,-0.27975,0.43472,0.5943,-0.11725,0.15804,0.56788,0.45597,0.49946,0.1282,0.34217,0.51031,-0.42002,-0.35037,-0.61721,-0.65716,0.50414,0.52318,0.42055,0.42818,0.70197,0.36483,0.30498,0.19887,0.48308,0.421,-0.27049,-0.16079,0.86648,1,-0.2116,-0.0301,0.12872,0.076608,0.27393,0.34015,0.67913,0.5367,-0.12731,-0.11111,0.0044021,0.13052,-0.28468,-0.057243,-0.42545,-0.46023,-0.21701,0.010415,0.34401,0.1619,-0.045493,-0.096955,0.44011,0.45473,0.39093,0.45195,0.47249,0.53358,0.5007,0.52396,-0.12894,-0.013214,0.24666,0.4315,0.53149,0.58454,0.4537,0.54106,0.6646,0.076931,0.2298,0.29731
0.14697,0.030601,-0.23737,-0.2883,0.20658,0.19349,-0.0020282,-0.13176,0.27376,0.19446,0.080712,-0.24316,0.14992,-0.25721,0.096102,0.092398,-0.052511,-0.28209,-0.0017896,0.049655,-0.028667,0.0039994,-0.31302,-0.3963,-0.15121,-0.045808,-0.065864,0.0512,0.025744,-0.033104,-0.11137,-0.22429,0.14224,-0.019713,-0.38006,-0.39665,-0.014704,0.01378,-0.065071,-0.031097,-0.12362,0.062454,-0.16229,0.088663,0.54869,0.40413,-0.11117,-0.2116,1,0.40635,0.3957,0.36894,0.13794,0.35119,-0.0089332,0.012768,0.11068,0.19031,0.42055,0.27551,0.36394,0.27101,0.37153,0.34452,0.0048473,-0.063236,0.19071,0.063128,0.10242,0.076417,0.033694,-0.0112,0.18468,0.048583,0.022462,-0.020228,-0.085933,-0.055873,0.062499,-0.042543,-0.013264,-0.13474,-0.089485,-0.043817,-0.12532,-0.27229,-0.26199,-0.13791,-0.034446,-0.066957
0.10305,-0.11826,-0.026902,-0.0030308,0.00086555,-0.050507,0.18754,0.31271,-0.10411,-0.15097,-0.18646,-0.15965,-0.15579,-0.026203,-0.15867,-0.22263,-0.027829,-0.27962,-0.1725,-0.18312,0.012176,0.061933,-0.28303,-0.2755,-0.11742,-0.082129,-0.024487,0.038537,-0.088765,-0.097212,-0.1313,-0.18184,0.0050171,-0.0078687,-0.1449,-0.18885,0.025235,-0.032017,0.091466,0.17388,-0.010409,0.25771,-0.048742,-0.082898,0.42529,0.49857,-0.21992,-0.0301,0.40635,1,0.37706,0.54617,-0.16409,0.18078,0.14555,0.20103,-0.10694,-0.036137,0.40466,0.45138,0.29035,0.33349,0.031478,0.29748,0.29648,0.45282,0.37088,0.37719,-0.094833,0.005972,0.14563,0.17603,0.055796,-0.031953,0.013506,0.097265,-0.055523,-0.034992,-0.1698,-0.39456,-0.15573,-0.12238,-0.10242,-0.012563,-0.12591,-0.043915,0.021183,0.020232,0.27173,0.29841
-0.020837,-0.16653,0.0031117,0.061204,-0.1663,-0.055343,-0.038377,0.022678,-0.14175,-0.080949,-0.085199,0.069283,-0.21778,0.12909,-0.31635,-0.070221,-0.15867,-0.13737,-0.18747,-0.17902,-0.2282,-0.093895,-0.026758,0.097369,0.068918,0.10407,-0.021995,-0.030825,-0.32269,-0.3,-0.092947,0.024543,-0.1161,-0.079999,0.12586,0.13882,-0.037901,-0.17927,-0.021742,-0.0089417,-0.071841,-0.093755,0.54604,0.50462,0.43712,0.39872,0.11519,0.12872,0.3957,0.37706,1,0.77917,0.12415,0.16437,0.086826,-0.017026,-0.16369,-0.1569,0.13658,0.1528,0.050271,0.011186,-0.22149,-0.11696,0.19282,0.29111,0.46009,0.44818,-0.074692,-0.027844,0.033802,0.036585,-0.087501,-0.21349,-0.18257,-0.13582,-0.052056,-0.097368,0.032271,-0.21981,-0.41509,-0.27881,-0.30106,-0.26701,-0.014581,0.12104,-0.1052,-0.021436,0.008475,0.081642
