1,0.42512,0.093449,-0.16087,0.025583,-0.17512,0.3289,-0.16355,0.34676,0.034542,0.43798,-0.07458,0.7302,0.01485,0.34767,0.027778,0.085458,-0.029581,0.32973,0.10883,-0.096497,-0.026231,0.090709,-0.017534,0.15015,-0.11305,0.0033366,-0.035581,-0.011724,-0.14504,-0.15107,-0.23827,0.02985,-0.11031,-0.019845,-0.17405,0.18584,0.18154,-0.0086458,0.092842,0.026893,0.062369,-0.13749,-0.34588,-0.10675,-0.15534,0.031172,-0.10665,0.47913,0.14493,0.29001,0.13033,0.18487,0.21562,0.11428,0.099512,0.33819,0.23244,0.25167,0.13552,0.37472,-0.071662,0.069975,-0.028053,-0.062639,-0.21442,-0.31136,-0.32141,-0.025913,-0.091044,-0.030318,0.054354,0.12205,0.12491,0.1399,0.10534,0.14643,0.043812,-0.093835,-0.14792,-0.088845,-0.25368,-0.010351,-0.037521,-0.12131,-0.38525,-0.068834,-0.0064495,0.07031,-0.078403
0.42512,1,-0.35456,-0.15147,-0.12497,-0.13195,-0.079878,0.23748,-0.19985,-0.12103,-0.15639,0.41958,0.0014603,0.27991,-0.27925,-0.1889,0.29727,0.39807,0.10242,0.50742,-0.18967,-0.29354,-0.48312,-0.50466,-0.4909,-0.5192,-0.24455,-0.23059,0.2283,0.38746,-0.29211,-0.21165,0.37387,0.39573,-0.56486,-0.47406,-0.092577,0.086128,-0.4257,-0.057923,-0.038305,0.029759,-0.48728,-0.42146,0.049797,0.3027,-0.26523,-0.23382,0.22045,0.44466,-0.17886,0.19779,-0.16588,0.078479,-0.18957,-0.16883,0.50538,0.67395,0.64384,0.67025,0.55216,0.54881,0.44568,0.58689,-0.53904,-0.24096,0.11772,0.30079,0.21041,0.24114,-0.33287,-0.18889,0.14671,0.18458,0.18559,0.12894,0.1949,0.24391,-0.0053442,0.041734,0.22833,0.29442,-0.19591,0.23388,-0.68256,-0.2423,-0.42257,-0.26328,-0.57183,-0.4824
0.093449,-0.35456,1,0.35637,7.0418e-005,-0.12218,0.72639,-0.12836,0.18337,-0.092623,0.45549,-0.44394,0.21139,-0.29312,0.43561,-0.0037058,-0.28678,-0.27179,0.5326,-0.16806,-0.048309,-0.12445,0.83416,0.53034,0.42191,0.21207,0.062756,-0.077321,-0.11966,-0.39286,0.32745,0.075709,-0.18582,-0.41407,0.42536,0.12654,0.049173,-0.14737,0.21288,-0.050189,0.057018,-0.09418,0.31301,0.15482,0.098983,-0.2746,0.27095,0.22206,-0.11116,-0.3636,0.092319,-0.21063,0.086884,0.19171,-0.013666,0.012681,-0.23808,-0.18411,-0.30356,-0.28597,-0.36984,-0.43581,-0.48359,-0.4934,0.62462,-0.012102,0.095392,-0.37119,-0.14202,-0.25305,0.3606,0.14764,-0.011859,-0.225,-0.034455,-0.049231,0.11801,-0.14372,-0.083033,-0.014342,-0.37388,-0.33111,0.28667,-0.15016,0.39692,-0.073362,0.25924,-0.066704,0.33937,0.22824
-0.16087,-0.15147,0.35637,1,-0.12483,0.030036,0.30173,0.71477,0.17694,0.31328,-0.085097,0.20444,-0.05208,0.37344,-0.019167,0.38696,-0.42828,-0.22155,-0.095278,-0.33835,-0.22441,-0.25885,0.44755,0.70579,0.11688,0.21001,-0.079024,-0.068519,-0.35449,-0.34123,0.0018629,0.12141,-0.36985,-0.35103,0.39487,0.36134,-0.16557,-0.28907,0.079146,-0.055509,-0.099232,-0.12178,0.13838,0.064,0.14768,-0.074391,0.11604,0.036734,0.10946,-0.069948,0.17569,0.23462,-0.13322,-0.11991,-0.18394,-0.15267,-0.40293,-0.36786,-0.25754,0.036805,-0.24395,0.084715,-0.48969,-0.40556,0.55903,0.71395,0.28289,0.19425,-0.4666,-0.1468,-0.0057885,-0.042084,-0.30372,-0.38133,-0.19885,-0.23344,-0.13418,-0.069604,-0.20707,-0.23111,-0.46733,-0.40637,-0.12364,-0.11898,0.17643,0.30469,-0.067302,-0.068044,0.18134,0.44246
0.025583,-0.12497,7.0418e-005,-0.12483,1,0.80388,-0.16562,-0.18017,0.62576,0.53669,0.048014,-0.16803,0.056265,-0.14767,0.51848,0.40357,-0.18585,-0.088,-0.03399,-0.15356,0.53043,0.46359,0.0096233,-0.038734,0.3948,0.52194,0.88066,0.84893,-0.11336,-0.097898,0.018376,-0.10714,-0.248,-0.19239,-0.018941,-0.044099,0.13919,0.065849,0.14009,0.21141,0.10545,0.11794,0.07995,0.09763,0.11427,0.39897,-0.027805,0.034487,0.17468,0.35117,0.088377,0.1776,0.30009,0.2148,0.27931,0.3532,0.024838,-0.025843,-0.067165,0.024107,-0.11946,0.0050207,-0.10842,-0.091336,-0.070803,-0.071505,-0.1746,-0.018673,-0.083653,-0.087991,-0.055778,0.01339,-0.14827,-0.14048,-0.027653,0.039967,-0.30673,-0.23574,-0.14446,-0.10177,-0.055849,-0.054772,0.33173,0.32907,0.14882,0.018064,0.54215,0.47978,0.12941,0.10155
-0.17512,-0.13195,-0.12218,0.030036,0.80388,1,-0.22626,0.044409,0.38249,0.68185,-0.068926,-0.0059742,-0.077892,-0.050126,0.22335,0.3682,-0.00493,0.12198,-0.16802,-0.12759,0.39732,0.41677,-0.14808,-0.022312,0.17284,0.50615,0.7378,0.82229,-0.03213,-0.0025888,0.11551,0.10963,-0.21782,-0.10142,-0.097817,-0.056687,-0.10732,-0.073573,-0.031863,0.084886,-0.031736,0.071597,0.025404,0.076748,0.1887,0.38465,-0.1863,-0.09977,-0.017262,0.22578,-0.14124,0.015622,0.047828,-0.071904,0.058282,0.14146,0.10827,0.041306,0.023831,0.10868,0.01327,0.24334,0.044324,0.01924,-0.083963,0.10745,-0.086611,0.10931,-0.13577,-0.05299,-0.094503,-0.014905,-0.1877,-0.13365,-0.090538,-0.074593,-0.39083,-0.28517,0.009269,0.046073,0.082329,0.047213,0.24507,0.26839,0.0025469,0.0025708,0.38258,0.3683,-0.084283,-0.03923
0.3289,-0.079878,0.72639,0.30173,-0.16562,-0.22626,1,0.18473,0.15397,-0.078306,0.40018,-0.1945,0.40759,-0.12754,0.26807,-0.09926,-0.019811,-0.11409,0.51504,0.028846,-0.23175,-0.23859,0.55526,0.3037,0.10329,-0.057615,-0.19226,-0.24067,0.065654,-0.18459,0.28043,0.16743,0.060734,-0.12605,0.086098,-0.12223,-0.026627,-0.090628,0.026333,-0.19006,-0.045603,-0.163,-0.072367,-0.22111,-0.083491,-0.39189,0.096082,-0.019823,-0.02733,-0.25596,-0.0168,-0.18392,-0.013298,0.048233,-0.028093,-0.038882,-0.11596,-0.12088,-0.076371,-0.17126,0.019881,-0.22948,-0.17306,-0.22381,0.42738,-0.035253,-0.0062837,-0.32509,-0.23455,-0.2868,0.26881,0.16488,0.15049,-0.017636,0.094014,0.056111,0.16786,-0.068075,-0.059053,-0.05347,-0.24147,-0.26667,0.11891,-0.2302,0.017865,-0.37566,-0.071425,-0.262,0.24274,-0.012477
-0.16355,0.23748,-0.12836,0.71477,-0.18017,0.044409,0.18473,1,-0.012731,0.27117,-0.21887,0.61533,-0.12576,0.56684,-0.28246,0.2788,-0.06028,0.10518,-0.14554,0.051015,-0.30439,-0.35912,-0.092665,0.18851,-0.40537,-0.18342,-0.28268,-0.17944,-0.0014042,0.13734,-0.090947,0.18131,0.022515,0.14913,-0.14461,-0.013533,-0.29325,-0.24966,-0.24991,-0.20902,-0.19005,-0.1664,-0.37054,-0.31041,-0.00024547,0.029734,-0.22657,-0.28632,-0.023272,0.12319,-0.14927,0.22106,-0.34463,-0.32935,-0.27451,-0.26643,-0.18296,-0.1351,0.11257,0.27123,0.1659,0.46924,0.012498,0.13669,0.11586,0.55285,0.25983,0.43364,-0.26364,0.006843,-0.20462,-0.10488,-0.10309,-0.12383,0.0021032,-0.051457,-0.050064,0.085328,-0.11127,-0.17828,-0.11714,-0.030761,-0.23847,0.03431,-0.29044,0.087902,-0.37579,-0.24173,-0.14586,0.011447
0.34676,-0.19985,0.18337,0.17694,0.62576,0.38249,0.15397,-0.012731,1,0.61256,0.27164,-0.15593,0.53869,0.095815,0.71826,0.59391,-0.34672,-0.3592,-0.022559,-0.37283,0.23757,0.18171,0.38874,0.41459,0.5837,0.52089,0.53449,0.51842,-0.24632,-0.35442,-0.0050583,-0.098575,-0.36181,-0.40469,0.3652,0.25193,0.20931,0.0040069,0.33543,0.23568,0.034778,0.033906,0.12908,-0.02653,0.032247,0.023864,0.16356,0.030265,0.37998,0.17082,0.41371,0.35534,0.24987,0.16889,0.2976,0.28156,-0.20145,-0.35476,-0.25715,-0.18954,-0.12452,-0.16257,-0.34649,-0.40143,0.34735,0.25828,-0.22423,-0.16414,-0.26875,-0.21494,0.015742,0.064623,-0.12082,-0.14791,0.079516,0.10298,-0.10966,-0.064844,-0.22217,-0.28095,-0.364,-0.44576,0.22213,0.089276,0.3012,0.010064,0.29353,0.28576,0.45103,0.35768
0.034542,-0.12103,-0.092623,0.31328,0.53669,0.68185,-0.078306,0.27117,0.61256,1,-0.016542,0.16179,0.23919,0.31438,0.34648,0.71851,-0.16161,-0.028561,-0.24165,-0.34514,0.19749,0.19503,0.050741,0.28352,0.29326,0.47165,0.44686,0.50776,-0.14169,-0.15447,-0.045693,0.014083,-0.46861,-0.39945,0.08417,0.097028,0.0096804,-0.039468,0.14634,0.23691,-0.01416,0.12198,0.062261,-0.010643,0.16387,0.19191,0.10864,0.036252,0.2302,0.22891,0.10324,0.28744,0.15976,0.051541,0.20106,0.19599,-0.12056,-0.22448,-0.14722,-0.038692,-0.044165,0.11718,-0.15148,-0.23289,0.10449,0.37758,-0.15811,0.0035244,-0.34057,-0.17804,-0.16686,-0.043818,-0.18316,-0.14342,0.061019,0.044082,-0.13747,-0.026762,-0.056253,-0.089012,-0.10797,-0.18363,0.24527,0.2517,0.14016,0.17799,0.12703,0.17283,0.19048,0.27524
0.43798,-0.15639,0.45549,-0.085097,0.048014,-0.068926,0.40018,-0.21887,0.27164,-0.016542,1,0.016675,0.73126,-0.080918,0.58242,0.094788,0.26321,0.10751,0.58374,0.10818,-0.061221,-0.066148,0.31399,0.077809,0.21907,0.094209,-0.046727,-0.080318,0.34931,0.033953,0.44669,0.29095,0.052722,-0.081996,0.053875,-0.15393,-0.076841,-0.20413,0.062546,-0.13962,0.045013,-0.12877,-0.11607,-0.27764,-0.10414,-0.285,-0.081213,-0.19738,-0.15398,-0.26715,-0.11924,-0.31233,-0.13414,-0.12166,-0.16377,-0.18968,0.062651,-0.087503,-0.051532,-0.20519,0.035536,-0.18721,0.018043,-0.054555,0.19682,-0.23312,-0.2868,-0.39332,0.041781,-0.018971,0.22817,0.23613,0.14258,0.062073,0.14205,0.038744,0.23537,0.019622,0.26986,0.22742,0.13794,0.00017941,0.36174,-0.040503,0.18262,-0.40842,0.043283,-0.16069,0.089842,-0.18862
-0.07458,0.41958,-0.44394,0.20444,-0.16803,-0.0059742,-0.1945,0.61533,-0.15593,0.16179,0.016675,1,0.022782,0.78036,-0.28593,0.27257,0.26221,0.39407,-0.16117,0.22576,-0.13663,-0.22376,-0.39442,-0.20691,-0.46241,-0.26096,-0.25963,-0.16797,0.31015,0.40207,-0.03671,0.12509,0.23225,0.35205,-0.39341,-0.18321,-0.32782,-0.25903,-0.22739,-0.14931,-0.065248,-0.11315,-0.53563,-0.41841,-0.17411,-0.0024143,-0.3403,-0.37384,-0.10734,0.11201,-0.24164,0.12706,-0.37385,-0.35804,-0.28335,-0.31366,0.015358,0.055356,0.19257,0.25517,0.3455,0.49207,0.33252,0.4266,-0.20114,0.26038,0.077453,0.34484,0.044816,0.12333,-0.18278,-0.074656,0.028203,0.076112,0.10438,-0.018984,0.082445,0.14904,0.19202,0.089329,0.25173,0.29017,-0.16712,0.097053,-0.36008,0.034924,-0.32274,-0.18367,-0.30966,-0.17421
0.7302,0.0014603,0.21139,-0.05208,0.056265,-0.077892,0.40759,-0.12576,0.53869,0.23919,0.73126,0.022782,1,0.17957,0.59044,0.30541,0.095763,-0.06129,0.27755,-0.11455,-0.078559,-0.031871,0.2906,0.20287,0.30651,0.13813,-0.0014025,-0.0047716,0.1217,-0.16056,0.17622,0.089949,-0.068397,-0.2118,0.14847,-0.019908,0.11806,0.0042028,0.19217,0.073694,0.066845,0.0043194,-0.10456,-0.35532,-0.13843,-0.32909,0.029862,-0.1778,0.29454,-0.06121,0.23229,0.04515,0.046676,-0.014604,0.084301,0.015659,0.024869,-0.18031,-0.044124,-0.1764,0.22265,-0.15561,-0.039714,-0.18459,0.19251,-0.032851,-0.40106,-0.41137,-0.16262,-0.16332,0.10052,0.1435,0.10336,0.084716,0.15839,0.080223,0.20362,0.082653,0.08013,-0.014914,-0.072779,-0.29576,0.21289,-0.062686,0.082715,-0.38356,-0.0025815,-0.012205,0.25423,0.023462
0.01485,0.27991,-0.29312,0.37344,-0.14767,-0.050126,-0.12754,0.56684,0.095815,0.31438,-0.080918,0.78036,0.17957,1,-0.17497,0.47999,-0.09176,0.040462,-0.33119,-0.19427,-0.0089527,-0.13703,-0.047059,0.15643,-0.14096,-0.015951,-0.11434,-0.084106,0.031042,0.026345,-0.077566,0.0030426,-0.028319,-0.00055327,0.035427,0.18959,-0.17779,-0.27187,0.051907,0.073636,0.032105,-0.010067,-0.20582,-0.19721,-0.14879,-0.14819,-0.056076,-0.173,0.17862,0.086702,0.12821,0.40123,-0.20004,-0.2365,-0.063746,-0.18981,-0.26051,-0.20219,-0.12851,0.073739,0.17394,0.28087,-0.057204,0.019347,0.095136,0.51955,0.0041596,0.16402,-0.19105,-0.11415,-0.027213,-0.035082,-0.028931,-0.053669,0.062623,-0.11289,0.10937,0.11116,0.093858,-0.068304,-0.10103,-0.096789,-0.18248,-0.00087123,-0.14972,0.21481,-0.13335,-0.00018181,0.0017084,0.19426
0.34767,-0.27925,0.43561,-0.019167,0.51848,0.22335,0.26807,-0.28246,0.71826,0.34648,0.58242,-0.28593,0.59044,-0.17497,1,0.5426,-0.22874,-0.23087,0.38353,-0.10806,0.28025,0.21526,0.47727,0.30452,0.5419,0.393,0.44168,0.36725,0.024259,-0.17502,0.15527,-0.018154,-0.21564,-0.33152,0.2426,0.029537,0.36949,0.16321,0.38835,0.30594,0.26053,0.17718,0.071241,-0.12283,-0.037893,-0.091016,0.21935,0.11054,0.065547,-0.0058214,0.10894,-0.00067921,0.22872,0.18633,0.30031,0.33256,-0.09328,-0.22018,-0.17081,-0.24437,-0.17586,-0.27497,-0.27133,-0.34044,0.24872,-0.13851,-0.33097,-0.35875,-0.078087,-0.16948,0.16313,0.14596,0.069966,0.0031389,0.24993,0.29955,0.15115,0.11711,-0.16179,-0.10742,-0.15284,-0.21531,0.59625,0.31604,0.38367,-0.14667,0.3498,0.19705,0.45221,0.20003
0.027778,-0.1889,-0.0037058,0.38696,0.40357,0.3682,-0.09926,0.2788,0.59391,0.71851,0.094788,0.27257,0.30541,0.47999,0.5426,1,-0.39299,-0.20731,-0.15682,-0.30328,0.23574,0.1747,0.26103,0.46959,0.32132,0.41971,0.37664,0.40884,-0.16185,-0.18672,-0.082747,-0.051611,-0.36512,-0.34491,0.24065,0.23928,0.22415,0.069751,0.35555,0.35071,0.21979,0.18583,-0.016011,-0.10944,-0.047979,-0.025085,0.15253,0.051716,0.15564,0.099394,0.19353,0.30672,0.12042,-0.020821,0.22757,0.25104,-0.29791,-0.36895,-0.25523,-0.12083,-0.12775,0.019632,-0.32118,-0.33614,0.26106,0.43567,-0.18967,-0.022868,-0.20434,-0.13914,-0.018831,0.039462,-0.10274,-0.077882,0.13384,0.17777,0.0059197,0.15947,-0.21965,-0.24732,-0.27403,-0.29458,0.28224,0.31611,0.26715,0.23039,0.21389,0.27154,0.38412,0.47101
0.085458,0.29727,-0.28678,-0.42828,-0.18585,-0.00493,-0.019811,-0.06028,-0.34672,-0.16161,0.26321,0.26221,0.095763,-0.09176,-0.22874,-0.39299,1,0.74894,0.19268,0.55124,-0.19474,-0.10214,-0.48582,-0.56324,-0.3694,-0.23784,-0.34211,-0.25956,0.68781,0.62941,0.45516,0.52433,0.49898,0.52623,-0.63947,-0.65167,-0.42818,-0.20533,-0.42507,-0.48477,-0.091249,-0.21622,-0.55269,-0.49137,-0.13407,-0.027564,-0.55586,-0.52703,-0.33963,-0.059137,-0.58728,-0.44293,-0.40506,-0.28903,-0.47134,-0.45228,0.63076,0.52245,0.55346,0.30143,0.49558,0.39266,0.82005,0.73811,-0.55469,-0.43651,-0.10902,-0.0039365,0.24771,0.32598,0.012531,0.24596,0.36652,0.44205,0.18128,0.11713,0.18508,0.11829,0.66464,0.66616,0.79056,0.6586,0.017115,-0.047266,-0.58318,-0.65642,-0.45692,-0.51917,-0.56765,-0.76524
-0.029581,0.39807,-0.27179,-0.22155,-0.088,0.12198,-0.11409,0.10518,-0.3592,-0.028561,0.10751,0.39407,-0.06129,0.040462,-0.23087,-0.20731,0.74894,1,0.16221,0.5127,-0.11877,-0.10663,-0.46028,-0.54531,-0.43811,-0.25663,-0.25914,-0.2046,0.60976,0.66345,0.27391,0.35847,0.42624,0.43769,-0.62005,-0.61433,-0.33004,-0.11529,-0.38612,-0.27333,0.0035601,-0.031749,-0.5244,-0.4518,0.055088,0.11646,-0.50629,-0.48379,-0.3324,-0.028268,-0.62285,-0.43791,-0.49329,-0.33325,-0.50508,-0.46276,0.58852,0.62898,0.57377,0.44168,0.39866,0.50101,0.6858,0.71807,-0.49135,-0.32367,-0.0023587,0.086279,0.25703,0.26072,-0.091895,0.087489,0.32822,0.37082,0.21284,0.18794,0.2219,0.17826,0.45499,0.61881,0.67869,0.71693,0.043515,0.25138,-0.63383,-0.48058,-0.39771,-0.41894,-0.66754,-0.69931
0.32973,0.10242,0.5326,-0.095278,-0.03399,-0.16802,0.51504,-0.14554,-0.022559,-0.24165,0.58374,-0.16117,0.27755,-0.33119,0.38353,-0.15682,0.19268,0.16221,1,0.56204,-0.10976,-0.14202,0.25564,-0.093784,-0.072547,-0.23526,-0.13373,-0.20175,0.2912,0.16117,0.22282,0.10212,0.34298,0.17834,-0.1996,-0.39363,0.082826,0.05908,-0.1644,-0.15467,0.02727,-0.016361,-0.26974,-0.31838,-0.15273,-0.16314,-0.11905,-0.12963,-0.37834,-0.22099,-0.41666,-0.44576,-0.13332,0.028398,-0.17006,-0.10915,0.31793,0.30216,0.14967,-0.020472,0.07971,-0.080068,0.10451,0.10708,0.012188,-0.45064,-0.17246,-0.2991,0.35523,0.072218,0.17283,0.15288,0.39777,0.27798,0.38017,0.3674,0.3365,0.16387,-0.020125,0.097833,0.085253,0.1285,0.23561,0.15232,-0.13262,-0.50718,-0.10336,-0.27386,-0.095178,-0.35093
0.10883,0.50742,-0.16806,-0.33835,-0.15356,-0.12759,0.028846,0.051015,-0.37283,-0.34514,0.10818,0.22576,-0.11455,-0.19427,-0.10806,-0.30328,0.55124,0.5127,0.56204,1,-0.14339,-0.14805,-0.46958,-0.55398,-0.58758,-0.56075,-0.31322,-0.26181,0.52456,0.66566,-0.033265,0.079448,0.73592,0.75466,-0.68991,-0.62912,-0.030124,0.20748,-0.46074,-0.20333,0.049642,0.055962,-0.67048,-0.53397,-0.17948,0.10705,-0.47387,-0.38132,-0.48744,-0.012843,-0.66448,-0.44696,-0.37786,-0.17455,-0.36315,-0.22763,0.65986,0.67551,0.65339,0.46585,0.49076,0.46773,0.67966,0.73249,-0.51928,-0.47867,0.031265,0.2084,0.64773,0.4907,-0.14543,0.025215,0.47714,0.55011,0.46174,0.52018,0.28185,0.3538,0.040282,0.18157,0.48965,0.53656,0.02841,0.31965,-0.58109,-0.56212,-0.45655,-0.3916,-0.51982,-0.69794
-0.096497,-0.18967,-0.048309,-0.22441,0.53043,0.39732,-0.23175,-0.30439,0.23757,0.19749,-0.061221,-0.13663,-0.078559,-0.0089527,0.28025,0.23574,-0.19474,-0.11877,-0.10976,-0.14339,1,0.81137,0.05464,0.0023679,0.45922,0.5207,0.64646,0.52585,0.18588,0.14476,0.13998,-0.020888,-0.14706,-0.18564,0.18669,0.24515,0.35319,0.11449,0.41298,0.58176,0.56791,0.57743,0.25076,0.28966,0.14636,0.13628,0.18418,0.16869,0.021164,-0.044284,0.091214,0.023422,0.10323,-0.0028983,0.24816,0.14221,-0.079595,-0.038234,-0.22407,-0.10164,-0.17852,-0.19179,-0.22678,-0.19729,-0.00048899,-0.03317,-0.17744,-0.15668,0.035947,-0.083031,0.42913,0.31577,0.31158,0.25286,0.28862,0.21771,0.143,0.089805,0.071004,0.16034,0.095251,0.098377,0.48716,0.34535,0.26202,0.16674,0.5308,0.34751,0.22321,0.11718
-0.026231,-0.29354,-0.12445,-0.25885,0.46359,0.41677,-0.23859,-0.35912,0.18171,0.19503,-0.066148,-0.22376,-0.031871,-0.13703,0.21526,0.1747,-0.10214,-0.10663,-0.14202,-0.14805,0.81137,1,-0.0047941,0.043581,0.37734,0.4551,0.6291,0.61715,0.0049563,-0.035233,0.08211,0.0097435,-0.10916,-0.11589,0.15369,0.21289,0.32069,0.2103,0.39943,0.42885,0.39419,0.40615,0.2253,0.21427,-0.050903,0.035504,0.10082,0.11036,0.037194,-0.074715,0.12201,-0.065016,0.19842,-0.021831,0.27475,0.26951,-0.0015783,-0.045535,-0.1696,-0.088559,-0.11102,-0.19441,-0.12377,-0.19738,-0.023511,-0.0075813,-0.17556,-0.11044,0.026203,-0.021229,0.42586,0.42942,0.26192,0.28978,0.14399,0.1485,-0.025012,-0.025187,0.038782,0.084842,0.082449,0.013784,0.27455,0.10871,0.26552,0.044574,0.50898,0.44472,0.30844,0.18605
0.090709,-0.48312,0.83416,0.44755,0.0096233,-0.14808,0.55526,-0.092665,0.38874,0.050741,0.31399,-0.39442,0.2906,-0.047059,0.47727,0.26103,-0.48582,-0.46028,0.25564,-0.46958,0.05464,-0.0047941,1,0.79638,0.64537,0.44908,0.16786,0.039356,-0.32522,-0.60078,0.31131,0.068907,-0.36548,-0.57218,0.71715,0.43923,0.15359,-0.13592,0.49353,0.089904,0.11184,-0.066561,0.40996,0.21139,0.0002216,-0.42319,0.35152,0.21418,0.096563,-0.36964,0.39304,0.024365,0.16041,0.12614,0.12951,0.093399,-0.47402,-0.43921,-0.56293,-0.48295,-0.4704,-0.56637,-0.68638,-0.71904,0.79344,0.26315,-0.020061,-0.43154,-0.26501,-0.3465,0.4653,0.22142,-0.070824,-0.26734,-0.10985,-0.089821,0.055606,-0.15876,-0.12613,-0.12787,-0.57078,-0.53369,0.17831,-0.25441,0.51789,0.11044,0.38153,0.12587,0.60551,0.55144
-0.017534,-0.50466,0.53034,0.70579,-0.038734,-0.022312,0.3037,0.18851,0.41459,0.28352,0.077809,-0.20691,0.20287,0.15643,0.30452,0.46959,-0.56324,-0.54531,-0.093784,-0.55398,0.0023679,0.043581,0.79638,1,0.60336,0.55122,0.14435,0.1128,-0.49066,-0.64398,0.12782,0.092018,-0.4935,-0.56823,0.77349,0.62904,0.10543,-0.12497,0.47518,0.1587,0.065591,-0.021657,0.43716,0.24733,0.060641,-0.30429,0.33126,0.20636,0.19953,-0.28051,0.48783,0.21621,0.10968,0.0045611,0.050026,0.05633,-0.49774,-0.56348,-0.53197,-0.34563,-0.426,-0.36375,-0.70402,-0.76703,0.78724,0.66488,0.092816,-0.14031,-0.38008,-0.22474,0.27788,0.15332,-0.2508,-0.33116,-0.20047,-0.17287,-0.091435,-0.072565,-0.19622,-0.24889,-0.60871,-0.67427,0.048796,-0.26979,0.52839,0.29646,0.25088,0.18424,0.57252,0.71933
0.15015,-0.4909,0.42191,0.11688,0.3948,0.17284,0.10329,-0.40537,0.5837,0.29326,0.21907,-0.46241,0.30651,-0.14096,0.5419,0.32132,-0.3694,-0.43811,-0.072547,-0.58758,0.45922,0.37734,0.64537,0.60336,1,0.85401,0.51301,0.36662,-0.22204,-0.45334,0.31868,0.070064,-0.5672,-0.68543,0.68328,0.48603,0.21467,-0.083573,0.59186,0.35117,0.26294,0.17659,0.59586,0.40976,0.18761,-0.11557,0.40407,0.29838,0.34785,-0.15577,0.55723,0.18571,0.33627,0.23669,0.21442,0.12762,-0.29602,-0.37727,-0.49995,-0.40283,-0.47582,-0.57228,-0.61341,-0.70301,0.49126,0.18948,-0.11768,-0.38847,-0.29501,-0.18634,0.40477,0.26327,-0.12999,-0.2297,-0.13936,-0.1363,-0.026316,-0.084187,0.096496,0.089444,-0.2867,-0.42283,0.42211,-0.10091,0.60433,0.20776,0.51966,0.27633,0.51074,0.52679
-0.11305,-0.5192,0.21207,0.21001,0.52194,0.50615,-0.057615,-0.18342,0.52089,0.47165,0.094209,-0.26096,0.13813,-0.015951,0.393,0.41971,-0.23784,-0.25663,-0.23526,-0.56075,0.5207,0.4551,0.44908,0.55122,0.85401,1,0.60643,0.55369,-0.11672,-0.29957,0.47378,0.31566,-0.54984,-0.55847,0.55498,0.4639,-0.010555,-0.2515,0.47448,0.26182,0.21016,0.1557,0.47927,0.38295,0.24336,0.010158,0.17934,0.12779,0.21413,-0.11259,0.35672,0.1537,0.13168,-0.031759,0.034667,-0.023042,-0.27295,-0.37537,-0.45238,-0.28763,-0.41789,-0.30619,-0.49087,-0.55564,0.41806,0.36541,-0.082702,-0.19987,-0.3505,-0.095255,0.3771,0.29879,-0.16548,-0.21501,-0.19136,-0.19676,-0.17316,-0.14538,0.24593,0.23113,-0.12078,-0.2702,0.42344,-0.051491,0.44947,0.18706,0.49787,0.28969,0.3226,0.40658
0.0033366,-0.24455,0.062756,-0.079024,0.88066,0.7378,-0.19226,-0.28268,0.53449,0.44686,-0.046727,-0.25963,-0.0014025,-0.11434,0.44168,0.37664,-0.34211,-0.25914,-0.13373,-0.31322,0.64646,0.6291,0.16786,0.14435,0.51301,0.60643,1,0.94093,-0.29688,-0.31985,-0.014859,-0.21162,-0.28494,-0.27785,0.23443,0.21542,0.19243,0.084316,0.30834,0.31595,0.16426,0.15952,0.25577,0.23448,0.038125,0.22239,0.055259,0.11657,0.22134,0.19349,0.2668,0.19514,0.33601,0.18634,0.3559,0.42156,-0.085209,-0.11312,-0.21805,-0.073291,-0.18085,-0.12901,-0.27076,-0.28499,0.11683,0.05955,-0.13824,-0.071168,-0.10341,-0.18122,0.13371,0.072516,-0.17118,-0.18082,-0.1322,-0.066879,-0.35981,-0.35215,-0.20384,-0.18395,-0.21441,-0.22482,0.24655,0.17105,0.30917,0.15655,0.74311,0.67257,0.32501,0.33262
-0.035581,-0.23059,-0.077321,-0.068519,0.84893,0.82229,-0.24067,-0.17944,0.51842,0.50776,-0.080318,-0.16797,-0.0047716,-0.084106,0.36725,0.40884,-0.25956,-0.2046,-0.20175,-0.26181,0.52585,0.61715,0.039356,0.1128,0.36662,0.55369,0.94093,1,-0.31452,-0.30621,-0.033945,-0.1401,-0.21065,-0.1453,0.14363,0.18257,0.11325,0.096701,0.23067,0.20713,0.042245,0.040081,0.13652,0.12695,-0.034331,0.21381,-0.069912,0.0073057,0.16776,0.20937,0.18506,0.17036,0.2603,0.059324,0.316,0.42404,-0.045035,-0.12102,-0.1391,-0.01926,-0.082277,0.0052704,-0.156,-0.19001,0.060081,0.12508,-0.11575,0.05237,-0.10518,-0.10186,0.047698,0.047446,-0.21746,-0.17144,-0.18531,-0.086447,-0.47137,-0.38068,-0.20786,-0.21678,-0.18632,-0.21141,0.12975,0.10818,0.21439,0.094813,0.65737,0.68653,0.27064,0.28367
-0.011724,0.2283,-0.11966,-0.35449,-0.11336,-0.03213,0.065654,-0.0014042,-0.24632,-0.14169,0.34931,0.31015,0.1217,0.031042,0.024259,-0.16185,0.68781,0.60976,0.2912,0.52456,0.18588,0.0049563,-0.32522,-0.49066,-0.22204,-0.11672,-0.29688,-0.31452,1,0.86933,0.52294,0.53285,0.40568,0.37359,-0.48796,-0.47766,-0.14779,-0.17542,-0.22019,-0.034802,0.29188,0.25027,-0.4178,-0.34342,0.099142,-0.023627,-0.30114,-0.3446,-0.43987,-0.21557,-0.60101,-0.46729,-0.49966,-0.36199,-0.42728,-0.51918,0.36215,0.36549,0.38856,0.18339,0.31761,0.2612,0.53094,0.56675,-0.38632,-0.41078,-0.086641,-0.075495,0.27263,0.24673,0.21387,0.29714,0.57769,0.5443,0.51439,0.35924,0.53399,0.42578,0.60828,0.6771,0.7846,0.71555,0.48657,0.38251,-0.38036,-0.47383,-0.32313,-0.51892,-0.48986,-0.74062
-0.14504,0.38746,-0.39286,-0.34123,-0.097898,-0.0025888,-0.18459,0.13734,-0.35442,-0.15447,0.033953,0.40207,-0.16056,0.026345,-0.17502,-0.18672,0.62941,0.66345,0.16117,0.66566,0.14476,-0.035233,-0.60078,-0.64398,-0.45334,-0.29957,-0.31985,-0.30621,0.86933,1,0.21893,0.35865,0.47307,0.5414,-0.6457,-0.52739,-0.088838,-0.0088932,-0.36642,-0.01469,0.24815,0.28972,-0.52419,-0.34991,0.11779,0.23024,-0.40192,-0.37227,-0.43685,-0.0057365,-0.66338,-0.38331,-0.49653,-0.34041,-0.41408,-0.44524,0.45953,0.4958,0.54986,0.39846,0.39338,0.47688,0.62652,0.73163,-0.58216,-0.38554,-0.0029104,0.18816,0.37196,0.36424,-0.083767,0.07245,0.49786,0.55801,0.48949,0.43461,0.43053,0.47858,0.3874,0.53491,0.76392,0.80717,0.30345,0.53173,-0.52657,-0.34849,-0.45396,-0.49549,-0.62143,-0.76557
-0.15107,-0.29211,0.32745,0.0018629,0.018376,0.11551,0.28043,-0.090947,-0.0050583,-0.045693,0.44669,-0.03671,0.17622,-0.077566,0.15527,-0.082747,0.45516,0.27391,0.22282,-0.033265,0.13998,0.08211,0.31131,0.12782,0.31868,0.47378,-0.014859,-0.033945,0.52294,0.21893,1,0.87287,0.013577,-0.053615,0.071048,-0.089721,-0.4117,-0.55765,0.066082,-0.30084,0.087962,-0.16202,-0.01936,-0.065768,0.065984,-0.22459,-0.23543,-0.30811,-0.28546,-0.36355,-0.27468,-0.37658,-0.3567,-0.36288,-0.45423,-0.52485,-0.01983,-0.057837,-0.1251,-0.18098,-0.13584,-0.11026,0.024971,0.0024986,0.15394,-0.079429,-0.051159,-0.25651,-0.12129,0.084276,0.56106,0.54229,0.23448,0.10454,-0.028335,-0.10429,0.15447,-0.021155,0.73205,0.71183,0.37006,0.27272,0.38566,-0.18776,-0.052349,-0.39666,0.038255,-0.33486,-0.14057,-0.29926
-0.23827,-0.21165,0.075709,0.12141,-0.10714,0.10963,0.16743,0.18131,-0.098575,0.014083,0.29095,0.12509,0.089949,0.0030426,-0.018154,-0.051611,0.52433,0.35847,0.10212,0.079448,-0.020888,0.0097435,0.068907,0.092018,0.070064,0.31566,-0.21162,-0.1401,0.53285,0.35865,0.87287,1,0.0654,0.10426,-0.081991,-0.14745,-0.46503,-0.50715,-0.084144,-0.36854,0.01116,-0.17341,-0.16281,-0.17442,0.10937,-0.10218,-0.34182,-0.40796,-0.32734,-0.26758,-0.40274,-0.37082,-0.46136,-0.49822,-0.55979,-0.60117,0.032667,-0.051796,0.012232,-0.054529,-0.031518,0.10012,0.14971,0.13415,-0.00026339,0.032943,-0.0208,-0.054852,-0.14429,0.18396,0.37058,0.45551,0.21417,0.16794,-0.0048167,-0.052369,0.10548,0.095608,0.67916,0.65885,0.45803,0.3492,0.25244,-0.12229,-0.22043,-0.39886,-0.23052,-0.45919,-0.28861,-0.38898
0.02985,0.37387,-0.18582,-0.36985,-0.248,-0.21782,0.060734,0.022515,-0.36181,-0.46861,0.052722,0.23225,-0.068397,-0.028319,-0.21564,-0.36512,0.49898,0.42624,0.34298,0.73592,-0.14706,-0.10916,-0.36548,-0.4935,-0.5672,-0.54984,-0.28494,-0.21065,0.40568,0.47307,0.013577,0.0654,1,0.9204,-0.48327,-0.38633,-0.089863,0.13314,-0.29617,-0.29292,-0.020758,-0.14041,-0.61256,-0.52091,-0.34927,-0.17306,-0.55125,-0.47635,-0.48352,-0.20191,-0.5188,-0.42994,-0.46801,-0.33684,-0.2853,-0.20952,0.47702,0.46295,0.48309,0.31646,0.55361,0.43846,0.62082,0.66605,-0.32282,-0.32941,0.10675,0.23794,0.54704,0.31268,-0.026737,-0.0032869,0.48081,0.52553,0.33207,0.40629,0.19538,0.186,0.015998,0.087541,0.30387,0.32964,-0.20403,0.033154,-0.557,-0.57254,-0.32275,-0.24485,-0.35666,-0.56382
-0.11031,0.39573,-0.41407,-0.35103,-0.19239,-0.10142,-0.12605,0.14913,-0.40469,-0.39945,-0.081996,0.35205,-0.2118,-0.00055327,-0.33152,-0.34491,0.52623,0.43769,0.17834,0.75466,-0.18564,-0.11589,-0.57218,-0.56823,-0.68543,-0.55847,-0.27785,-0.1453,0.37359,0.5414,-0.053615,0.10426,0.9204,1,-0.60201,-0.41489,-0.1619,0.12638,-0.38074,-0.35009,-0.11096,-0.19276,-0.67682,-0.50603,-0.34273,-0.013165,-0.61283,-0.50214,-0.48611,-0.044415,-0.57299,-0.34832,-0.45341,-0.37512,-0.30394,-0.20443,0.45358,0.42727,0.50567,0.35975,0.54199,0.54718,0.69252,0.75803,-0.46154,-0.27089,0.11062,0.39442,0.49203,0.38348,-0.17367,-0.073832,0.32753,0.44777,0.22783,0.32939,0.042243,0.15163,0.010477,0.04971,0.38901,0.42078,-0.26512,0.060443,-0.58996,-0.46078,-0.38028,-0.22722,-0.43867,-0.5851
-0.019845,-0.56486,0.42536,0.39487,-0.018941,-0.097817,0.086098,-0.14461,0.3652,0.08417,0.053875,-0.39341,0.14847,0.035427,0.2426,0.24065,-0.63947,-0.62005,-0.1996,-0.68991,0.18669,0.15369,0.71715,0.77349,0.68328,0.55498,0.23443,0.14363,-0.48796,-0.6457,0.071048,-0.081991,-0.48327,-0.60201,1,0.89302,0.20095,-0.075047,0.58572,0.32898,0.1403,0.11316,0.66896,0.48135,0.16405,-0.30916,0.35971,0.25203,0.27731,-0.35204,0.65156,0.22055,0.093804,-0.041931,0.16233,0.076252,-0.5805,-0.60564,-0.66372,-0.45836,-0.49012,-0.51402,-0.77839,-0.80082,0.80797,0.55793,0.057267,-0.21526,-0.31154,-0.26015,0.31869,0.072797,-0.2252,-0.33057,-0.23419,-0.21734,-0.098142,-0.17702,-0.1603,-0.20543,-0.60706,-0.61844,0.045076,-0.26116,0.68333,0.45719,0.42161,0.34303,0.61895,0.71174
-0.17405,-0.47406,0.12654,0.36134,-0.044099,-0.056687,-0.12223,-0.013533,0.25193,0.097028,-0.15393,-0.18321,-0.019908,0.18959,0.029537,0.23928,-0.65167,-0.61433,-0.39363,-0.62912,0.24515,0.21289,0.43923,0.62904,0.48603,0.4639,0.21542,0.18257,-0.47766,-0.52739,-0.089721,-0.14745,-0.38633,-0.41489,0.89302,1,0.19123,-0.03028,0.54322,0.40286,0.14592,0.16759,0.59785,0.51906,0.16319,-0.18398,0.2889,0.24304,0.26685,-0.25402,0.61654,0.33057,-0.0096349,-0.17535,0.14376,0.058669,-0.61772,-0.63763,-0.6348,-0.35822,-0.42236,-0.35317,-0.70848,-0.68203,0.69866,0.68836,0.19217,0.079071,-0.24291,-0.14358,0.23133,-0.0099233,-0.22957,-0.28407,-0.19756,-0.19574,-0.12317,-0.099261,-0.20933,-0.27093,-0.54892,-0.5505,-0.05671,-0.22036,0.61102,0.60164,0.34931,0.38594,0.53442,0.69295
0.18584,-0.092577,0.049173,-0.16557,0.13919,-0.10732,-0.026627,-0.29325,0.20931,0.0096804,-0.076841,-0.32782,0.11806,-0.17779,0.36949,0.22415,-0.42818,-0.33004,0.082826,-0.030124,0.35319,0.32069,0.15359,0.10543,0.21467,-0.010555,0.19243,0.11325,-0.14779,-0.088838,-0.4117,-0.46503,-0.089863,-0.1619,0.20095,0.19123,1,0.79238,0.55181,0.67118,0.51298,0.5567,0.13061,0.073924,-0.020957,-0.015159,0.34804,0.30635,0.16324,0.027877,0.27709,0.12312,0.29777,0.25302,0.54405,0.51836,-0.1061,-0.11728,-0.090854,-0.15211,-0.090764,-0.30212,-0.23669,-0.24353,0.042707,-0.11592,-0.15621,-0.1419,0.12854,-0.15969,0.021076,-0.099673,0.20024,0.23309,0.36323,0.41519,0.29022,0.33894,-0.5236,-0.38063,-0.27786,-0.24327,0.20954,0.38982,0.29366,0.15848,0.3199,0.38968,0.43376,0.31325
0.18154,0.086128,-0.14737,-0.28907,0.065849,-0.073573,-0.090628,-0.24966,0.0040069,-0.039468,-0.20413,-0.25903,0.0042028,-0.27187,0.16321,0.069751,-0.20533,-0.11529,0.05908,0.20748,0.11449,0.2103,-0.13592,-0.12497,-0.083573,-0.2515,0.084316,0.096701,-0.17542,-0.0088932,-0.55765,-0.50715,0.13314,0.12638,-0.075047,-0.03028,0.79238,1,0.26491,0.49061,0.30527,0.40643,-0.086064,-0.10279,-0.088147,0.060324,0.12869,0.16952,0.062911,0.1029,0.063177,-0.0019085,0.24873,0.21825,0.4914,0.5694,0.18382,0.14526,0.20638,0.081777,0.17521,-0.039587,0.077046,0.0465,-0.20527,-0.22933,-0.14385,-0.0076386,0.20246,-0.030362,-0.24851,-0.27929,0.12501,0.27378,0.25674,0.44632,0.11175,0.25865,-0.56726,-0.38795,-0.13675,-0.12026,0.0031052,0.34862,0.018922,0.0094637,0.077475,0.33506,0.22899,0.12517
-0.0086458,-0.4257,0.21288,0.079146,0.14009,-0.031863,0.026333,-0.24991,0.33543,0.14634,0.062546,-0.22739,0.19217,0.051907,0.38835,0.35555,-0.42507,-0.38612,-0.1644,-0.46074,0.41298,0.39943,0.49353,0.47518,0.59186,0.47448,0.30834,0.23067,-0.22019,-0.36642,0.066082,-0.084144,-0.29617,-0.38074,0.58572,0.54322,0.55181,0.26491,1,0.52806,0.53813,0.28805,0.34757,0.1843,-0.057268,-0.28561,0.372,0.2464,0.22158,-0.18775,0.43978,0.20067,0.16883,0.0052316,0.39758,0.28217,-0.49724,-0.51169,-0.51497,-0.43028,-0.40315,-0.49887,-0.50461,-0.53652,0.43077,0.24391,-0.0233,-0.17221,-0.16579,-0.21538,0.3674,0.19621,-0.013949,-0.079662,0.012363,0.017373,0.16341,0.094462,-0.16293,-0.11617,-0.35164,-0.36537,0.31856,-0.0078122,0.52901,0.3017,0.53688,0.38294,0.66078,0.57609
0.092842,-0.057923,-0.050189,-0.055509,0.21141,0.084886,-0.19006,-0.20902,0.23568,0.23691,-0.13962,-0.14931,0.073694,0.073636,0.30594,0.35071,-0.48477,-0.27333,-0.15467,-0.20333,0.58176,0.42885,0.089904,0.1587,0.35117,0.26182,0.31595,0.20713,-0.034802,-0.01469,-0.30084,-0.36854,-0.29292,-0.35009,0.32898,0.40286,0.67118,0.49061,0.52806,1,0.61419,0.85309,0.32424,0.25756,0.27888,0.12494,0.38406,0.31219,0.28257,0.0059601,0.32313,0.21443,0.11057,0.065125,0.33486,0.27151,-0.17033,-0.1142,-0.14721,-0.0039518,-0.13578,-0.16027,-0.35512,-0.32507,0.12763,0.15595,-0.051558,-0.051505,0.026521,-0.10906,0.077912,-0.042154,0.14711,0.12858,0.33131,0.29349,0.30622,0.35127,-0.27475,-0.163,-0.17677,-0.19071,0.46483,0.56081,0.28877,0.33747,0.35043,0.3905,0.30435,0.32325
0.026893,-0.038305,0.057018,-0.099232,0.10545,-0.031736,-0.045603,-0.19005,0.034778,-0.01416,0.045013,-0.065248,0.066845,0.032105,0.26053,0.21979,-0.091249,0.0035601,0.02727,0.049642,0.56791,0.39419,0.11184,0.065591,0.26294,0.21016,0.16426,0.042245,0.29188,0.24815,0.087962,0.01116,-0.020758,-0.11096,0.1403,0.14592,0.51298,0.30527,0.53813,0.61419,1,0.70237,0.066985,0.015147,0.15572,-0.0045004,0.11078,0.040148,0.027782,-0.11683,0.057568,-0.059962,-0.12203,-0.11771,0.053029,-0.016777,-0.034775,0.030478,-0.0035428,0.035352,-0.042468,-0.094823,-0.1118,-0.050023,0.017856,-0.04523,0.023557,-0.074158,0.19005,0.096032,0.32188,0.32252,0.39418,0.34026,0.41011,0.3474,0.55165,0.47826,-0.050981,0.17704,0.088882,0.1098,0.55415,0.47831,0.077715,0.030233,0.26476,0.076965,0.13662,0.029729
0.062369,0.029759,-0.09418,-0.12178,0.11794,0.071597,-0.163,-0.1664,0.033906,0.12198,-0.12877,-0.11315,0.0043194,-0.010067,0.17718,0.18583,-0.21622,-0.031749,-0.016361,0.055962,0.57743,0.40615,-0.066561,-0.021657,0.17659,0.1557,0.15952,0.040081,0.25027,0.28972,-0.16202,-0.17341,-0.14041,-0.19276,0.11316,0.16759,0.5567,0.40643,0.28805,0.85309,0.70237,1,0.17591,0.16461,0.35728,0.17331,0.24021,0.18851,0.087441,-0.053404,0.064109,-0.015242,-0.047697,-0.026559,0.085638,0.043745,0.043626,0.11638,0.04004,0.11368,-3.1148e-005,-0.011721,-0.13289,-0.10532,-0.038041,-0.0055277,-0.10093,-0.097436,0.17694,0.042609,0.14745,0.10083,0.4206,0.40931,0.54069,0.45158,0.42538,0.44867,-0.10678,0.084523,0.10714,0.096988,0.52556,0.66814,0.062095,0.12627,0.14016,0.1287,0.031195,-0.00033022
-0.13749,-0.48728,0.31301,0.13838,0.07995,0.025404,-0.072367,-0.37054,0.12908,0.062261,-0.11607,-0.53563,-0.10456,-0.20582,0.071241,-0.016011,-0.55269,-0.5244,-0.26974,-0.67048,0.25076,0.2253,0.40996,0.43716,0.59586,0.47927,0.25577,0.13652,-0.4178,-0.52419,-0.01936,-0.16281,-0.61256,-0.67682,0.66896,0.59785,0.13061,-0.086064,0.34757,0.32424,0.066985,0.17591,1,0.89227,0.41859,0.051521,0.69095,0.67783,0.24689,-0.14198,0.47066,0.17997,0.40297,0.325,0.27318,0.16844,-0.4296,-0.38381,-0.61502,-0.42295,-0.66651,-0.59015,-0.73153,-0.75582,0.39914,0.20056,0.041928,-0.25367,-0.32782,-0.3018,0.14736,-0.046603,-0.29074,-0.42031,-0.291,-0.35045,-0.083292,-0.15401,-0.044287,-0.045972,-0.37052,-0.41416,0.13078,-0.17683,0.63283,0.57128,0.40639,0.26204,0.3067,0.50312
-0.34588,-0.42146,0.15482,0.064,0.09763,0.076748,-0.22111,-0.31041,-0.02653,-0.010643,-0.27764,-0.41841,-0.35532,-0.19721,-0.12283,-0.10944,-0.49137,-0.4518,-0.31838,-0.53397,0.28966,0.21427,0.21139,0.24733,0.40976,0.38295,0.23448,0.12695,-0.34342,-0.34991,-0.065768,-0.17442,-0.52091,-0.50603,0.48135,0.51906,0.073924,-0.10279,0.1843,0.25756,0.015147,0.16461,0.89227,1,0.43152,0.26192,0.60379,0.6882,0.10541,-0.019213,0.34128,0.18119,0.39421,0.32401,0.25381,0.15283,-0.36114,-0.29434,-0.55991,-0.3779,-0.6413,-0.49057,-0.60084,-0.59236,0.25889,0.16017,0.077432,-0.10882,-0.20042,-0.21759,0.10124,-0.11149,-0.2712,-0.35801,-0.25522,-0.32231,-0.14277,-0.16376,-0.029761,-0.036118,-0.2412,-0.23736,0.042225,-0.14296,0.55147,0.64262,0.31516,0.21657,0.16134,0.38253
-0.10675,0.049797,0.098983,0.14768,0.11427,0.1887,-0.083491,-0.00024547,0.032247,0.16387,-0.10414,-0.17411,-0.13843,-0.14879,-0.037893,-0.047979,-0.13407,0.055088,-0.15273,-0.17948,0.14636,-0.050903,0.0002216,0.060641,0.18761,0.24336,0.038125,-0.034331,0.099142,0.11779,0.065984,0.10937,-0.34927,-0.34273,0.16405,0.16319,-0.020957,-0.088147,-0.057268,0.27888,0.15572,0.35728,0.41859,0.43152,1,0.5749,0.18232,0.21367,0.26753,0.17265,0.11823,0.12499,-0.07032,0.067126,-0.21102,-0.23441,-0.038649,0.042465,0.044798,0.16093,-0.2117,0.0032332,-0.24951,-0.15911,0.035534,0.083123,0.26342,0.12969,-0.16097,0.029563,-0.094644,-0.14336,-0.046588,-0.10552,0.040251,-9.9164e-005,0.12114,0.16436,0.073226,0.19967,0.043261,0.022218,0.29159,0.31427,0.011896,0.24211,-0.066276,-0.14379,-0.30579,-0.11375
-0.15534,0.3027,-0.2746,-0.074391,0.39897,0.38465,-0.39189,0.029734,0.023864,0.19191,-0.285,-0.0024143,-0.32909,-0.14819,-0.091016,-0.025085,-0.027564,0.11646,-0.16314,0.10705,0.13628,0.035504,-0.42319,-0.30429,-0.11557,0.010158,0.22239,0.21381,-0.023627,0.23024,-0.22459,-0.10218,-0.17306,-0.013165,-0.30916,-0.18398,-0.015159,0.060324,-0.28561,0.12494,-0.0045004,0.17331,0.051521,0.26192,0.5749,1,-0.038862,0.14228,0.21304,0.74209,-0.078916,0.32904,0.15635,0.25476,-0.040218,0.057917,0.22059,0.25981,0.31029,0.43403,-0.038034,0.30297,0.086032,0.19263,-0.40539,-0.088267,0.1772,0.4383,0.011454,0.21462,-0.39112,-0.27891,-0.21666,-0.1592,-0.055581,-0.043553,-0.11584,0.11929,-0.080146,0.026168,0.17149,0.22921,0.10398,0.40374,-0.18584,0.19653,-0.11441,-0.0044667,-0.42068,-0.2111
0.031172,-0.26523,0.27095,0.11604,-0.027805,-0.1863,0.096082,-0.22657,0.16356,0.10864,-0.081213,-0.3403,0.029862,-0.056076,0.21935,0.15253,-0.55586,-0.50629,-0.11905,-0.47387,0.18418,0.10082,0.35152,0.33126,0.40407,0.17934,0.055259,-0.069912,-0.30114,-0.40192,-0.23543,-0.34182,-0.55125,-0.61283,0.35971,0.2889,0.34804,0.12869,0.372,0.38406,0.11078,0.24021,0.69095,0.60379,0.18232,-0.038862,1,0.91048,0.22026,0.044787,0.34302,0.30907,0.62676,0.59523,0.55351,0.428,-0.46447,-0.35964,-0.5483,-0.48687,-0.6198,-0.6556,-0.62152,-0.67071,0.19986,-0.0066313,-0.12095,-0.34162,-0.27646,-0.38789,0.10381,-0.069178,-0.1309,-0.25142,0.0064444,-0.082162,0.14454,0.076672,-0.20345,-0.2141,-0.32432,-0.33226,0.17849,-0.038719,0.54888,0.52542,0.2078,0.11769,0.41356,0.48729
-0.10665,-0.23382,0.22206,0.036734,0.034487,-0.09977,-0.019823,-0.28632,0.030265,0.036252,-0.19738,-0.37384,-0.1778,-0.173,0.11054,0.051716,-0.52703,-0.48379,-0.12963,-0.38132,0.16869,0.11036,0.21418,0.20636,0.29838,0.12779,0.11657,0.0073057,-0.3446,-0.37227,-0.30811,-0.40796,-0.47635,-0.50214,0.25203,0.24304,0.30635,0.16952,0.2464,0.31219,0.040148,0.18851,0.67783,0.6882,0.21367,0.14228,0.91048,1,0.14853,0.15574,0.26928,0.31439,0.66975,0.67067,0.53687,0.491,-0.37217,-0.27294,-0.44871,-0.38588,-0.59596,-0.56704,-0.54185,-0.57978,0.10001,-0.067021,-0.0094972,-0.17044,-0.17953,-0.27534,0.0048527,-0.16547,-0.19861,-0.2709,-0.065947,-0.10728,0.033098,0.031998,-0.24453,-0.21493,-0.2587,-0.2511,0.1289,-0.017654,0.53835,0.57774,0.19399,0.15494,0.30788,0.44318
0.47913,0.22045,-0.11116,0.10946,0.17468,-0.017262,-0.02733,-0.023272,0.37998,0.2302,-0.15398,-0.10734,0.29454,0.17862,0.065547,0.15564,-0.33963,-0.3324,-0.37834,-0.48744,0.021164,0.037194,0.096563,0.19953,0.34785,0.21413,0.22134,0.16776,-0.43987,-0.43685,-0.28546,-0.32734,-0.48352,-0.48611,0.27731,0.26685,0.16324,0.062911,0.22158,0.28257,0.027782,0.087441,0.24689,0.10541,0.26753,0.21304,0.22026,0.14853,1,0.51804,0.79889,0.73414,0.37955,0.34717,0.24936,0.21322,-0.20347,-0.19305,-0.032356,0.12764,0.0015024,-0.13344,-0.31651,-0.31953,0.083699,0.24376,0.082926,0.065997,-0.38982,-0.14877,-0.11607,-0.095474,-0.32065,-0.31915,-0.25018,-0.29141,-0.12859,-0.089788,-0.17268,-0.27763,-0.39156,-0.47707,-0.12092,-0.10232,0.086857,0.21825,0.16715,0.29086,0.22101,0.39753
0.14493,0.44466,-0.3636,-0.069948,0.35117,0.22578,-0.25596,0.12319,0.17082,0.22891,-0.26715,0.11201,-0.06121,0.086702,-0.0058214,0.099394,-0.059137,-0.028268,-0.22099,-0.012843,-0.044284,-0.074715,-0.36964,-0.28051,-0.15577,-0.11259,0.19349,0.20937,-0.21557,-0.0057365,-0.36355,-0.26758,-0.20191,-0.044415,-0.35204,-0.25402,0.027877,0.1029,-0.18775,0.0059601,-0.11683,-0.053404,-0.14198,-0.019213,0.17265,0.74209,0.044787,0.15574,0.51804,1,0.14139,0.68629,0.40888,0.4377,0.26501,0.32672,0.077962,0.103,0.2586,0.32953,0.069331,0.22635,0.10611,0.15889,-0.45017,-0.088458,0.0032756,0.34554,-0.1811,0.039919,-0.4237,-0.28525,-0.33258,-0.26526,-0.15964,-0.15937,-0.19018,0.013905,-0.17235,-0.19477,0.0059621,0.050947,-0.10288,0.18796,-0.22146,0.14852,-0.10788,0.10264,-0.16631,-0.023269
0.29001,-0.17886,0.092319,0.17569,0.088377,-0.14124,-0.0168,-0.14927,0.41371,0.10324,-0.11924,-0.24164,0.23229,0.12821,0.10894,0.19353,-0.58728,-0.62285,-0.41666,-0.66448,0.091214,0.12201,0.39304,0.48783,0.55723,0.35672,0.2668,0.18506,-0.60101,-0.66338,-0.27468,-0.40274,-0.5188,-0.57299,0.65156,0.61654,0.27709,0.063177,0.43978,0.32313,0.057568,0.064109,0.47066,0.34128,0.11823,-0.078916,0.34302,0.26928,0.79889,0.14139,1,0.6205,0.42826,0.30435,0.35194,0.29176,-0.45319,-0.46725,-0.35005,-0.2084,-0.20211,-0.4044,-0.55543,-0.60173,0.48442,0.42715,0.12725,-0.0445,-0.29682,-0.21166,0.077255,-0.041913,-0.35377,-0.36168,-0.3032,-0.30363,-0.1892,-0.19837,-0.27805,-0.41608,-0.6029,-0.67953,-0.15325,-0.29423,0.49702,0.41812,0.38804,0.44966,0.56085,0.71086
