1,0.41922,-0.017748,-0.19474,0.074543,-0.0088792,0.4625,0.080697,0.17721,-0.068074,0.57941,0.22054,0.5755,0.04434,0.15431,-0.0078335,-0.0023144,-0.063108,0.54828,0.23823,0.12823,0.044167,-0.1306,-0.26149,-0.17667,-0.22066,-0.26262,-0.075955,0.20836,-0.015763,-0.21612,-0.36268,-0.098122,-0.18747,-0.33858,-0.33314,-0.15555,-0.20338,-0.10606,-0.23817,0.020929,-0.0453,-0.30689,-0.33903,-0.23237,-0.24169,-0.23257,-0.34132,-0.18894,0.23715,-0.23452,-0.17869,-0.23623,-0.25958,-0.20932,-0.23135,0.25954,0.10945,0.58828,0.26966,0.73238,0.25076,0.54313,0.22558,0.38947,-0.0030997,-0.1432,-0.161,0.056833,-0.079234,0.086597,0.024482,-0.077564,-0.067932,-0.038914,-0.22211,0.082808,-0.1025,-0.18796,-0.037199,-0.24853,-0.3037,-0.012927,-0.00079611,-0.068877,-0.33989,0.0084428,-0.09258,0.33503,0.19714
0.41922,1,-0.058029,-0.1516,-0.12077,-0.16445,-0.05553,0.012948,-0.17911,-0.17857,0.17287,0.41422,-0.022762,0.013153,-0.1709,-0.21346,0.26477,0.30392,0.31514,0.57392,-0.08306,0.010361,-0.17555,-0.19029,-0.14752,-0.16372,-0.39425,-0.18097,0.30751,0.17551,-0.014038,0.019087,0.10307,0.17864,-0.38776,-0.43488,0.019392,-0.042782,0.036512,-0.069858,0.034764,0.019609,-0.13106,-0.083002,-0.12349,0.01872,0.033367,-0.025387,0.2309,0.13912,0.016056,-0.24977,-0.00030364,-0.09419,0.017239,-0.086391,0.38265,0.70204,0.35768,0.51085,0.25667,0.34535,0.32598,0.68765,-0.2258,-0.12011,-0.35854,-0.18238,0.021966,0.14513,-0.075662,0.034238,-0.034196,0.13082,0.014129,-0.0049173,-0.054285,0.033452,0.033617,0.14537,0.025143,0.10038,0.07358,-0.1258,-0.33119,-0.48724,-0.18196,-0.28683,-0.055912,-0.17987
-0.017748,-0.058029,1,0.50671,-0.080624,-0.40267,0.35329,-0.29224,-0.36056,-0.36798,-0.16364,-0.29826,-0.34155,-0.53846,0.14929,-0.085673,0.01844,0.014531,0.37726,0.36384,-0.089506,-0.13113,0.87635,0.63518,0.32349,0.12869,0.1344,-0.10539,-0.35021,-0.20204,0.5113,0.28277,0.12037,-0.13214,0.39857,0.053506,0.01917,-0.031311,-0.025658,-0.040337,0.0076972,-0.021122,0.30682,0.12768,0.19609,-0.052812,0.1913,0.082523,0.25594,0.0098322,0.33365,0.24598,0.078556,0.25558,-0.0022591,-0.037429,0.048243,0.17809,-0.014112,-0.039716,-0.35488,-0.5829,-0.21095,-0.27526,-0.01715,-0.30423,0.40943,0.14089,0.11206,0.0079716,0.11088,0.080237,-0.04988,-0.12499,-0.064998,-0.081426,0.1997,0.017237,0.056193,0.23618,-0.19848,0.1122,0.015751,0.0038985,0.30162,0.34792,0.29773,0.10306,-0.3388,-0.17846
-0.19474,-0.1516,0.50671,1,0.095069,0.088005,0.1344,0.48955,-0.0028448,0.14841,-0.3576,-0.18589,-0.27499,0.03596,-0.015618,0.25678,-0.22141,-0.2205,0.039932,0.18246,-0.026737,-0.012291,0.51629,0.76525,0.26893,0.3775,0.25455,0.17358,-0.4492,-0.16821,0.17421,0.15868,0.0083018,0.028786,0.27621,0.25526,-0.064978,-0.0017507,-0.077012,0.011286,0.033497,0.085223,0.26434,0.15026,0.30139,0.094478,-0.014073,0.012276,0.16729,0.1504,0.14493,0.5455,-0.19988,0.011874,-0.11823,0.022788,-0.16057,0.048361,0.096442,0.31632,-0.31728,-0.063607,-0.32727,-0.29881,0.044879,0.36091,0.49304,0.49324,0.14579,0.10225,-0.013641,0.013563,-0.18436,-0.30028,-0.10977,-0.098246,-0.0079805,0.11977,-0.059375,-0.011115,-0.20602,0.045097,-0.10003,0.21052,0.27705,0.687,0.24474,0.30058,-0.175,0.22099
0.074543,-0.12077,-0.080624,0.095069,1,0.78944,0.11621,0.26893,0.79737,0.70547,-0.10058,-0.17341,0.17837,0.12408,0.36605,0.42709,-0.32383,-0.27704,-0.079622,-0.32506,0.53591,0.41322,0.0059605,0.044014,0.66649,0.75299,0.49819,0.82713,-0.12043,-0.028609,0.024298,-0.023195,-0.15548,-0.27575,0.019317,-0.072536,-0.072016,-0.033875,-0.013394,-0.053262,0.16858,0.30392,-0.027308,-0.13045,0.10898,-0.043337,-0.10689,-0.14738,0.023394,0.15035,-0.061823,0.062564,-0.091211,-0.047125,-0.074545,0.072208,-0.15264,-0.077178,0.20508,0.26806,0.25311,0.24293,-0.020311,-0.13206,0.35958,0.27958,0.020675,-0.07593,0.18163,-0.066826,0.10162,0.16804,0.096142,-0.13068,0.03757,-0.090934,-0.063479,-0.21854,-0.1466,-0.083168,-0.1828,0.033935,0.14557,0.42271,0.14008,0.23467,0.25262,0.5322,0.2714,0.48826
-0.0088792,-0.16445,-0.40267,0.088005,0.78944,1,-0.033785,0.56646,0.84539,0.89595,-0.020637,-0.028287,0.26669,0.44252,0.23712,0.46481,-0.34215,-0.30255,-0.2541,-0.40516,0.39397,0.31847,-0.27411,-0.038774,0.38336,0.63012,0.38953,0.7206,-0.067721,0.025842,-0.1894,-0.096439,-0.23906,-0.17854,-0.14168,-0.065656,-0.14413,-0.038396,-0.071049,-0.058586,0.016277,0.1907,-0.18067,-0.2427,0.042791,-0.058485,-0.24899,-0.21052,-0.13124,0.052086,-0.23898,-0.0044305,-0.10832,-0.07832,-0.1699,0.018554,-0.22892,-0.18493,0.16259,0.33357,0.30128,0.54703,0.050206,-0.038954,0.31368,0.58842,-0.15172,-0.10429,0.099916,-0.12002,0.022017,0.11556,0.07506,-0.1127,0.034134,-0.024909,-0.21743,-0.19224,-0.18638,-0.22221,-0.065734,-0.011494,0.010195,0.35085,0.071918,0.21508,0.035851,0.45017,0.26229,0.54174
0.4625,-0.05553,0.35329,0.1344,0.11621,-0.033785,1,0.21586,0.21287,-0.074635,0.28664,0.00013349,0.50338,-0.04649,0.070763,-0.16007,-0.32142,-0.2463,0.25211,0.060176,0.10662,-0.059444,0.13549,-0.13507,-0.034425,-0.11436,-0.19693,-0.078379,0.0012951,-0.17647,0.15493,-0.037421,0.16639,-0.03318,-0.037446,-0.09102,-0.12103,-0.20896,-0.086683,-0.23534,0.0029958,-0.090722,-0.22637,-0.32001,-0.040073,-0.19259,-0.28967,-0.40724,-0.14714,0.081459,-0.21879,0.043661,-0.31744,-0.24377,-0.24948,-0.33908,-0.33615,-0.22095,0.30719,0.042245,0.37873,0.0063626,0.1505,-0.11556,0.51971,0.016024,0.2544,0.10901,-0.15364,-0.26781,0.19417,-0.019562,-0.0058441,-0.12249,-0.019051,-0.13152,0.11549,-0.099621,-0.32102,-0.053947,-0.39368,-0.37415,-0.11244,-0.070227,-0.20711,-0.16933,-0.043433,-0.10428,0.076749,0.071972
0.080697,0.012948,-0.29224,0.48955,0.26893,0.56646,0.21586,1,0.50242,0.56274,0.030861,0.19221,0.35441,0.60088,-0.040532,0.27847,-0.35012,-0.3053,-0.20327,-0.11841,0.11058,0.091968,-0.22865,0.12283,-0.041736,0.19579,-0.048915,0.20164,-0.077979,-0.013334,-0.24286,-0.091805,-0.13783,0.067113,-0.15684,0.061707,-0.18078,-0.10307,-0.099279,-0.10162,-0.027074,0.01573,-0.21337,-0.21009,0.081726,0.027776,-0.40489,-0.32076,-0.15745,0.15097,-0.33095,0.18557,-0.38018,-0.30408,-0.29298,-0.18932,-0.32936,-0.14809,0.22577,0.46084,0.28535,0.69598,0.049066,0.013412,0.36386,0.82599,0.038061,0.21392,-0.073444,-0.10457,-0.054247,-0.038727,-0.11902,-0.21325,-0.065035,-0.0979,-0.21825,-0.023846,-0.19869,-0.17568,-0.17899,-0.2083,-0.13251,0.14874,-0.096826,0.19233,-0.086286,0.12462,0.18055,0.40111
0.17721,-0.17911,-0.36056,-0.0028448,0.79737,0.84539,0.21287,0.50242,1,0.79188,0.1336,-0.029538,0.49879,0.38968,0.34237,0.42206,-0.41411,-0.35914,-0.16997,-0.39738,0.38187,0.21109,-0.25511,-0.14838,0.23996,0.41742,0.2923,0.61107,-0.055262,-0.078318,-0.26756,-0.24288,-0.30317,-0.31588,-0.20149,-0.11423,-0.091657,-0.06974,-0.083341,-0.13996,0.1245,0.16531,-0.29797,-0.36046,-0.067369,-0.14436,-0.35424,-0.34433,-0.23851,0.029029,-0.339,-0.098284,-0.21407,-0.21534,-0.1959,-0.095625,-0.29977,-0.29204,0.20425,0.25318,0.44275,0.48776,0.14636,-0.066946,0.4661,0.46966,-0.13621,-0.11472,0.052296,-0.13779,0.086718,0.1225,0.1295,-0.12839,0.13322,-0.052595,-0.082075,-0.14675,-0.332,-0.29519,-0.21077,-0.23229,-0.041374,0.30112,0.042968,0.079707,0.043101,0.41307,0.38013,0.48965
-0.068074,-0.17857,-0.36798,0.14841,0.70547,0.89595,-0.074635,0.56274,0.79188,1,-0.07395,-0.080107,0.22246,0.41643,0.2669,0.61052,-0.36445,-0.30963,-0.30674,-0.38056,0.37827,0.30765,-0.25444,0.02252,0.3026,0.53342,0.34418,0.65163,-0.12558,0.050627,-0.27174,-0.14748,-0.24749,-0.21229,-0.18107,-0.069935,-0.055327,0.11042,0.012241,0.064387,0.053331,0.29194,-0.2099,-0.23627,0.042151,-0.0054972,-0.26182,-0.16239,-0.092721,0.081545,-0.18154,0.062164,-0.074776,-0.035938,-0.072384,0.14815,-0.26495,-0.17372,0.17138,0.37276,0.23775,0.51348,-0.01668,-0.074429,0.28986,0.61609,-0.12076,-0.088908,0.082141,-0.15544,-0.051956,0.038747,0.081027,-0.09313,0.092232,0.065316,-0.26626,-0.20478,-0.18933,-0.23748,-0.055456,-0.018952,0.05012,0.46343,0.10944,0.28903,0.013263,0.47514,0.29464,0.58694
0.57941,0.17287,-0.16364,-0.3576,-0.10058,-0.020637,0.28664,0.030861,0.1336,-0.07395,1,0.47349,0.63838,0.29883,0.37629,0.045823,0.23239,0.13934,0.2919,0.18383,0.11771,0.053973,-0.2153,-0.28907,-0.42022,-0.40511,-0.32894,-0.16948,0.48788,0.23429,-0.1057,-0.14218,0.049039,0.061841,-0.49798,-0.37685,-0.32184,-0.32782,-0.13145,-0.34067,-0.14951,-0.14776,-0.46359,-0.35772,-0.19337,-0.118,-0.48092,-0.46845,-0.20786,-0.11587,-0.4058,-0.43515,-0.24944,-0.26511,-0.28704,-0.38138,0.14951,-0.082651,0.15788,-0.052956,0.4786,0.24038,0.59922,0.32242,0.13427,0.043507,-0.37033,-0.34498,-0.2139,-0.21196,0.26021,0.11515,0.19782,0.16812,0.031381,-0.039396,-0.10426,-0.18004,-0.060206,0.074047,0.2012,-0.17542,0.10645,-0.088702,0.067577,-0.34865,-0.055434,-0.13019,0.20355,-0.096405
0.22054,0.41422,-0.29826,-0.18589,-0.17341,-0.028287,0.00013349,0.19221,-0.029538,-0.080107,0.47349,1,0.27007,0.62923,0.22197,-0.22599,0.25422,0.38289,0.037019,0.18442,0.10244,0.031616,-0.25434,-0.21288,-0.29564,-0.26488,-0.33863,-0.12558,0.53758,0.31647,0.042315,0.1327,0.19118,0.28403,-0.33794,-0.20897,-0.10231,-0.2999,0.013625,-0.21676,0.032775,-0.13654,-0.32256,-0.17647,-0.12923,0.016702,-0.29287,-0.29244,-0.12496,-0.13992,-0.37914,-0.27142,-0.24403,-0.29831,-0.13868,-0.32748,0.10417,0.11663,0.072536,0.040436,0.2139,0.34011,0.37975,0.5373,-0.14308,0.094036,-0.30023,-0.13213,-0.24197,-0.11697,0.099702,0.076998,0.14244,0.23046,0.11937,-9.1044e-005,-0.12324,-0.0021939,0.086391,0.12925,0.26178,0.094306,0.17973,-0.42552,-0.14152,-0.3308,-0.26229,-0.41687,0.11918,-0.21176
0.5755,-0.022762,-0.34155,-0.27499,0.17837,0.26669,0.50338,0.35441,0.49879,0.22246,0.63838,0.27007,1,0.48314,0.22401,0.076804,-0.31271,-0.30948,0.096771,-0.21877,0.16416,-0.019944,-0.31828,-0.40949,-0.2484,-0.19222,-0.2386,-0.00044365,0.1759,-0.06709,-0.29253,-0.31706,-0.12644,-0.13223,-0.34221,-0.12328,-0.14539,-0.20367,-0.079598,-0.23441,0.037655,-0.038832,-0.4902,-0.48116,-0.24763,-0.25144,-0.50803,-0.53021,-0.42512,0.034546,-0.49666,-0.21511,-0.41519,-0.43517,-0.34254,-0.36467,-0.3338,-0.384,0.22154,-0.020637,0.6941,0.41402,0.40046,0.065,0.53968,0.23258,-0.19634,-0.19681,-0.15005,-0.28334,0.13087,0.034641,0.023994,-0.038598,-0.062472,-0.10199,-0.030542,-0.15033,-0.3181,-0.21904,-0.22928,-0.44142,-0.08001,-0.030582,-0.19933,-0.32593,-0.099079,0.015206,0.4457,0.29648
0.04434,0.013153,-0.53846,0.03596,0.12408,0.44252,-0.04649,0.60088,0.38968,0.41643,0.29883,0.62923,0.48314,1,0.20016,0.19258,-0.12571,-0.055646,-0.26646,-0.18989,0.16036,0.083154,-0.36216,-0.097122,-0.15886,0.034982,-0.092754,0.15861,0.26274,0.23259,-0.18453,-0.0036413,0.037225,0.2165,-0.3221,-0.015488,-0.19178,-0.23021,-0.064571,-0.18656,-0.026722,-0.028543,-0.37232,-0.28149,-0.074536,-0.0049339,-0.49341,-0.3933,-0.28251,-0.13494,-0.4687,-0.11368,-0.35817,-0.34821,-0.29517,-0.28933,-0.22492,-0.24094,0.031429,0.10512,0.2818,0.57163,0.24554,0.26351,0.087705,0.5128,-0.2413,-0.05578,-0.15477,-0.18301,0.068776,0.066046,0.045545,0.053538,-0.013139,-0.0087721,-0.31007,-0.15885,-0.075057,-0.12568,0.16442,-0.048556,0.059877,-0.080349,-0.093991,0.0047079,-0.23897,-0.066903,0.21608,0.20177
0.15431,-0.1709,0.14929,-0.015618,0.36605,0.23712,0.070763,-0.040532,0.34237,0.2669,0.37629,0.22197,0.22401,0.20016,1,0.39429,0.12933,0.069903,0.14012,-0.068741,0.47287,0.25765,0.3115,0.23377,0.2638,0.20044,0.24434,0.35772,0.24813,0.29239,0.18873,0.1084,-0.024082,-0.22045,-0.14272,-0.23281,-0.067025,-0.23284,0.058892,-0.17974,0.17721,0.087348,-0.19197,-0.16905,-0.068018,-0.08804,-0.23381,-0.21444,-0.067394,-0.12999,-0.1741,-0.15983,-0.089398,-0.058418,-0.040627,-0.10152,0.06283,-0.10831,0.027779,-0.065072,0.070361,-0.071806,0.21101,-0.041855,0.061067,0.039531,-0.11232,-0.24753,-0.043872,-0.23383,0.3167,0.29461,0.26877,0.084543,0.086054,-0.030196,-0.02608,-0.16723,0.069857,0.12978,0.17736,0.083415,0.51574,0.1271,0.45258,0.19176,0.28249,0.23702,0.28586,0.092067
-0.0078335,-0.21346,-0.085673,0.25678,0.42709,0.46481,-0.16007,0.27847,0.42206,0.61052,0.045823,-0.22599,0.076804,0.19258,0.39429,1,-0.12992,-0.30778,-0.16547,-0.14996,0.31541,0.4039,0.041549,0.32391,0.12655,0.28578,0.23028,0.41798,-0.035788,0.31794,-0.16214,-0.14523,-0.13081,-0.14923,-0.16927,-0.076538,-0.12349,0.26027,0.093173,0.18272,0.0095908,0.46579,-0.12143,-0.11203,0.10537,0.077053,-0.2271,-0.071067,0.063532,0.10935,-0.018265,0.09015,-0.127,0.019665,-0.07062,0.21822,-0.037541,-0.1571,0.13501,0.26111,0.10679,0.22049,0.01981,-0.11179,0.13975,0.41902,-0.06151,-0.10459,0.13701,-0.038062,0.10856,0.085252,0.13184,0.036993,0.055922,0.22545,-0.1749,-0.13934,-0.038787,-0.083258,0.084043,0.017804,0.26717,0.8338,0.36095,0.48856,0.3274,0.59021,0.13919,0.41698
-0.0023144,0.26477,0.01844,-0.22141,-0.32383,-0.34215,-0.32142,-0.35012,-0.41411,-0.36445,0.23239,0.25422,-0.31271,-0.12571,0.12933,-0.12992,1,0.75468,0.086851,0.34158,-0.011277,-0.03136,-0.015218,0.050177,-0.16281,-0.26027,-0.18091,-0.16981,0.4946,0.51909,0.22715,0.284,0.325,0.35802,-0.13624,-0.20723,-0.029998,-0.065307,0.093433,0.005874,-0.15009,-0.10257,-0.030964,0.16424,-0.1064,0.10079,0.027503,0.095672,0.12775,-0.20699,0.0033757,-0.33673,0.18481,0.15589,0.11667,0.034078,0.7179,0.37977,-0.16121,-0.11503,-0.17089,-0.15687,0.14044,0.29867,-0.36486,-0.20404,-0.2705,-0.25749,-0.018707,0.16182,-0.12777,-0.14655,0.030801,0.20016,-0.052598,-0.12416,-0.21791,-0.14409,0.68317,0.57543,0.58042,0.52363,0.28682,-0.12555,0.17377,-0.064894,-0.13344,-0.33198,-0.15895,-0.43568
-0.063108,0.30392,0.014531,-0.2205,-0.27704,-0.30255,-0.2463,-0.3053,-0.35914,-0.30963,0.13934,0.38289,-0.30948,-0.055646,0.069903,-0.30778,0.75468,1,0.07685,0.24881,-0.16673,-0.17033,-0.031177,-0.039655,-0.11288,-0.24842,-0.11192,-0.17118,0.36623,0.37079,0.10148,0.20784,0.20623,0.19458,-0.046299,-0.17077,0.088917,0.036649,0.054763,0.022841,0.035482,-0.032177,-0.043285,0.070472,-0.071448,0.084226,0.028578,0.073824,0.063565,-0.21657,-0.037056,-0.30389,0.25163,0.19005,0.11823,0.029583,0.59415,0.5063,-0.11594,-0.031633,-0.18791,-0.10025,0.078582,0.3268,-0.3003,-0.20203,-0.19028,-0.20826,-0.036871,0.16746,-0.24423,-0.13261,0.084155,0.25832,0.096147,-0.070261,-0.079155,-0.057741,0.52644,0.5612,0.42624,0.60818,0.070128,-0.34184,0.087055,-0.14775,-0.28411,-0.51237,-0.12913,-0.46312
0.54828,0.31514,0.37726,0.039932,-0.079622,-0.2541,0.25211,-0.20327,-0.16997,-0.30674,0.2919,0.037019,0.096771,-0.26646,0.14012,-0.16547,0.086851,0.07685,1,0.52208,-0.022565,-0.15991,0.29808,0.036372,-0.017422,-0.083856,-0.080308,-0.18899,-0.0014368,-0.082107,0.10235,-0.015264,-0.039917,-0.22494,-0.13763,-0.26323,0.013582,-0.13035,-0.040324,-0.16104,0.19015,-0.1078,0.036317,-0.050799,-0.094263,-0.12488,0.12735,-0.030372,0.057708,0.14883,0.032753,-0.033263,-0.091598,-0.046136,-0.0066816,-0.065779,0.23358,0.21583,0.27761,0.10949,0.11129,-0.1987,0.16664,0.043908,-0.060558,-0.35304,0.082002,0.016093,0.23766,0.049805,0.10448,0.233,-0.052422,-0.056368,-0.012716,-0.12663,0.22338,0.10175,-0.098034,0.082296,-0.21856,-0.072873,0.015528,-0.12418,-0.038822,-0.16978,0.10272,-0.010205,-0.0022333,0.01776
0.23823,0.57392,0.36384,0.18246,-0.32506,-0.40516,0.060176,-0.11841,-0.39738,-0.38056,0.18383,0.18442,-0.21877,-0.18989,-0.068741,-0.14996,0.34158,0.24881,0.52208,1,-0.13248,-0.19072,0.15651,0.15201,-0.23185,-0.22142,-0.37961,-0.3388,0.17994,0.15803,0.24452,0.23546,0.23833,0.27817,-0.2889,-0.31876,-0.09364,-0.11747,-0.023977,-0.1073,-0.10127,-0.14408,-0.042155,0.028875,-0.047652,0.10385,0.038352,-0.017967,0.2793,0.060872,0.095412,-0.080509,-0.05925,-0.028695,-0.033085,-0.14511,0.32806,0.45536,0.20777,0.31174,-0.13028,-0.089125,0.13149,0.35804,-0.39098,-0.23742,-0.10114,0.053503,0.08574,0.2375,-0.017006,0.083546,-0.026053,0.070706,-0.0075067,-0.012708,-0.054782,0.083543,0.081811,0.21243,0.09911,0.081575,0.072798,-0.09566,-0.13902,-0.20841,-0.085667,-0.19193,-0.32596,-0.35098
0.12823,-0.08306,-0.089506,-0.026737,0.53591,0.39397,0.10662,0.11058,0.38187,0.37827,0.11771,0.10244,0.16416,0.16036,0.47287,0.31541,-0.011277,-0.16673,-0.022565,-0.13248,1,0.59563,-0.046295,0.0028992,0.35918,0.3748,0.095489,0.47065,0.18147,0.34855,0.16407,0.12793,0.085485,0.014472,-0.15775,-0.12582,-0.19447,-0.23986,0.18878,-0.067169,0.011001,0.079693,-0.17221,-0.12533,0.0055547,-0.0095134,-0.14513,-0.18363,0.025956,0.15158,-0.084941,-0.002976,-0.11704,-0.12323,0.059835,0.044328,-0.037787,-0.13408,0.19863,0.065295,0.26451,0.14662,0.07525,-0.058834,0.22496,0.17935,0.010315,-0.086367,-0.0018875,-0.20811,0.20599,0.057115,0.084902,-0.010777,-0.060911,-0.053177,-0.2623,-0.35581,0.040566,0.10448,0.094331,0.041935,0.63213,0.36807,0.1747,0.14802,0.27506,0.27374,0.29984,0.33906
0.044167,0.010361,-0.13113,-0.012291,0.41322,0.31847,-0.059444,0.091968,0.21109,0.30765,0.053973,0.031616,-0.019944,0.083154,0.25765,0.4039,-0.03136,-0.17033,-0.15991,-0.19072,0.59563,1,-0.052731,0.051147,0.26455,0.26806,0.17816,0.45233,0.18363,0.28204,0.075851,0.024883,0.15907,0.11392,-0.13525,-0.14097,-0.18374,-0.040584,0.16683,0.028979,-0.084876,0.28677,-0.14708,-0.15795,0.091375,-0.022521,-0.15699,-0.14755,0.08187,0.056779,-0.070443,-0.05607,-0.042496,-0.049229,0.041132,0.10818,0.090479,-0.0021788,0.10626,0.085724,0.17672,0.17212,0.10552,0.0048473,0.10142,0.21635,-0.056909,-0.12227,0.017346,-0.11396,0.29886,0.13332,0.14342,0.098535,0.017467,0.10609,-0.19648,-0.25097,0.0048396,0.016956,0.17047,0.026042,0.52032,0.49548,0.23387,0.13901,0.3825,0.26579,0.15305,0.23388
-0.1306,-0.17555,0.87635,0.51629,0.0059605,-0.27411,0.13549,-0.22865,-0.25511,-0.25444,-0.2153,-0.25434,-0.31828,-0.36216,0.3115,0.041549,-0.015218,-0.031177,0.29808,0.15651,-0.046295,-0.052731,1,0.77888,0.44306,0.24887,0.30858,0.0071692,-0.35669,-0.16077,0.52719,0.32,0.040801,-0.18727,0.46331,0.13221,0.024742,-0.062366,-0.077549,-0.089289,0.0833,-0.0025524,0.35021,0.15527,0.22172,-0.047931,0.16144,0.066959,0.21339,-0.053065,0.30445,0.21655,0.081376,0.23443,-0.037308,-0.080181,0.032851,0.06143,-0.14201,-0.1221,-0.37602,-0.51763,-0.20443,-0.32889,-0.039478,-0.20173,0.36984,0.09971,0.1441,-0.0061634,0.16226,0.19572,0.010275,-0.091546,-0.071861,-0.076538,0.21368,0.036228,0.098884,0.21445,-0.14188,0.13464,0.052652,-0.0023739,0.41256,0.47394,0.40059,0.18394,-0.24172,-0.11888
-0.26149,-0.19029,0.63518,0.76525,0.044014,-0.038774,-0.13507,0.12283,-0.14838,0.02252,-0.28907,-0.21288,-0.40949,-0.097122,0.23377,0.32391,0.050177,-0.039655,0.036372,0.15201,0.0028992,0.051147,0.77888,1,0.34491,0.33668,0.36741,0.14036,-0.4022,-0.058194,0.29956,0.23908,-0.065396,-0.093666,0.35997,0.19662,-0.061316,-0.0072173,-0.050557,-0.004009,-0.039283,0.075734,0.3228,0.21168,0.30594,0.10302,0.075171,0.10792,0.2438,0.024369,0.28468,0.3435,0.049255,0.24041,-0.033089,0.058934,0.10781,0.12749,-0.093985,0.10392,-0.42178,-0.27651,-0.28338,-0.32877,-0.081044,0.19259,0.33823,0.1955,0.16163,0.094527,0.051882,0.10284,-0.059566,-0.11548,-0.10679,-0.050611,-0.027266,0.01038,0.19125,0.20875,0.011437,0.21253,0.073403,0.19834,0.57605,0.75332,0.40972,0.34463,-0.23892,0.056091
-0.17667,-0.14752,0.32349,0.26893,0.66649,0.38336,-0.034425,-0.041736,0.23996,0.3026,-0.42022,-0.29564,-0.2484,-0.15886,0.2638,0.12655,-0.16281,-0.11288,-0.017422,-0.23185,0.35918,0.26455,0.44306,0.34491,1,0.87714,0.60214,0.6697,-0.27147,-0.098091,0.37903,0.29353,0.05251,-0.15081,0.41856,0.15861,0.0036878,-0.078571,-0.069322,-0.052388,0.13672,0.11781,0.35864,0.18916,0.21239,-0.026549,0.21448,0.14741,0.16225,0.085741,0.28719,0.26982,0.18243,0.26313,0.03376,0.098867,-0.013445,0.071504,-0.012397,0.062398,-0.14445,-0.16568,-0.25079,-0.25545,0.11726,-0.0092892,0.21902,0.013866,0.27872,-0.0069545,0.076875,0.16317,0.014944,-0.15012,-0.14979,-0.1569,0.033982,-0.18053,0.10028,0.10084,-0.078808,0.32164,0.13143,0.16128,0.23435,0.42404,0.26666,0.35364,0.034239,0.26026
-0.22066,-0.16372,0.12869,0.3775,0.75299,0.63012,-0.11436,0.19579,0.41742,0.53342,-0.40511,-0.26488,-0.19222,0.034982,0.20044,0.28578,-0.26027,-0.24842,-0.083856,-0.22142,0.3748,0.26806,0.24887,0.33668,0.87714,1,0.59802,0.77343,-0.28789,-0.084506,0.28325,0.2494,-0.0099047,-0.095555,0.25931,0.12186,-0.12268,-0.11312,-0.15121,-0.092695,0.074804,0.15478,0.30522,0.2006,0.23554,0.035578,0.15147,0.10376,0.18302,0.15677,0.22491,0.34297,0.043065,0.15394,-0.067645,0.10253,-0.10453,0.03967,0.042658,0.21986,-0.12114,0.017108,-0.26856,-0.23623,0.061877,0.17688,0.1776,0.1049,0.26974,0.018673,0.066804,0.19173,0.016145,-0.18858,-0.16424,-0.1331,-0.062683,-0.14583,0.014193,-0.012711,-0.081628,0.25289,0.07916,0.2832,0.17086,0.48339,0.26473,0.5108,-0.0021419,0.40401
-0.26262,-0.39425,0.1344,0.25455,0.49819,0.38953,-0.19693,-0.048915,0.2923,0.34418,-0.32894,-0.33863,-0.2386,-0.092754,0.24434,0.23028,-0.18091,-0.11192,-0.080308,-0.37961,0.095489,0.17816,0.30858,0.36741,0.60214,0.59802,1,0.66765,-0.34597,-0.22057,0.031662,-0.019333,-0.19885,-0.29202,0.30754,0.14313,0.048259,0.011575,-0.14511,-0.012778,0.16438,0.10004,0.29272,0.13421,0.20396,0.0024985,0.2108,0.1921,0.08356,0.002417,0.23842,0.25937,0.23263,0.27429,0.11662,0.25291,-0.044982,-0.084881,-0.10183,-0.045208,-0.2583,-0.2275,-0.24391,-0.34657,0.02937,0.015012,0.2346,0.10532,0.26384,-0.0054984,0.042821,0.13157,0.044367,-0.14306,0.059504,-0.084309,0.029954,-0.060423,-0.058697,-0.050657,-0.094334,0.15574,-0.10101,0.12614,0.43136,0.54315,0.34746,0.47597,0.10869,0.34695
-0.075955,-0.18097,-0.10539,0.17358,0.82713,0.7206,-0.078379,0.20164,0.61107,0.65163,-0.16948,-0.12558,-0.00044365,0.15861,0.35772,0.41798,-0.16981,-0.17118,-0.18899,-0.3388,0.47065,0.45233,0.0071692,0.14036,0.6697,0.77343,0.66765,1,-0.085457,0.021538,0.027793,0.010879,0.0026106,-0.10752,0.064304,0.0027206,-0.11615,-0.0675,-0.11351,-0.070693,0.083395,0.306,0.067542,-0.019002,0.22315,0.062931,-0.066001,-0.07081,0.097066,0.088752,0.024594,0.16343,0.0058163,0.02442,-0.053285,0.10751,-0.032372,-0.05511,0.16568,0.20381,0.10084,0.15759,-0.027663,-0.10652,0.18749,0.25157,0.10157,0.020885,0.20306,-0.024882,0.087362,0.14971,0.15907,-0.074325,-0.0048433,-0.084113,-0.12251,-0.20957,-0.086209,-0.095989,0.03314,0.16653,0.11088,0.35896,0.30395,0.40975,0.25316,0.51607,0.23275,0.46725
0.20836,0.30751,-0.35021,-0.4492,-0.12043,-0.067721,0.0012951,-0.077979,-0.055262,-0.12558,0.48788,0.53758,0.1759,0.26274,0.24813,-0.035788,0.4946,0.36623,-0.0014368,0.17994,0.18147,0.18363,-0.35669,-0.4022,-0.27147,-0.28789,-0.34597,-0.085457,1,0.68945,0.16291,0.18669,0.4347,0.45215,-0.46589,-0.39015,-0.095305,-0.14972,0.039909,-0.13354,-0.044075,0.0034048,-0.34134,-0.15751,-0.26143,0.0078411,-0.24561,-0.20219,-0.057649,-0.20639,-0.36315,-0.503,-0.10133,-0.2071,-0.023883,-0.1928,0.27905,0.085342,0.057356,-0.017876,0.22888,0.26755,0.46925,0.56803,-0.25466,-0.084912,-0.45678,-0.33915,-0.23409,-0.090444,0.19887,0.092091,0.35085,0.45367,0.15059,0.13911,-0.066228,-0.043175,0.28329,0.2544,0.58323,0.20122,0.37854,-0.08401,-0.23173,-0.44326,-0.27201,-0.36303,0.11307,-0.29229
-0.015763,0.17551,-0.20204,-0.16821,-0.028609,0.025842,-0.17647,-0.013334,-0.078318,0.050627,0.23429,0.31647,-0.06709,0.23259,0.29239,0.31794,0.51909,0.37079,-0.082107,0.15803,0.34855,0.28204,-0.16077,-0.058194,-0.098091,-0.084506,-0.22057,0.021538,0.68945,1,0.22519,0.28245,0.37449,0.42618,-0.33424,-0.26364,-0.082028,0.048734,0.2038,0.099831,-0.12418,0.10851,-0.24027,-0.083368,-0.11875,0.064601,-0.15418,-0.033496,0.025958,-0.18282,-0.21704,-0.36113,-0.027628,0.0014366,0.045184,0.024535,0.30248,0.11909,-0.051406,0.042176,0.039869,0.19902,0.24154,0.39597,-0.22284,0.055071,-0.33891,-0.29649,-0.050301,-0.022325,0.084409,-0.047509,0.16384,0.35763,0.094896,0.16649,-0.30568,-0.19555,0.41836,0.39758,0.60173,0.45958,0.56444,0.28245,-0.006319,-0.029656,-0.10749,-0.16252,-0.022457,-0.15899
-0.21612,-0.014038,0.5113,0.17421,0.024298,-0.1894,0.15493,-0.24286,-0.26756,-0.27174,-0.1057,0.042315,-0.29253,-0.18453,0.18873,-0.16214,0.22715,0.10148,0.10235,0.24452,0.16407,0.075851,0.52719,0.29956,0.37903,0.28325,0.031662,0.027793,0.16291,0.22519,1,0.86543,0.54486,0.39413,0.15308,-0.087303,-0.12328,-0.24653,-0.039871,-0.15461,-0.067504,-0.17057,0.14506,0.15185,0.11907,-0.0078488,0.082391,-0.04699,0.24747,-0.16314,0.11563,-0.02427,-0.021814,0.12318,-0.067338,-0.19524,0.016993,0.070999,-0.21482,-0.17498,-0.30757,-0.34902,-0.10016,-0.034645,-0.22629,-0.28699,0.094687,-0.01838,0.019149,0.0056908,0.2408,0.17443,0.079698,0.04079,-0.14487,-0.11,-0.075877,-0.16492,0.35719,0.4366,0.15294,0.3194,0.28599,-0.10248,-0.061293,0.11172,0.094444,-0.07901,-0.35098,-0.32085
-0.36268,0.019087,0.28277,0.15868,-0.023195,-0.096439,-0.037421,-0.091805,-0.24288,-0.14748,-0.14218,0.1327,-0.31706,-0.0036413,0.1084,-0.14523,0.284,0.20784,-0.015264,0.23546,0.12793,0.024883,0.32,0.23908,0.29353,0.2494,-0.019333,0.010879,0.18669,0.28245,0.86543,1,0.5106,0.45248,0.078866,-0.048239,-0.087172,-0.18267,0.022022,-0.090738,-0.041757,-0.16596,0.054121,0.088916,0.13001,0.049788,0.013117,-0.078853,0.21012,-0.22751,0.036039,-0.07045,0.015778,0.15121,-0.051469,-0.16427,0.0030816,0.098799,-0.27005,-0.11967,-0.37557,-0.18394,-0.13552,0.023052,-0.31815,-0.13276,-0.01001,-0.042425,0.053488,0.076055,0.058923,0.12059,0.045925,0.0087187,-0.15087,-0.10978,-0.2202,-0.20136,0.45961,0.46615,0.25792,0.40014,0.26551,-0.12295,-0.12793,0.10474,-0.082264,-0.13071,-0.3584,-0.29052
-0.098122,0.10307,0.12037,0.0083018,-0.15548,-0.23906,0.16639,-0.13783,-0.30317,-0.24749,0.049039,0.19118,-0.12644,0.037225,-0.024082,-0.13081,0.325,0.20623,-0.039917,0.23833,0.085485,0.15907,0.040801,-0.065396,0.05251,-0.0099047,-0.19885,0.0026106,0.4347,0.37449,0.54486,0.5106,1,0.80765,-0.098365,-0.070279,-0.17216,-0.16228,-0.078746,-0.10894,-0.16895,-0.048949,-0.070961,0.030409,0.058672,0.16026,-0.18338,-0.1825,0.16634,-0.13685,-0.07259,-0.024806,-0.13063,-0.050773,-0.15827,-0.19019,0.16735,0.07318,-0.028542,-0.11477,-0.078015,-0.095385,0.10148,0.24374,-0.2482,-0.16811,0.069131,0.079279,-0.0085126,-0.0055687,0.097882,0.0044998,0.13879,0.21021,-0.20293,-0.0017346,-0.16426,-0.1574,0.26122,0.2354,0.40658,0.21038,0.23098,-0.068001,-0.23429,-0.10591,-0.13007,-0.27967,-0.23779,-0.31257
-0.18747,0.17864,-0.13214,0.028786,-0.27575,-0.17854,-0.03318,0.067113,-0.31588,-0.21229,0.061841,0.28403,-0.13223,0.2165,-0.22045,-0.14923,0.35802,0.19458,-0.22494,0.27817,0.014472,0.11392,-0.18727,-0.093666,-0.15081,-0.095555,-0.29202,-0.10752,0.45215,0.42618,0.39413,0.45248,0.80765,1,-0.20882,-0.021284,-0.23147,-0.16297,-0.055427,-0.074319,-0.27766,-0.15334,-0.13618,0.05564,0.015124,0.18811,-0.22258,-0.1747,0.11021,-0.1254,-0.14492,-0.037985,-0.19633,-0.17649,-0.1833,-0.24373,0.12423,0.066516,-0.14641,-0.059298,-0.12071,0.1031,0.085015,0.34285,-0.312,0.031761,-0.087417,0.13797,-0.12483,0.036732,0.053373,-0.099813,0.017403,0.17136,-0.18567,-0.015657,-0.33043,-0.11652,0.30357,0.25492,0.41503,0.18367,0.16231,-0.095613,-0.32147,-0.15483,-0.22873,-0.32677,-0.27122,-0.36221
-0.33858,-0.38776,0.39857,0.27621,0.019317,-0.14168,-0.037446,-0.15684,-0.20149,-0.18107,-0.49798,-0.33794,-0.34221,-0.3221,-0.14272,-0.16927,-0.13624,-0.046299,-0.13763,-0.2889,-0.15775,-0.13525,0.46331,0.35997,0.41856,0.25931,0.30754,0.064304,-0.46589,-0.33424,0.15308,0.078866,-0.098365,-0.20882,1,0.75016,0.1838,0.1564,0.0043724,0.18634,0.039112,0.026752,0.59049,0.41877,0.47863,0.15076,0.33812,0.32293,0.059461,0.0739,0.28951,0.45422,0.02504,0.076351,0.055084,0.023277,-0.11611,-0.12746,-0.19543,-0.25571,-0.36299,-0.4131,-0.50685,-0.50258,0.21201,-0.05881,0.66006,0.43016,0.054295,0.07119,-0.032438,-0.090331,-0.076166,-0.13511,0.006641,-0.041319,0.37819,0.22886,0.09387,0.019289,-0.19769,0.071393,-0.22699,-0.1364,0.26371,0.3902,0.18486,0.065559,-0.15323,-0.068036
-0.33314,-0.43488,0.053506,0.25526,-0.072536,-0.065656,-0.09102,0.061707,-0.11423,-0.069935,-0.37685,-0.20897,-0.12328,-0.015488,-0.23281,-0.076538,-0.20723,-0.17077,-0.26323,-0.31876,-0.12582,-0.14097,0.13221,0.19662,0.15861,0.12186,0.14313,0.0027206,-0.39015,-0.26364,-0.087303,-0.048239,-0.070279,-0.021284,0.75016,1,0.15349,0.18592,0.074775,0.28568,-0.014981,0.003274,0.41873,0.38331,0.40094,0.27151,0.14324,0.20816,-0.035878,0.14431,0.12349,0.5404,-0.19896,-0.19884,-0.038008,-0.02767,-0.25281,-0.33541,-0.17645,-0.28993,-0.28042,-0.23637,-0.50994,-0.48498,0.18152,0.13108,0.58979,0.55201,-0.071798,0.011655,-0.084684,-0.17406,-0.10719,-0.12467,-0.0674,0.03456,0.23651,0.23786,0.037553,-0.14522,-0.15194,-0.1314,-0.21246,-0.10504,0.091484,0.28571,0.071756,0.044451,-0.04911,-0.0409
-0.15555,0.019392,0.01917,-0.064978,-0.072016,-0.14413,-0.12103,-0.18078,-0.091657,-0.055327,-0.32184,-0.10231,-0.14539,-0.19178,-0.067025,-0.12349,-0.029998,0.088917,0.013582,-0.09364,-0.19447,-0.18374,0.024742,-0.061316,0.0036878,-0.12268,0.048259,-0.11615,-0.095305,-0.082028,-0.12328,-0.087172,-0.17216,-0.23147,0.1838,0.15349,1,0.65397,0.65251,0.66915,0.61294,0.29982,0.19585,0.1005,-0.08016,-0.026662,0.41054,0.40493,0.012867,0.010133,0.064533,0.057875,0.16666,-0.0076378,0.61905,0.41184,-0.10672,0.043711,-0.055483,-0.056576,-0.18483,-0.15708,-0.30926,-0.08976,-0.072136,-0.21646,0.048753,0.052867,-0.090846,-0.094494,-0.11128,-0.06731,-0.060014,0.06694,0.34674,0.22756,0.30876,0.29905,-0.040965,-0.12194,-0.17406,0.039089,-0.021963,-0.087753,-0.10713,-0.12675,-0.14575,-0.12424,0.24359,-0.016481
-0.20338,-0.042782,-0.031311,-0.0017507,-0.033875,-0.038396,-0.20896,-0.10307,-0.06974,0.11042,-0.32782,-0.2999,-0.20367,-0.23021,-0.23284,0.26027,-0.065307,0.036649,-0.13035,-0.11747,-0.23986,-0.040584,-0.062366,-0.0072173,-0.078571,-0.11312,0.011575,-0.0675,-0.14972,0.048734,-0.24653,-0.18267,-0.16228,-0.16297,0.1564,0.18592,0.65397,1,0.52381,0.779,0.39573,0.60588,0.14691,0.050885,0.065344,0.068014,0.25391,0.34741,0.04465,0.086081,0.081603,0.10298,0.08965,0.062109,0.42779,0.49265,-0.099946,0.029449,-0.067788,0.08648,-0.18218,-0.047838,-0.32951,-0.097708,0.011188,0.0019508,0.060469,0.057811,-0.0065785,0.028746,-0.14655,-0.12424,-0.016141,0.10967,0.28559,0.40344,0.22764,0.27875,-0.014029,-0.12112,-0.11187,0.10126,-0.12032,0.35842,-0.057798,0.046528,-0.053597,0.10318,0.069252,0.048585
-0.10606,0.036512,-0.025658,-0.077012,-0.013394,-0.071049,-0.086683,-0.099279,-0.083341,0.012241,-0.13145,0.013625,-0.079598,-0.064571,0.058892,0.093173,0.093433,0.054763,-0.040324,-0.023977,0.18878,0.16683,-0.077549,-0.050557,-0.069322,-0.15121,-0.14511,-0.11351,0.039909,0.2038,-0.039871,0.022022,-0.078746,-0.055427,0.0043724,0.074775,0.65251,0.52381,1,0.75113,0.38227,0.27116,0.02106,0.021286,-0.028589,-0.0032174,0.24745,0.28033,0.051772,0.081413,-0.028862,0.044955,-0.031595,-0.1399,0.58682,0.44961,-0.078786,0.017881,-0.078957,-0.067082,-0.11762,-0.075719,-0.25351,-0.062202,-0.025134,-0.048983,0.0026806,0.0068831,-0.17071,-0.15632,-0.012472,-0.10953,-0.14386,0.022728,0.18841,0.19786,-0.0052532,0.038325,0.13303,0.080964,-0.055331,0.06108,0.46388,0.21028,-0.030046,-0.061671,0.013979,-0.050824,0.17911,-0.0048086
-0.23817,-0.069858,-0.040337,0.011286,-0.053262,-0.058586,-0.23534,-0.10162,-0.13996,0.064387,-0.34067,-0.21676,-0.23441,-0.18656,-0.17974,0.18272,0.005874,0.022841,-0.16104,-0.1073,-0.067169,0.028979,-0.089289,-0.004009,-0.052388,-0.092695,-0.012778,-0.070693,-0.13354,0.099831,-0.15461,-0.090738,-0.10894,-0.074319,0.18634,0.28568,0.66915,0.779,0.75113,1,0.33924,0.45384,0.19216,0.15203,0.11398,0.13182,0.32631,0.43652,0.12287,0.16165,0.099739,0.22844,0.024395,-0.030288,0.54272,0.59517,-0.082298,0.011683,-0.057744,-0.0049028,-0.21436,-0.11345,-0.42302,-0.16541,-0.025798,0.01339,0.13477,0.16236,-0.098233,-0.056576,-0.13285,-0.14744,-0.10334,0.043526,0.21261,0.31396,0.08919,0.17842,0.10942,-0.016696,-0.090651,0.10227,0.13411,0.30917,-0.044955,0.067823,0.012814,0.075313,0.087855,0.054617
0.020929,0.034764,0.0076972,0.033497,0.16858,0.016277,0.0029958,-0.027074,0.1245,0.053331,-0.14951,0.032775,0.037655,-0.026722,0.17721,0.0095908,-0.15009,0.035482,0.19015,-0.10127,0.011001,-0.084876,0.0833,-0.039283,0.13672,0.074804,0.16438,0.083395,-0.044075,-0.12418,-0.067504,-0.041757,-0.16895,-0.27766,0.039112,-0.014981,0.61294,0.39573,0.38227,0.33924,1,0.41649,0.073021,-0.022073,-0.045935,-0.039349,0.15188,0.066471,-0.025934,0.11435,-0.060495,0.098446,-0.076835,-0.14855,0.36536,0.222,-0.13652,0.052586,0.069887,0.083568,-0.068633,-0.044032,-0.14561,-0.02832,-0.068309,-0.19052,0.10016,0.13559,-0.032256,-0.036246,0.072502,0.15965,0.087331,0.0098864,0.28641,0.13713,0.37385,0.27578,-0.20883,-0.14751,-0.27162,-0.050358,-5.608e-005,-0.031365,-0.11154,-0.075714,0.04528,0.059932,0.37598,0.15355
-0.0453,0.019609,-0.021122,0.085223,0.30392,0.1907,-0.090722,0.01573,0.16531,0.29194,-0.14776,-0.13654,-0.038832,-0.028543,0.087348,0.46579,-0.10257,-0.032177,-0.1078,-0.14408,0.079693,0.28677,-0.0025524,0.075734,0.11781,0.15478,0.10004,0.306,0.0034048,0.10851,-0.17057,-0.16596,-0.048949,-0.15334,0.026752,0.003274,0.29982,0.60588,0.27116,0.45384,0.41649,1,0.021608,-0.083838,0.15161,0.11664,-0.036135,0.022196,0.1369,0.14274,0.0073655,0.080616,-0.05833,-0.082089,0.20962,0.36939,-0.037914,0.11278,0.19452,0.27134,0.031948,0.090089,-0.11158,0.023877,0.038283,0.072354,0.083383,0.01813,-0.025307,0.0098391,0.055359,0.094808,0.23215,0.21726,0.27005,0.3586,0.19241,0.14775,-0.11052,-0.1314,0.0038601,0.097732,0.037524,0.52591,0.091583,0.13724,0.1397,0.33993,0.19939,0.25639
-0.30689,-0.13106,0.30682,0.26434,-0.027308,-0.18067,-0.22637,-0.21337,-0.29797,-0.2099,-0.46359,-0.32256,-0.4902,-0.37232,-0.19197,-0.12143,-0.030964,-0.043285,0.036317,-0.042155,-0.17221,-0.14708,0.35021,0.3228,0.35864,0.30522,0.29272,0.067542,-0.34134,-0.24027,0.14506,0.054121,-0.070961,-0.13618,0.59049,0.41873,0.19585,0.14691,0.02106,0.19216,0.073021,0.021608,1,0.8391,0.53514,0.39902,0.72232,0.69256,0.52426,0.28504,0.65317,0.52521,0.17019,0.13437,0.27468,0.25983,0.025629,0.083736,-0.050664,-0.05978,-0.43435,-0.42774,-0.5104,-0.3287,-0.16433,-0.23327,0.46924,0.37191,0.047966,0.15801,0.098302,0.13453,-0.050256,-0.07082,-0.08796,0.040871,0.40293,0.36853,0.085946,0.0069774,-0.063312,0.17245,-0.16753,-0.082536,0.14781,0.29295,0.20018,0.14525,-0.21981,-0.11511
-0.33903,-0.083002,0.12768,0.15026,-0.13045,-0.2427,-0.32001,-0.21009,-0.36046,-0.23627,-0.35772,-0.17647,-0.48116,-0.28149,-0.16905,-0.11203,0.16424,0.070472,-0.050799,0.028875,-0.12533,-0.15795,0.15527,0.21168,0.18916,0.2006,0.13421,-0.019002,-0.15751,-0.083368,0.15185,0.088916,0.030409,0.05564,0.41877,0.38331,0.1005,0.050885,0.021286,0.15203,-0.022073,-0.083838,0.8391,1,0.45613,0.57551,0.6656,0.70708,0.55859,0.3468,0.62584,0.50586,0.10868,0.03754,0.30157,0.2648,0.095315,0.076635,-0.093753,-0.095664,-0.43169,-0.38642,-0.48129,-0.2538,-0.26053,-0.19847,0.35659,0.38838,-0.089242,0.13433,0.0030481,-0.0028399,-0.06215,-0.019934,-0.14139,0.02089,0.2013,0.26789,0.25456,0.1461,0.05175,0.18287,-0.043872,-0.11593,0.095224,0.20744,0.11986,0.042961,-0.21017,-0.21743
-0.23237,-0.12349,0.19609,0.30139,0.10898,0.042791,-0.040073,0.081726,-0.067369,0.042151,-0.19337,-0.12923,-0.24763,-0.074536,-0.068018,0.10537,-0.1064,-0.071448,-0.094263,-0.047652,0.0055547,0.091375,0.22172,0.30594,0.21239,0.23554,0.20396,0.22315,-0.26143,-0.11875,0.11907,0.13001,0.058672,0.015124,0.47863,0.40094,-0.08016,0.065344,-0.028589,0.11398,-0.045935,0.15161,0.53514,0.45613,1,0.70066,0.21326,0.22467,0.61246,0.37066,0.39025,0.48031,-0.074908,-0.041528,0.082992,0.13325,-0.08727,-0.022288,0.12292,0.13529,-0.22615,-0.10667,-0.32559,-0.2342,0.094199,0.16943,0.58267,0.49076,0.0078968,0.088523,0.035273,-0.0028472,0.011549,-0.095178,-0.023119,0.01958,0.059231,0.050664,0.016213,0.065227,-0.022113,0.016468,-0.10918,0.083416,0.19762,0.32802,0.15894,0.19244,-0.17553,0.059388
-0.24169,0.01872,-0.052812,0.094478,-0.043337,-0.058485,-0.19259,0.027776,-0.14436,-0.0054972,-0.118,0.016702,-0.25144,-0.0049339,-0.08804,0.077053,0.10079,0.084226,-0.12488,0.10385,-0.0095134,-0.022521,-0.047931,0.10302,-0.026549,0.035578,0.0024985,0.062931,0.0078411,0.064601,-0.0078488,0.049788,0.16026,0.18811,0.15076,0.27151,-0.026662,0.068014,-0.0032174,0.13182,-0.039349,0.11664,0.39902,0.57551,0.70066,1,0.22282,0.32347,0.68761,0.52532,0.40604,0.37351,-0.00073919,-0.081608,0.23526,0.24214,0.040875,0.05514,0.20105,0.19343,-0.1816,-0.050441,-0.24807,-0.054838,-0.16785,0.099498,0.34648,0.41613,-0.12053,0.084858,-0.10242,-0.10516,0.048128,0.061445,-0.01814,0.10359,-0.066218,0.075088,0.079839,0.044146,0.18075,0.0095282,-0.036885,-0.0040752,0.042861,0.07116,-0.062173,0.030328,-0.069053,-0.07041
-0.23257,0.033367,0.1913,-0.014073,-0.10689,-0.24899,-0.28967,-0.40489,-0.35424,-0.26182,-0.48092,-0.29287,-0.50803,-0.49341,-0.23381,-0.2271,0.027503,0.028578,0.12735,0.038352,-0.14513,-0.15699,0.16144,0.075171,0.21448,0.15147,0.2108,-0.066001,-0.24561,-0.15418,0.082391,0.013117,-0.18338,-0.22258,0.33812,0.14324,0.41054,0.25391,0.24745,0.32631,0.15188,-0.036135,0.72232,0.6656,0.21326,0.22282,1,0.87072,0.46901,0.24321,0.6828,0.27706,0.46653,0.29538,0.63985,0.52994,0.08236,0.18367,-0.054593,-0.09578,-0.39275,-0.45363,-0.47273,-0.23886,-0.29728,-0.44501,0.21416,0.14597,0.11678,0.1271,-0.052255,0.037112,-0.12909,-0.028612,0.048432,0.06239,0.28716,0.27602,0.11214,0.057978,-0.11673,0.19541,-0.016142,-0.11091,0.016947,0.057172,0.10082,0.035636,-0.1048,-0.064345
-0.34132,-0.025387,0.082523,0.012276,-0.14738,-0.21052,-0.40724,-0.32076,-0.34433,-0.16239,-0.46845,-0.29244,-0.53021,-0.3933,-0.21444,-0.071067,0.095672,0.073824,-0.030372,-0.017967,-0.18363,-0.14755,0.066959,0.10792,0.14741,0.10376,0.1921,-0.07081,-0.20219,-0.033496,-0.04699,-0.078853,-0.1825,-0.1747,0.32293,0.20816,0.40493,0.34741,0.28033,0.43652,0.066471,0.022196,0.69256,0.70708,0.22467,0.32347,0.87072,1,0.43254,0.26854,0.66023,0.31659,0.44209,0.34223,0.61264,0.61656,0.09371,0.15321,-0.092671,-0.043629,-0.41332,-0.37623,-0.48973,-0.21192,-0.29433,-0.28538,0.18719,0.1472,0.049827,0.10988,-0.073202,-0.053388,-0.11618,0.016518,0.053666,0.15899,0.18502,0.27882,0.16967,0.044538,0.0083643,0.24382,0.0040955,-0.0038331,0.077051,0.13947,0.1044,0.069962,-0.1313,-0.09514
-0.18894,0.2309,0.25594,0.16729,0.023394,-0.13124,-0.14714,-0.15745,-0.23851,-0.092721,-0.20786,-0.12496,-0.42512,-0.28251,-0.067394,0.063532,0.12775,0.063565,0.057708,0.2793,0.025956,0.08187,0.21339,0.2438,0.16225,0.18302,0.08356,0.097066,-0.057649,0.025958,0.24747,0.21012,0.16634,0.11021,0.059461,-0.035878,0.012867,0.04465,0.051772,0.12287,-0.025934,0.1369,0.52426,0.55859,0.61246,0.68761,0.46901,0.43254,1,0.47658,0.72488,0.3448,0.21066,0.16346,0.36449,0.34403,0.15063,0.31187,0.23604,0.28191,-0.27711,-0.20765,-0.29211,-0.011296,-0.31509,-0.12822,0.23374,0.20943,-0.015178,0.08663,0.00062302,0.052151,0.059172,0.062581,-0.060035,0.085522,-0.012915,0.039159,0.12629,0.1777,0.097816,0.15841,0.069874,0.10432,0.021209,0.094362,0.094816,0.14992,-0.22254,-0.077294
0.23715,0.13912,0.0098322,0.1504,0.15035,0.052086,0.081459,0.15097,0.029029,0.081545,-0.11587,-0.13992,0.034546,-0.13494,-0.12999,0.10935,-0.20699,-0.21657,0.14883,0.060872,0.15158,0.056779,-0.053065,0.024369,0.085741,0.15677,0.002417,0.088752,-0.20639,-0.18282,-0.16314,-0.22751,-0.13685,-0.1254,0.0739,0.14431,0.010133,0.086081,0.081413,0.16165,0.11435,0.14274,0.28504,0.3468,0.37066,0.52532,0.24321,0.26854,0.47658,1,0.46804,0.61187,-0.11854,-0.1278,0.21338,0.30425,-0.07079,0.06867,0.54388,0.44834,0.20285,0.051735,-0.24585,-0.1861,0.19915,0.14662,0.34981,0.41817,-0.073901,0.010868,-0.11836,-0.18422,-0.22891,-0.24139,-0.17774,-0.15713,0.034845,0.034002,-0.10329,-0.066268,-0.38381,-0.23487,-0.044199,0.18206,-0.11303,0.0042929,0.15145,0.13278,0.17979,0.30538
-0.23452,0.016056,0.33365,0.14493,-0.061823,-0.23898,-0.21879,-0.33095,-0.339,-0.18154,-0.4058,-0.37914,-0.49666,-0.4687,-0.1741,-0.018265,0.0033757,-0.037056,0.032753,0.095412,-0.084941,-0.070443,0.30445,0.28468,0.28719,0.22491,0.23842,0.024594,-0.36315,-0.21704,0.11563,0.036039,-0.07259,-0.14492,0.28951,0.12349,0.064533,0.081603,-0.028862,0.099739,-0.060495,0.0073655,0.65317,0.62584,0.39025,0.40604,0.6828,0.66023,0.72488,0.46804,1,0.47133,0.51006,0.45077,0.43708,0.44323,0.11139,0.21176,0.11717,0.085502,-0.325,-0.42709,-0.43665,-0.26852,-0.19157,-0.26078,0.28657,0.17354,0.11673,0.12286,-0.10539,-0.092495,-0.13036,-0.058533,-0.16169,-0.0057187,0.059206,0.0069303,0.11092,0.094445,-0.08312,0.14136,-0.083936,0.060389,0.16445,0.24139,0.18271,0.14784,-0.16128,0.014268
