1,0.58231,-0.043309,-0.36011,-0.13296,-0.4855,0.27222,-0.19478,-0.32105,-0.46454,0.2784,-0.10301,-0.11232,-0.28799,-0.015557,0.098834,-0.031015,-0.078701,0.69602,0.59884,-0.079242,-0.023049,-0.12879,-0.077942,-0.40027,-0.43465,-0.020642,0.086268,-0.0070288,-0.061303,-0.34672,-0.41955,0.55653,0.58247,0.013982,0.06063,0.071235,-0.16308,0.019236,-0.16244,-0.033029,-0.021112,-0.23188,-0.24745,-0.21427,-0.27098,-0.22834,-0.28996,-0.30507,-0.32824,-0.35459,-0.3535,-0.18656,-0.29421,-0.13562,-0.21591,0.64553,0.45587,0.09476,0.046063,0.43063,0.41012,0.51213,0.35254,0.081797,-0.019812,0.00361,-0.021184,0.66566,0.6441,-0.024467,0.12158,0.11776,0.29376,0.15985,0.14238,0.39724,0.19367,-0.10103,0.019682,0.19438,-0.19488,0.056122,0.15193,0.046789,-0.3655,0.17484,-0.11026,0.089426,-0.14788
0.58231,1,-0.088779,-0.28401,-0.058519,-0.32229,0.13978,-0.0051451,-0.090241,-0.30892,0.22771,-0.066421,-0.10586,-0.17325,0.017212,0.14033,0.26043,0.082496,0.60089,0.40926,0.003057,0.057564,-0.089282,-0.12666,-0.28387,-0.28104,-0.085893,0.13899,0.071365,-0.034659,-0.25969,-0.27251,0.54474,0.42085,0.13462,0.043975,0.12402,-0.25165,0.00042208,-0.26694,0.05121,0.021821,-0.17749,-0.30191,-0.19086,-0.39768,-0.13298,-0.24527,-0.38185,-0.4129,-0.52897,-0.40248,-0.31401,-0.37837,-0.14654,-0.1429,0.77739,0.79596,0.046617,0.18984,0.28696,0.43775,0.46442,0.45402,-0.023929,-0.11315,0.19096,0.06443,0.39548,0.46572,0.0011975,0.09789,0.1523,0.25558,0.18982,0.22704,0.45792,0.22291,-0.051328,-0.027283,0.24947,-0.16161,0.088101,0.27544,-0.040241,-0.35226,0.27029,-0.093637,-0.09947,-0.35623
-0.043309,-0.088779,1,0.64896,0.16518,0.1078,0.57624,0.31185,-0.075687,-0.14668,-0.098117,0.28189,0.050793,0.38331,-0.28491,0.0055532,0.0086295,0.13083,0.19739,0.38008,-0.19408,-0.36714,0.82874,0.66192,0.1895,-0.10073,0.046077,-0.3874,-0.14076,-0.0085613,0.31631,0.30261,-0.012531,0.08549,-0.2166,-0.20489,-0.32713,-0.23003,-0.19199,-0.32631,-0.43907,-0.30332,-0.17538,-0.12666,-0.12411,-0.1118,-0.23451,-0.24813,0.0011308,-0.064417,0.034144,-0.04141,-0.27294,-0.09308,-0.48365,-0.49141,-0.24363,-0.29924,-0.33392,-0.24487,-0.32715,-0.44094,-0.43666,-0.47152,-0.10476,-0.15472,-0.37934,-0.46247,-0.049452,-0.25664,0.026992,-0.19724,-0.26925,-0.24587,-0.23711,-0.19032,-0.33668,-0.30161,0.16281,0.053426,-0.24314,-0.117,-0.23688,0.11666,-0.15156,-0.097392,0.098273,-0.016691,-0.25178,-0.371
-0.36011,-0.28401,0.64896,1,0.03588,0.63099,0.070867,0.70766,0.25787,0.35039,-0.16954,0.19864,0.032249,0.34687,-0.29353,-0.34425,0.045808,0.005598,-0.11221,0.11,-0.11498,-0.33749,0.50435,0.31218,0.34243,0.35031,0.014111,-0.51631,-0.29848,-0.20945,0.23793,0.26457,-0.25145,-0.18451,-0.21024,-0.18589,-0.41347,-0.27314,-0.23919,-0.3179,-0.47976,-0.36219,0.047766,0.12389,0.12667,0.11641,-0.062648,0.048445,0.2845,0.24949,0.32073,0.26599,-0.020263,0.086089,-0.23466,-0.16297,-0.42551,-0.34919,-0.17304,-0.099437,-0.38066,-0.45601,-0.51298,-0.36783,-0.27576,-0.063097,-0.19534,-0.22545,-0.30887,-0.41803,0.04002,-0.36549,-0.44989,-0.67454,-0.48859,-0.36988,-0.51988,-0.4739,0.085598,-0.04474,-0.41475,-0.004708,-0.4373,-0.17367,-0.38135,0.057574,-0.082614,-0.094584,-0.32301,-0.18794
-0.13296,-0.058519,0.16518,0.03588,1,0.17914,0.071923,-0.21771,0.57402,0.25138,-0.21661,0.34407,0.087357,0.45859,0.20873,0.6218,0.024706,0.37199,-0.050153,0.065793,0.44222,0.33843,0.075727,0.19322,0.79672,0.32603,0.50015,0.34723,0.37094,0.42453,0.30236,0.35123,-0.23021,-0.29327,-0.071731,-0.3363,0.34866,0.30709,0.20521,0.19241,0.22887,0.21847,-0.20527,-0.18905,-0.22799,-0.26612,0.070231,-0.17474,-0.10565,-0.10498,-0.088851,0.17605,-0.27783,-0.12478,-0.13022,-0.13031,-0.081166,-0.25274,-0.31938,-0.22386,-0.16209,-0.20257,-0.25448,-0.24511,-0.10184,-0.050703,-0.13831,-0.31501,0.053737,-0.038901,0.38606,0.18989,0.3372,0.20099,0.22176,0.29133,-0.023834,0.027823,0.14333,0.088463,0.1125,0.30222,0.21049,0.49379,0.089965,0.059187,0.40812,0.44566,-0.3183,-0.2384
-0.4855,-0.32229,0.1078,0.63099,0.17914,1,-0.54988,0.63447,0.68819,0.85271,-0.22139,0.0074631,0.043625,0.24454,-0.042788,-0.33821,0.092968,-0.06802,-0.37777,-0.23147,0.1407,0.028202,-0.15747,-0.31623,0.5967,0.77983,0.18321,-0.28129,-0.1693,-0.17116,0.038308,0.075249,-0.44678,-0.47909,-0.059259,-0.13506,-0.22823,-0.13074,-0.14947,-0.10967,-0.20135,-0.24103,0.42284,0.51069,0.39221,0.25573,0.32558,0.42516,0.54892,0.51711,0.49281,0.50584,0.39917,0.3323,0.25613,0.37275,-0.39287,-0.26692,-0.065323,-0.02893,-0.36748,-0.41936,-0.48065,-0.26394,-0.43554,-0.22439,-0.022954,-0.16166,-0.28923,-0.28335,0.27018,-0.27921,-0.31495,-0.68504,-0.43114,-0.28248,-0.42257,-0.40957,-0.009052,-0.055744,-0.4106,0.068287,-0.34805,-0.29056,-0.40248,0.12195,-0.2252,0.064038,-0.28541,0.10981
0.27222,0.13978,0.57624,0.070867,0.071923,-0.54988,1,-0.13443,-0.40048,-0.56153,0.23396,0.22439,0.25285,0.092126,-0.03327,0.33742,-0.12829,0.084427,0.30853,0.35758,-0.12921,-0.17872,0.70276,0.85059,-0.17062,-0.45492,-0.095402,0.040932,0.12832,0.13463,0.3254,0.43162,0.20423,0.37774,-0.26762,-0.22943,-0.084743,-0.058527,-0.049684,-0.10044,-0.015328,0.0071418,-0.52286,-0.56388,-0.46591,-0.35842,-0.51726,-0.61121,-0.45488,-0.45708,-0.36944,-0.48736,-0.57041,-0.4126,-0.56978,-0.70643,0.020079,-0.092402,-0.23311,-0.17866,-0.086593,-0.09001,-0.069344,-0.14279,0.15679,-0.04206,-0.40485,-0.35655,0.039626,-0.10839,-0.14441,0.14835,0.093573,0.36143,0.19952,0.14822,-0.066217,-0.079846,-0.014958,-0.070219,0.041406,-0.23076,0.15072,0.25075,0.041197,-0.26911,0.24347,-0.013197,0.038735,-0.39537
-0.19478,-0.0051451,0.31185,0.70766,-0.21771,0.63447,-0.13443,1,0.20553,0.46207,0.22645,0.069979,0.21117,0.12135,-0.10193,-0.43687,0.17361,-0.17266,-0.12022,-0.10043,-0.088891,-0.17462,0.18653,0.0014433,0.12273,0.39736,-0.018748,-0.36562,-0.25297,-0.2474,0.042146,0.070848,-0.13578,-0.11199,-0.19383,-0.17284,-0.4982,-0.43042,-0.29262,-0.36301,-0.35988,-0.39516,0.22876,0.27989,0.2435,0.16651,0.049135,0.20771,0.32468,0.29483,0.31261,0.16638,0.23274,0.12126,0.0033244,0.10658,-0.19461,0.060479,0.026021,0.11681,-0.28757,-0.18372,-0.26849,-0.010017,-0.31167,-0.065431,-0.1466,-0.13026,-0.28368,-0.24222,0.039416,-0.26491,-0.43082,-0.59909,-0.47696,-0.35998,-0.42128,-0.45326,-0.060312,-0.089386,-0.39555,-0.15064,-0.33831,-0.30629,-0.47438,-0.097392,-0.19166,-0.14915,-0.18907,-0.07456
-0.32105,-0.090241,-0.075687,0.25787,0.57402,0.68819,-0.40048,0.20553,1,0.74463,-0.25567,-0.061577,0.097919,0.14282,0.31956,0.042705,-0.10252,-0.034554,-0.29532,-0.20997,0.47252,0.51648,-0.23244,-0.25483,0.72645,0.86621,0.27813,0.26137,0.18124,0.010713,0.18072,0.18954,-0.40606,-0.41864,0.030325,-0.20433,0.1316,0.093594,0.056632,0.10656,0.24319,0.13362,0.1329,0.22676,0.09513,-0.042378,0.20823,0.17161,0.21353,0.19642,0.13822,0.40175,0.14025,0.069461,0.21398,0.31874,-0.18527,-0.11554,-0.24499,-0.15305,-0.33498,-0.27202,-0.3296,-0.11218,-0.36832,-0.16249,0.010373,-0.17645,-0.15964,-0.13127,0.51166,0.091996,0.16145,-0.27313,0.035426,-0.073925,-0.24844,-0.19493,-0.04007,-0.099118,-0.24418,0.18205,0.018181,-0.028153,-0.23091,0.15639,0.0096064,0.18756,-0.31205,-0.050262
-0.46454,-0.30892,-0.14668,0.35039,0.25138,0.85271,-0.56153,0.46207,0.74463,1,-0.1591,-0.023201,0.13814,0.19503,0.33034,-0.12661,0.0059881,-0.087688,-0.44949,-0.38587,0.34691,0.33695,-0.3125,-0.31969,0.5941,0.88542,0.17937,0.069143,0.056323,-0.041496,0.034571,0.12344,-0.43417,-0.47978,0.00073734,-0.16321,-0.11818,0.039793,-0.067219,0.10936,0.13062,0.017674,0.30334,0.41652,0.33378,0.2,0.22977,0.2894,0.45513,0.41627,0.40677,0.43694,0.42545,0.1999,0.30205,0.42468,-0.35819,-0.18492,-0.056911,-0.062631,-0.283,-0.27837,-0.35118,-0.11935,-0.33914,-0.14202,0.006001,-0.11988,-0.28877,-0.22003,0.40356,-0.030479,-0.030306,-0.44885,-0.19841,-0.16914,-0.36757,-0.33504,-0.075007,-0.093689,-0.32668,0.16495,-0.011751,-0.27999,-0.29226,0.23327,-0.21908,0.12711,-0.20946,0.24958
0.2784,0.22771,-0.098117,-0.16954,-0.21661,-0.22139,0.23396,0.22645,-0.25567,-0.1591,1,0.20049,0.63112,-0.065067,0.080016,-0.034455,0.30753,-0.090795,0.089839,-0.03006,-0.1295,-0.050692,-0.03634,0.070608,-0.31271,-0.16484,-0.19592,0.043409,0.24823,0.077369,0.15158,0.21214,0.052315,0.098813,-0.3777,-0.33054,-0.23262,-0.21952,-0.14406,-0.12209,-0.0331,-0.12896,-0.15485,-0.13985,-0.19635,-0.12279,-0.20031,-0.12788,-0.13757,-0.15165,-0.043943,-0.25002,-0.059171,-0.17476,-0.11769,-0.1509,0.16786,0.26258,-0.050629,-0.030662,-0.012361,0.11337,0.27849,0.31516,-0.15634,-0.1135,-0.37108,-0.19708,0.00972,0.10313,-0.1109,0.26121,0.11213,0.24783,0.12264,0.084546,0.05028,0.076965,-0.054626,0.0032783,0.12652,-0.11224,0.084381,-0.073755,-0.18724,-0.39123,-0.01756,-0.12798,-0.00088113,-0.1399
-0.10301,-0.066421,0.28189,0.19864,0.34407,0.0074631,0.22439,0.069979,-0.061577,-0.023201,0.20049,1,0.20808,0.77748,-0.14238,0.27846,0.42338,0.73064,-0.0088146,0.03932,0.11012,-0.17352,0.28412,0.28461,0.26929,-0.14044,0.18571,-0.11921,0.10407,0.53675,0.28436,0.2973,0.048504,-0.069067,-0.2859,-0.42364,0.011903,0.083735,0.041634,-0.038865,-0.13251,-0.076148,-0.2584,-0.33922,-0.19641,-0.14455,-0.058583,-0.20135,-0.087723,-0.088249,-0.086506,-0.053455,-0.38321,-0.08961,-0.33045,-0.36157,-0.020432,-0.25872,-0.11843,-0.083371,0.083595,-0.050205,-0.022987,-0.07396,0.0057585,-0.07447,-0.22533,-0.24376,-0.045964,-0.13482,-0.020039,-0.14598,-0.024223,0.10921,-0.06016,0.23803,-0.097085,-0.022771,0.29294,0.34329,0.30944,0.43489,0.0091402,0.3488,-0.018523,-0.15384,0.12918,0.064694,-0.16052,-0.16446
-0.11232,-0.10586,0.050793,0.032249,0.087357,0.043625,0.25285,0.21117,0.097919,0.13814,0.63112,0.20808,1,0.070062,0.34831,0.12701,0.20682,0.016313,-0.25657,-0.21792,0.0025465,0.069346,0.083703,0.29863,0.094238,0.16306,-0.1143,0.090148,0.5164,0.29869,0.4631,0.63098,-0.28895,-0.30191,-0.42089,-0.49132,-0.29434,-0.11708,-0.15935,-0.026718,0.044135,-0.046099,-0.21182,-0.10941,-0.16744,-0.062542,-0.17893,-0.16904,-0.044943,-0.081463,0.085512,-0.08447,-0.11966,-0.24438,-0.23962,-0.23854,-0.20166,-0.021999,-0.21964,-0.17584,-0.22857,-0.13407,0.030428,0.083453,-0.11685,-0.10131,-0.54794,-0.39706,-0.23273,-0.21638,0.050938,0.40703,0.24951,0.23204,0.26925,0.12351,-0.25279,-0.11002,0.11884,0.095081,0.038805,-0.049683,0.19387,-0.085292,-0.24923,-0.2285,-0.085053,-0.050069,-0.13697,-0.22306
-0.28799,-0.17325,0.38331,0.34687,0.45859,0.24454,0.092126,0.12135,0.14282,0.19503,-0.065067,0.77748,0.070062,1,-0.040383,0.38349,0.26916,0.68107,-0.10307,0.044413,0.20412,-0.11422,0.33047,0.24251,0.48182,0.096149,0.2352,-0.15683,0.079314,0.45164,0.19091,0.26966,-0.061537,-0.19421,-0.061248,-0.20053,-0.01022,0.015629,-0.040589,-0.1029,-0.17532,-0.098153,-0.088233,-0.11887,-0.027369,-0.11704,0.005107,-0.11209,0.036923,0.0067131,0.055583,0.1583,-0.187,-0.021892,-0.26248,-0.2624,-0.16651,-0.38724,-0.2336,-0.16503,-0.1477,-0.2516,-0.31421,-0.35664,-0.047945,-0.058194,-0.10488,-0.2287,-0.080695,-0.21635,0.24967,-0.1963,-0.027007,-0.041665,-0.14776,0.23466,-0.11482,-0.07469,0.19947,0.25429,0.10962,0.50216,0.0116,0.43524,0.098039,0.13254,0.20871,0.16159,-0.27195,-0.17465
-0.015557,0.017212,-0.28491,-0.29353,0.20873,-0.042788,-0.03327,-0.10193,0.31956,0.33034,0.080016,-0.14238,0.34831,-0.040383,1,0.35204,-0.11892,-0.11642,-0.19743,-0.31292,0.48969,0.64939,-0.25123,0.035253,0.082602,0.40563,-0.025467,0.53691,0.66382,0.22902,-0.068855,0.14806,-0.0071262,-0.10596,0.012556,-0.043882,0.15305,0.31438,0.19055,0.30112,0.5567,0.47245,-0.27825,-0.090085,-0.19535,-0.25775,-0.23857,-0.33161,-0.23296,-0.31387,-0.17581,-0.17091,0.14639,-0.46658,0.03611,0.017814,0.0043739,0.14424,-0.175,-0.14622,-0.073407,0.14839,0.13884,0.21208,0.046791,0.12337,-0.15255,-0.061076,-0.064545,0.040001,0.42611,0.57772,0.60476,0.38685,0.52843,0.22936,0.050759,0.16342,-0.11998,0.01701,0.075541,0.23573,0.75705,-0.055233,0.16761,0.21387,-0.016081,0.12594,0.074677,0.039795
0.098834,0.14033,0.0055532,-0.34425,0.6218,-0.33821,0.33742,-0.43687,0.042705,-0.12661,-0.034455,0.27846,0.12701,0.38349,0.35204,1,-0.024576,0.3971,0.15966,0.1297,0.36225,0.34078,0.16474,0.34762,0.36631,-0.10959,0.31,0.53622,0.45538,0.6003,0.14885,0.21418,0.089086,0.014909,0.08505,-0.083897,0.44656,0.3272,0.26307,0.24697,0.41514,0.42292,-0.36922,-0.44158,-0.34352,-0.38964,-0.13019,-0.3863,-0.46541,-0.43202,-0.40489,-0.23959,-0.39271,-0.32488,-0.1724,-0.29142,0.1806,-0.051496,-0.14846,-0.095789,0.047619,0.092631,0.007515,-0.068137,0.1919,0.059738,-0.090494,-0.13735,0.16945,0.093279,0.26871,0.30854,0.52902,0.62525,0.44379,0.6027,0.26643,0.25752,0.048705,0.086946,0.36987,0.24591,0.52963,0.74722,0.43856,0.066222,0.57758,0.48864,0.029571,-0.16811
-0.031015,0.26043,0.0086295,0.045808,0.024706,0.092968,-0.12829,0.17361,-0.10252,0.0059881,0.30753,0.42338,0.20682,0.26916,-0.11892,-0.024576,1,0.46083,0.10168,-0.00789,-0.1175,-0.29385,-0.11033,-0.1497,0.0029428,-0.14959,-0.11209,-0.31305,0.18805,0.25534,0.0030343,-0.029587,0.18788,-0.16239,-0.22334,-0.26335,-0.00082159,-0.046325,0.068085,-0.14904,-0.21586,-0.15759,-0.017331,-0.077943,0.018399,-0.054876,0.095351,0.015299,0.027713,-0.061235,-0.074358,-0.095646,-0.19244,-0.16159,-0.13205,-0.099926,0.29009,0.21439,0.080303,0.15365,0.20563,0.1268,0.27402,0.19854,-0.089759,-0.12154,-0.0032986,-0.041829,0.0219,0.037,-0.18655,-0.11647,-0.036762,-0.0061861,0.017714,0.18613,0.17417,0.20333,0.46326,0.3769,0.45722,0.17849,-0.029151,0.03419,-0.094339,-0.25492,0.037198,-0.053414,-0.28087,-0.20668
-0.078701,0.082496,0.13083,0.005598,0.37199,-0.06802,0.084427,-0.17266,-0.034554,-0.087688,-0.090795,0.73064,0.016313,0.68107,-0.11642,0.3971,0.46083,1,0.11208,0.11553,0.20963,-0.091698,0.13815,0.092465,0.26157,-0.19348,0.24715,-0.014774,0.11775,0.71818,0.087981,0.034574,0.21061,-0.055657,0.11515,-0.071422,0.26754,0.16401,0.24346,0.066618,0.0034166,0.02842,-0.15594,-0.32838,-0.057343,-0.18084,0.13504,-0.073969,-0.20308,-0.18888,-0.29776,-0.13617,-0.44372,-0.10112,-0.18747,-0.2457,0.18743,-0.13558,-0.050894,0.062199,0.15197,0.062796,0.031754,-0.072778,0.1662,0.043639,0.10118,-0.023811,0.1047,-0.036666,-0.00027369,-0.17179,0.14746,0.19017,0.12192,0.40109,0.15668,0.17713,0.58799,0.66761,0.65685,0.55405,0.057206,0.47394,0.32021,0.02008,0.159,0.03872,-0.035522,-0.12815
0.69602,0.60089,0.19739,-0.11221,-0.050153,-0.37777,0.30853,-0.12022,-0.29532,-0.44949,0.089839,-0.0088146,-0.25657,-0.10307,-0.19743,0.15966,0.10168,0.11208,1,0.83623,-0.10701,-0.18209,0.094137,0.085909,-0.24739,-0.4254,0.051284,0.012754,-0.072532,-0.049417,-0.31713,-0.35096,0.45954,0.3841,0.043227,0.061494,0.13608,-0.16875,-0.016222,-0.19326,-0.053709,-0.07582,-0.10797,-0.25867,-0.14566,-0.26895,-0.11234,-0.22892,-0.31972,-0.36166,-0.43144,-0.4365,-0.30932,-0.16425,-0.19521,-0.24743,0.62161,0.30313,0.06631,0.13682,0.25035,0.25438,0.26442,0.18896,0.021751,-0.090276,0.072324,-0.074803,0.58935,0.4566,-0.038784,-0.018025,0.074067,0.2001,0.067763,0.23883,0.38935,0.12519,-0.058895,0.0098558,0.24415,-0.13962,-0.061953,0.28159,0.10212,-0.26449,0.30106,-0.06424,0.075968,-0.16012
0.59884,0.40926,0.38008,0.11,0.065793,-0.23147,0.35758,-0.10043,-0.20997,-0.38587,-0.03006,0.03932,-0.21792,0.044413,-0.31292,0.1297,-0.00789,0.11553,0.83623,1,-0.16149,-0.31504,0.17883,0.21378,-0.078593,-0.34507,0.10737,-0.13634,-0.09983,-0.09313,-0.18735,-0.13176,0.26752,0.31071,-0.04495,-0.0078056,0.00046718,-0.24928,-0.1397,-0.2918,-0.27401,-0.22573,-0.14416,-0.18177,-0.16479,-0.24399,-0.18293,-0.27056,-0.20142,-0.2479,-0.24314,-0.23616,-0.36133,-0.13561,-0.34078,-0.39299,0.36134,0.099422,-0.15984,-0.11071,0.04976,-0.049335,0.062247,-0.026411,-0.11806,-0.17768,-0.11156,-0.26623,0.5917,0.38268,-0.03613,-0.073895,-0.03856,0.049674,-0.060634,0.12266,0.18504,-0.00044713,-0.020695,-0.012148,0.068188,-0.11759,-0.2497,0.33705,-0.02651,-0.24328,0.32878,-0.018126,-0.12506,-0.318
-0.079242,0.003057,-0.19408,-0.11498,0.44222,0.1407,-0.12921,-0.088891,0.47252,0.34691,-0.1295,0.11012,0.0025465,0.20412,0.48969,0.36225,-0.1175,0.20963,-0.10701,-0.16149,1,0.68677,-0.15189,-0.10345,0.39429,0.37832,0.42515,0.44406,0.191,0.35615,-0.018056,0.0549,0.0012234,-0.080528,0.16707,-0.021412,0.2883,0.20101,0.2304,0.18131,0.50938,0.32254,0.02529,-0.050605,-0.013229,-0.15119,0.16888,0.042485,-0.11573,-0.12311,-0.19254,-0.0023393,0.041921,-0.11317,0.19279,0.17841,0.0031119,-0.052769,-0.15923,-0.077754,-0.091264,0.034507,-0.0645,0.011949,-0.059343,-0.088067,0.11228,0.040785,0.045671,0.069253,0.49535,0.14479,0.34066,0.13158,0.22275,0.22251,-0.076935,-0.030893,-0.024252,0.14669,0.14789,0.28916,0.40785,0.18848,0.18144,0.10424,0.1336,0.10885,0.070256,0.045472
-0.023049,0.057564,-0.36714,-0.33749,0.33843,0.028202,-0.17872,-0.17462,0.51648,0.33695,-0.050692,-0.17352,0.069346,-0.11422,0.64939,0.34078,-0.29385,-0.091698,-0.18209,-0.31504,0.68677,1,-0.25572,-0.16526,0.24625,0.46903,0.17639,0.7342,0.40895,0.28815,0.064848,0.023255,-0.094738,-0.079851,0.18168,0.048807,0.36019,0.34362,0.28994,0.39989,0.71365,0.58017,-0.13254,-0.10503,-0.16826,-0.25397,-0.018648,-0.057078,-0.24549,-0.21106,-0.21168,-0.019302,0.14516,-0.13395,0.26098,0.29614,0.029692,0.16975,-0.073953,-0.026639,-0.093762,0.13984,0.032132,0.22671,-0.073852,0.081048,0.093194,0.11674,-0.050444,0.089973,0.51204,0.5185,0.54871,0.36968,0.47988,0.1676,0.082177,0.1783,-0.10457,0.0014374,0.079401,0.25562,0.58586,0.098395,0.21634,0.25242,0.11969,0.16341,0.14011,0.2228
-0.12879,-0.089282,0.82874,0.50435,0.075727,-0.15747,0.70276,0.18653,-0.23244,-0.3125,-0.03634,0.28412,0.083703,0.33047,-0.25123,0.16474,-0.11033,0.13815,0.094137,0.17883,-0.15189,-0.25572,1,0.79883,0.069071,-0.24141,-0.0020717,-0.1782,-0.11941,0.087495,0.49984,0.39124,0.080002,0.20175,-0.10863,-0.12689,-0.24155,-0.1894,-0.14369,-0.21818,-0.23697,-0.14698,-0.28802,-0.3694,-0.20526,-0.14937,-0.31346,-0.32182,-0.22124,-0.22267,-0.15053,-0.17927,-0.41732,-0.13421,-0.51009,-0.54462,-0.19829,-0.25374,-0.23495,-0.1696,-0.22446,-0.25904,-0.32191,-0.35218,0.13285,0.0624,-0.23432,-0.19915,-0.16735,-0.3165,-0.059659,-0.097616,-0.1405,-0.026367,-0.099481,-0.074042,-0.24336,-0.19957,0.11295,-0.0090474,-0.13792,-0.095098,-0.079198,0.22874,0.033901,0.014189,0.19283,-0.030622,-0.085821,-0.3134
-0.077942,-0.12666,0.66192,0.31218,0.19322,-0.31623,0.85059,0.0014433,-0.25483,-0.31969,0.070608,0.28461,0.29863,0.24251,0.035253,0.34762,-0.1497,0.092465,0.085909,0.21378,-0.10345,-0.16526,0.79883,1,0.052688,-0.23807,-0.049042,0.011894,0.18984,0.13999,0.47885,0.61577,-0.0351,0.11844,-0.33129,-0.31386,-0.15689,0.042704,-0.11766,-0.028315,-0.051521,0.054834,-0.51795,-0.48059,-0.38274,-0.26401,-0.51985,-0.57775,-0.32043,-0.34487,-0.1758,-0.31697,-0.50452,-0.35946,-0.61423,-0.66658,-0.26053,-0.28757,-0.30638,-0.2703,-0.21894,-0.24117,-0.25615,-0.26623,0.11788,0.048935,-0.49791,-0.41303,-0.15758,-0.31919,-0.096143,0.16197,0.083958,0.2288,0.13228,0.070119,-0.26247,-0.16029,0.022549,-0.093071,-0.080894,-0.10299,0.15682,0.20601,0.0025207,-0.053502,0.25452,0.10313,-0.079436,-0.31978
-0.40027,-0.28387,0.1895,0.34243,0.79672,0.5967,-0.17062,0.12273,0.72645,0.5941,-0.31271,0.26929,0.094238,0.48182,0.082602,0.36631,0.0029428,0.26157,-0.24739,-0.078593,0.39429,0.24625,0.069071,0.052688,1,0.62751,0.55043,0.15309,0.17602,0.26369,0.37278,0.34969,-0.42112,-0.46147,-0.0024483,-0.29082,0.18304,0.16917,0.057573,0.11727,0.13938,0.051838,0.069309,0.065756,0.024108,-0.045872,0.21396,0.098437,0.15198,0.19396,0.1071,0.39994,-0.11527,0.18924,0.0056503,0.06292,-0.31597,-0.39401,-0.24969,-0.16323,-0.30614,-0.36053,-0.47955,-0.33943,-0.19235,-0.10255,-0.078508,-0.27659,-0.094025,-0.20524,0.45382,-0.068713,0.14099,-0.17859,-0.051543,0.12619,-0.23583,-0.22105,0.085982,0.00061456,-0.12649,0.23692,-0.058834,0.28632,-0.058909,0.19872,0.27183,0.43452,-0.28962,-0.078972
-0.43465,-0.28104,-0.10073,0.35031,0.32603,0.77983,-0.45492,0.39736,0.86621,0.88542,-0.16484,-0.14044,0.16306,0.096149,0.40563,-0.10959,-0.14959,-0.19348,-0.4254,-0.34507,0.37832,0.46903,-0.24141,-0.23807,0.62751,1,0.18314,0.21492,0.17646,-0.087632,0.18724,0.22599,-0.45919,-0.43907,0.0017483,-0.14479,-0.043886,0.049302,-0.024029,0.1176,0.22163,0.046037,0.19181,0.32461,0.1583,0.084759,0.12232,0.20179,0.28691,0.2857,0.275,0.40448,0.3316,0.1607,0.26116,0.34615,-0.34252,-0.19171,-0.17033,-0.11202,-0.40806,-0.31606,-0.40863,-0.12314,-0.38389,-0.087089,-0.056644,-0.1365,-0.28612,-0.22845,0.49035,0.087153,0.10647,-0.38605,-0.068392,-0.17709,-0.33866,-0.28856,-0.13404,-0.16009,-0.37339,0.1382,0.013515,-0.24409,-0.25615,0.27193,-0.1601,0.14941,-0.16222,0.15677
-0.020642,-0.085893,0.046077,0.014111,0.50015,0.18321,-0.095402,-0.018748,0.27813,0.17937,-0.19592,0.18571,-0.1143,0.2352,-0.025467,0.31,-0.11209,0.24715,0.051284,0.10737,0.42515,0.17639,-0.0020717,-0.049042,0.55043,0.18314,1,0.28211,0.016229,0.2849,0.035552,-0.039664,-0.081913,-0.062681,0.16377,-0.029338,0.23409,0.043933,0.095937,0.12314,0.16116,-0.040994,0.12347,0.03669,0.033163,-0.045095,0.32977,0.16427,-0.019345,0.12648,-0.078789,0.20221,-0.067584,0.27766,0.1347,0.11028,-0.049277,-0.17861,0.024505,0.076535,-0.019999,-0.046754,-0.18812,-0.088752,-0.055691,-0.029344,0.10526,-0.029177,0.13172,0.017637,0.30224,-0.111,0.1395,0.021839,-0.064795,0.19479,0.0036899,-0.040123,0.031625,0.1142,0.12664,0.15151,-0.08994,0.30968,0.23281,0.14048,0.2298,0.32855,0.038817,0.078816
0.086268,0.13899,-0.3874,-0.51631,0.34723,-0.28129,0.040932,-0.36562,0.26137,0.069143,0.043409,-0.11921,0.090148,-0.15683,0.53691,0.53622,-0.31305,-0.014774,0.012754,-0.13634,0.44406,0.7342,-0.1782,0.011894,0.15309,0.21492,0.28211,1,0.45585,0.32664,0.094391,0.086969,-0.018184,0.045627,0.19163,0.029323,0.43846,0.33001,0.30168,0.46225,0.70651,0.48801,-0.23104,-0.25318,-0.28289,-0.28228,-0.068134,-0.18139,-0.42429,-0.3136,-0.37992,-0.18429,-0.11071,-0.15127,0.1602,0.10761,0.16448,0.14699,-0.031247,-0.017444,-0.014165,0.18409,0.093559,0.21794,0.057053,0.12356,0.087697,0.11782,0.043193,0.13842,0.2434,0.49454,0.613,0.55272,0.5201,0.31597,0.22124,0.26621,-0.14192,-0.091141,0.22324,0.15772,0.53763,0.28269,0.35829,0.17469,0.23352,0.24465,0.21981,0.12229
-0.0070288,0.071365,-0.14076,-0.29848,0.37094,-0.1693,0.12832,-0.25297,0.18124,0.056323,0.24823,0.10407,0.5164,0.079314,0.66382,0.45538,0.18805,0.11775,-0.072532,-0.09983,0.191,0.40895,-0.11941,0.18984,0.17602,0.17646,0.016229,0.45585,1,0.39122,0.25125,0.35028,-0.060258,-0.21789,-0.17595,-0.21844,0.25907,0.29401,0.19267,0.26102,0.42782,0.34115,-0.42385,-0.27676,-0.39096,-0.39202,-0.31388,-0.43622,-0.37522,-0.38969,-0.27942,-0.19758,-0.19376,-0.46271,-0.20713,-0.24243,0.068137,0.12245,-0.25813,-0.16126,-0.078625,0.081698,0.19558,0.23625,-0.03064,0.1201,-0.31275,-0.18904,0.018614,0.037917,0.30199,0.73209,0.79699,0.63198,0.67502,0.43579,0.28369,0.44874,0.10728,0.14975,0.31347,0.29693,0.61691,0.17415,0.18778,0.13563,0.21366,0.22098,-0.072186,-0.13579
-0.061303,-0.034659,-0.0085613,-0.20945,0.42453,-0.17116,0.13463,-0.2474,0.010713,-0.041496,0.077369,0.53675,0.29869,0.45164,0.22902,0.6003,0.25534,0.71818,-0.049417,-0.09313,0.35615,0.28815,0.087495,0.13999,0.26369,-0.087632,0.2849,0.32664,0.39122,1,0.20948,0.14731,0.056071,-0.1275,0.020196,-0.11873,0.33128,0.35635,0.44104,0.32226,0.3118,0.29976,-0.26968,-0.3573,-0.24787,-0.27903,0.10255,-0.083651,-0.33315,-0.30308,-0.29795,-0.18868,-0.32772,-0.16188,-0.06916,-0.16533,0.047039,-0.085533,-0.063956,0.030555,0.0084716,0.071229,0.035909,0.019399,0.11226,0.075743,-0.086274,-0.068696,-0.014414,-0.065691,0.1207,0.20908,0.40068,0.49274,0.44412,0.46014,0.12595,0.29756,0.54169,0.6439,0.66677,0.51859,0.4467,0.46307,0.41254,0.060576,0.13999,0.077041,0.076369,-0.074982
-0.34672,-0.25969,0.31631,0.23793,0.30236,0.038308,0.3254,0.042146,0.18072,0.034571,0.15158,0.28436,0.4631,0.19091,-0.068855,0.14885,0.0030343,0.087981,-0.31713,-0.18735,-0.018056,0.064848,0.49984,0.47885,0.37278,0.18724,0.035552,0.094391,0.25125,0.20948,1,0.71823,-0.22683,-0.22065,-0.36762,-0.50789,-0.2011,-0.077274,-0.19746,-0.056841,-0.0066526,-0.074927,-0.23071,-0.2702,-0.26879,-0.089418,-0.22064,-0.15971,-0.095391,-0.049579,0.012757,0.10866,-0.35227,0.022207,-0.40772,-0.34933,-0.33811,-0.25822,-0.30204,-0.23749,-0.28287,-0.26504,-0.20185,-0.12049,-0.023385,0.052103,-0.35628,-0.23323,-0.27926,-0.32442,0.048487,0.20443,0.10321,0.065276,0.081695,-0.093211,-0.2573,-0.14469,0.22927,-0.040962,-0.093264,0.0044641,-0.019339,0.11333,-0.17501,0.052325,0.19758,0.095039,-0.20355,-0.1901
-0.41955,-0.27251,0.30261,0.26457,0.35123,0.075249,0.43162,0.070848,0.18954,0.12344,0.21214,0.2973,0.63098,0.26966,0.14806,0.21418,-0.029587,0.034574,-0.35096,-0.13176,0.0549,0.023255,0.39124,0.61577,0.34969,0.22599,-0.039664,0.086969,0.35028,0.14731,0.71823,1,-0.44278,-0.31628,-0.44832,-0.5288,-0.28932,-0.075255,-0.25692,-0.10605,-0.030807,-0.077168,-0.28665,-0.23135,-0.29881,-0.11873,-0.27095,-0.30343,-0.066672,-0.079108,0.089098,0.036492,-0.3025,-0.16643,-0.46294,-0.43042,-0.42572,-0.32601,-0.43756,-0.37292,-0.44931,-0.42599,-0.31995,-0.28774,-0.14782,-0.14444,-0.53103,-0.44251,-0.30015,-0.35953,0.032996,0.26046,0.10232,0.081103,0.077659,-0.010683,-0.43571,-0.31402,-0.018415,-0.18146,-0.22527,-0.0511,0.072082,0.085529,-0.31273,-0.10266,0.119,0.1495,-0.31568,-0.3436
0.55653,0.54474,-0.012531,-0.25145,-0.23021,-0.44678,0.20423,-0.13578,-0.40606,-0.43417,0.052315,0.048504,-0.28895,-0.061537,-0.0071262,0.089086,0.18788,0.21061,0.45954,0.26752,0.0012234,-0.094738,0.080002,-0.0351,-0.42112,-0.45919,-0.081913,-0.018184,-0.060258,0.056071,-0.22683,-0.44278,1,0.74456,0.25107,0.25,0.082712,-0.13345,0.065117,-0.19306,-0.021325,0.0096981,-0.24624,-0.41841,-0.17108,-0.35472,-0.253,-0.3475,-0.45535,-0.47491,-0.56102,-0.50414,-0.29155,-0.35734,-0.25657,-0.31043,0.67615,0.43145,0.14497,0.15735,0.45348,0.46264,0.51878,0.3597,0.33277,0.14247,0.2959,0.28967,0.40719,0.44318,-0.06814,-0.013344,0.066522,0.20632,0.10599,0.15587,0.48923,0.22744,0.079692,0.20904,0.37671,0.066618,0.16797,0.18765,0.28907,-0.093608,0.14903,-0.14542,0.14069,-0.13178
0.58247,0.42085,0.08549,-0.18451,-0.29327,-0.47909,0.37774,-0.11199,-0.41864,-0.47978,0.098813,-0.069067,-0.30191,-0.19421,-0.10596,0.014909,-0.16239,-0.055657,0.3841,0.31071,-0.080528,-0.079851,0.20175,0.11844,-0.46147,-0.43907,-0.062681,0.045627,-0.21789,-0.1275,-0.22065,-0.31628,0.74456,1,0.26478,0.30942,-0.034488,-0.2028,0.015543,-0.18515,-0.054562,-0.060448,-0.32896,-0.41519,-0.23223,-0.31339,-0.33313,-0.3823,-0.43566,-0.37944,-0.4851,-0.44036,-0.25386,-0.29149,-0.20423,-0.32006,0.50619,0.34293,0.1003,0.045778,0.25841,0.25933,0.307,0.20893,0.18585,0.060138,0.16747,0.20523,0.40671,0.439,-0.14257,-0.024519,-0.04985,0.14384,0.0031121,-0.017586,0.24663,0.068199,-0.096478,0.016179,0.091925,-0.096767,0.026634,0.15243,0.17199,-0.13222,0.079869,-0.14763,0.12863,-0.15666
0.013982,0.13462,-0.2166,-0.21024,-0.071731,-0.059259,-0.26762,-0.19383,0.030325,0.00073734,-0.3777,-0.2859,-0.42089,-0.061248,0.012556,0.08505,-0.22334,0.11515,0.043227,-0.04495,0.16707,0.18168,-0.10863,-0.33129,-0.0024483,0.0017483,0.16377,0.19163,-0.17595,0.020196,-0.36762,-0.44832,0.25107,0.26478,1,0.77956,0.30928,0.059749,0.20426,0.14274,0.21645,0.13884,0.12189,-0.013505,0.21576,0.033536,0.1549,0.12945,-0.18892,-0.06339,-0.30438,0.010542,0.040248,0.15671,0.26914,0.264,0.22949,0.15147,0.16308,0.16698,0.1672,0.26497,0.025314,0.025322,0.39654,0.31222,0.68643,0.53958,0.20348,0.23497,0.17751,-0.14174,0.15446,0.0099109,0.026854,0.11919,0.29001,0.19287,-0.051782,0.13484,0.090524,0.19526,0.014564,0.20664,0.46666,0.39517,0.03811,0.016873,0.24856,0.24261
0.06063,0.043975,-0.20489,-0.18589,-0.3363,-0.13506,-0.22943,-0.17284,-0.20433,-0.16321,-0.33054,-0.42364,-0.49132,-0.20053,-0.043882,-0.083897,-0.26335,-0.071422,0.061494,-0.0078056,-0.021412,0.048807,-0.12689,-0.31386,-0.29082,-0.14479,-0.029338,0.029323,-0.21844,-0.11873,-0.50789,-0.5288,0.25,0.30942,0.77956,1,0.24022,0.050948,0.20166,0.09036,0.099958,0.096102,0.11483,0.040392,0.15943,0.032917,0.064842,0.10959,-0.18632,-0.095479,-0.21481,-0.095508,0.15515,0.10556,0.25139,0.19001,0.15842,0.14404,0.20081,0.21244,0.11433,0.24516,0.086483,0.040842,0.32622,0.30355,0.56712,0.59445,0.17776,0.21051,-0.003628,-0.12312,0.060458,-0.014187,0.0092104,0.033503,0.33367,0.26301,-0.076683,0.11515,0.073282,0.099369,0.023563,0.023393,0.49235,0.37403,-0.058139,-0.057792,0.35502,0.28632
0.071235,0.12402,-0.32713,-0.41347,0.34866,-0.22823,-0.084743,-0.4982,0.1316,-0.11818,-0.23262,0.011903,-0.29434,-0.01022,0.15305,0.44656,-0.00082159,0.26754,0.13608,0.00046718,0.2883,0.36019,-0.24155,-0.15689,0.18304,-0.043886,0.23409,0.43846,0.25907,0.33128,-0.2011,-0.28932,0.082712,-0.034488,0.30928,0.24022,1,0.72171,0.76161,0.66288,0.65194,0.62392,-0.17818,-0.28883,-0.21398,-0.30835,0.063671,-0.086886,-0.41355,-0.30709,-0.49496,-0.22892,-0.25178,-0.075019,0.3316,0.16913,0.22401,0.048549,0.13361,0.18922,0.21574,0.27205,0.078256,0.15119,0.17128,0.13235,0.25645,0.21789,0.10473,0.087794,0.10094,0.082483,0.52655,0.456,0.50247,0.57847,0.47945,0.5592,0.09567,0.17355,0.44651,0.28235,0.33953,0.3249,0.53285,0.20305,0.31412,0.2915,0.38817,0.18228
-0.16308,-0.25165,-0.23003,-0.27314,0.30709,-0.13074,-0.058527,-0.43042,0.093594,0.039793,-0.21952,0.083735,-0.11708,0.015629,0.31438,0.3272,-0.046325,0.16401,-0.16875,-0.24928,0.20101,0.34362,-0.1894,0.042704,0.16917,0.049302,0.043933,0.33001,0.29401,0.35635,-0.077274,-0.075255,-0.13345,-0.2028,0.059749,0.050948,0.72171,1,0.70636,0.85706,0.58646,0.76116,-0.30155,-0.22596,-0.21678,-0.21711,-0.078739,-0.17744,-0.24063,-0.24406,-0.20932,-0.17682,-0.12797,-0.129,0.22827,0.12411,-0.15624,-0.18819,0.065382,0.038258,0.11362,0.10986,-0.033894,0.038343,0.16935,0.1714,-0.032065,0.018633,-0.16303,-0.16629,0.017596,0.20272,0.41361,0.3841,0.46692,0.35235,0.14281,0.40709,0.14408,0.17109,0.2809,0.35514,0.48701,0.06081,0.38173,0.31953,0.097232,0.30766,0.29761,0.30576
0.019236,0.00042208,-0.19199,-0.23919,0.20521,-0.14947,-0.049684,-0.29262,0.056632,-0.067219,-0.14406,0.041634,-0.15935,-0.040589,0.19055,0.26307,0.068085,0.24346,-0.016222,-0.1397,0.2304,0.28994,-0.14369,-0.11766,0.057573,-0.024029,0.095937,0.30168,0.19267,0.44104,-0.19746,-0.25692,0.065117,0.015543,0.20426,0.20166,0.76161,0.70636,1,0.67595,0.51744,0.51941,-0.22434,-0.23618,-0.20464,-0.2437,0.077129,-0.058027,-0.33008,-0.27838,-0.37473,-0.26417,-0.16706,-0.20279,0.38132,0.13345,0.093062,0.04506,0.12242,0.17738,0.12921,0.16497,0.047255,0.096503,0.072842,0.10304,0.11604,0.16447,-0.081673,-0.060533,-0.0056925,0.089584,0.37664,0.30336,0.45977,0.36902,0.24335,0.46582,0.31278,0.38782,0.45111,0.26226,0.3878,0.12543,0.45758,0.11288,-0.0098035,0.069539,0.35631,0.09423
-0.16244,-0.26694,-0.32631,-0.3179,0.19241,-0.10967,-0.10044,-0.36301,0.10656,0.10936,-0.12209,-0.038865,-0.026718,-0.1029,0.30112,0.24697,-0.14904,0.066618,-0.19326,-0.2918,0.18131,0.39989,-0.21818,-0.028315,0.11727,0.1176,0.12314,0.46225,0.26102,0.32226,-0.056841,-0.10605,-0.19306,-0.18515,0.14274,0.09036,0.66288,0.85706,0.67595,1,0.6704,0.67246,-0.20669,-0.15983,-0.11216,-0.12797,-0.032567,-0.050815,-0.19049,-0.14363,-0.16212,-0.11827,-0.023533,0.013209,0.41815,0.30846,-0.18369,-0.13442,0.16123,0.10414,0.080463,0.11825,-0.057936,0.11026,0.1515,0.19881,0.047939,0.1007,-0.21216,-0.19006,0.012425,0.24713,0.42473,0.38642,0.49694,0.30914,0.13356,0.39196,0.1062,0.1171,0.22663,0.28652,0.40115,-0.041811,0.38575,0.35431,-0.065281,0.1852,0.3986,0.42875
-0.033029,0.05121,-0.43907,-0.47976,0.22887,-0.20135,-0.015328,-0.35988,0.24319,0.13062,-0.0331,-0.13251,0.044135,-0.17532,0.5567,0.41514,-0.21586,0.0034166,-0.053709,-0.27401,0.50938,0.71365,-0.23697,-0.051521,0.13938,0.22163,0.16116,0.70651,0.42782,0.3118,-0.0066526,-0.030807,-0.021325,-0.054562,0.21645,0.099958,0.65194,0.58646,0.51744,0.6704,1,0.70155,-0.18924,-0.26404,-0.21692,-0.27427,-0.054627,-0.13583,-0.39353,-0.33299,-0.42622,-0.26731,-0.055591,-0.12331,0.33213,0.2501,0.063865,0.12995,0.093658,0.15406,0.069584,0.29007,0.08865,0.27644,0.1566,0.15036,0.14585,0.18043,-0.079612,-0.006316,0.28243,0.37986,0.62953,0.51983,0.57972,0.40985,0.22385,0.2854,-0.086115,0.01119,0.26839,0.20006,0.61227,0.1002,0.437,0.27645,0.12502,0.2103,0.46925,0.31462
-0.021112,0.021821,-0.30332,-0.36219,0.21847,-0.24103,0.0071418,-0.39516,0.13362,0.017674,-0.12896,-0.076148,-0.046099,-0.098153,0.47245,0.42292,-0.15759,0.02842,-0.07582,-0.22573,0.32254,0.58017,-0.14698,0.054834,0.051838,0.046037,-0.040994,0.48801,0.34115,0.29976,-0.074927,-0.077168,0.0096981,-0.060448,0.13884,0.096102,0.62392,0.76116,0.51941,0.67246,0.70155,1,-0.3089,-0.2756,-0.20662,-0.27544,-0.14381,-0.2555,-0.34046,-0.34104,-0.30464,-0.23386,-0.11494,-0.29763,0.17829,0.13645,0.017063,0.084447,0.060788,0.078237,0.15199,0.27288,0.11306,0.23925,0.15556,0.16536,0.053835,0.10828,-0.094198,-0.050091,0.18381,0.37056,0.49425,0.4988,0.52393,0.35253,0.16215,0.33877,-0.0074332,0.038406,0.24986,0.24165,0.68108,0.19178,0.36375,0.2568,0.26902,0.27228,0.26945,0.19673
-0.23188,-0.17749,-0.17538,0.047766,-0.20527,0.42284,-0.52286,0.22876,0.1329,0.30334,-0.15485,-0.2584,-0.21182,-0.088233,-0.27825,-0.36922,-0.017331,-0.15594,-0.10797,-0.14416,0.02529,-0.13254,-0.28802,-0.51795,0.069309,0.19181,0.12347,-0.23104,-0.42385,-0.26968,-0.23071,-0.28665,-0.24624,-0.32896,0.12189,0.11483,-0.17818,-0.30155,-0.22434,-0.20669,-0.18924,-0.3089,1,0.84639,0.71828,0.65631,0.78612,0.85552,0.67204,0.65926,0.47804,0.36998,0.59235,0.61653,0.56789,0.62365,-0.11074,-0.16019,0.13534,0.10455,-0.13039,-0.21213,-0.21629,-0.24893,-0.19692,-0.22589,0.24365,0.080427,-0.034557,-0.028107,0.035151,-0.39035,-0.38759,-0.43299,-0.45829,-0.18987,-0.1573,-0.27798,-0.1444,-0.093531,-0.26008,-0.34007,-0.39648,-0.22841,-0.22859,-0.13533,-0.22222,-0.1511,0.091166,0.24561
-0.24745,-0.30191,-0.12666,0.12389,-0.18905,0.51069,-0.56388,0.27989,0.22676,0.41652,-0.13985,-0.33922,-0.10941,-0.11887,-0.090085,-0.44158,-0.077943,-0.32838,-0.25867,-0.18177,-0.050605,-0.10503,-0.3694,-0.48059,0.065756,0.32461,0.03669,-0.25318,-0.27676,-0.3573,-0.2702,-0.23135,-0.41841,-0.41519,-0.013505,0.040392,-0.28883,-0.22596,-0.23618,-0.15983,-0.26404,-0.2756,0.84639,1,0.6603,0.65239,0.60978,0.73659,0.7861,0.71759,0.69804,0.52572,0.73067,0.45691,0.52655,0.61647,-0.31417,-0.18128,-0.0075878,-0.067528,-0.25589,-0.34369,-0.25454,-0.26897,-0.35793,-0.21534,0.0086321,-0.093161,-0.13674,-0.11007,0.07402,-0.23599,-0.35735,-0.47058,-0.42944,-0.3315,-0.29882,-0.26408,-0.14839,-0.12207,-0.38731,-0.27384,-0.31646,-0.36533,-0.31407,-0.068564,-0.30547,-0.11808,-0.1001,0.17789
-0.21427,-0.19086,-0.12411,0.12667,-0.22799,0.39221,-0.46591,0.2435,0.09513,0.33378,-0.19635,-0.19641,-0.16744,-0.027369,-0.19535,-0.34352,0.018399,-0.057343,-0.14566,-0.16479,-0.013229,-0.16826,-0.20526,-0.38274,0.024108,0.1583,0.033163,-0.28289,-0.39096,-0.24787,-0.26879,-0.29881,-0.17108,-0.23223,0.21576,0.15943,-0.21398,-0.21678,-0.20464,-0.11216,-0.21692,-0.20662,0.71828,0.6603,1,0.79869,0.54051,0.60969,0.76267,0.73112,0.51594,0.39919,0.44276,0.34596,0.42369,0.4876,-0.14221,-0.11456,0.30439,0.2004,0.077251,-0.10642,-0.1102,-0.15683,0.023325,-0.033419,0.3072,0.15576,-0.079238,-0.090822,-0.026726,-0.32242,-0.3506,-0.43874,-0.40904,-0.18187,-0.2151,-0.26089,-0.071,0.00072099,-0.19524,-0.21055,-0.3246,-0.29962,-0.19336,-0.037608,-0.27578,-0.12622,-0.039295,0.21217
-0.27098,-0.39768,-0.1118,0.11641,-0.26612,0.25573,-0.35842,0.16651,-0.042378,0.2,-0.12279,-0.14455,-0.062542,-0.11704,-0.25775,-0.38964,-0.054876,-0.18084,-0.26895,-0.24399,-0.15119,-0.25397,-0.14937,-0.26401,-0.045872,0.084759,-0.045095,-0.28228,-0.39202,-0.27903,-0.089418,-0.11873,-0.35472,-0.31339,0.033536,0.032917,-0.30835,-0.21711,-0.2437,-0.12797,-0.27427,-0.27544,0.65631,0.65239,0.79869,1,0.48575,0.61996,0.799,0.82508,0.64985,0.5037,0.42872,0.42967,0.37245,0.4119,-0.3036,-0.2457,0.33085,0.18026,0.085406,-0.12187,-0.13985,-0.23809,0.094875,0.064641,0.16857,0.176,-0.19302,-0.16257,-0.16674,-0.32388,-0.42642,-0.41354,-0.45257,-0.30457,-0.31946,-0.30397,-0.11453,-0.088136,-0.29849,-0.30525,-0.38093,-0.31607,-0.25993,-0.12409,-0.31597,-0.14677,0.031997,0.22105
-0.22834,-0.13298,-0.23451,-0.062648,0.070231,0.32558,-0.51726,0.049135,0.20823,0.22977,-0.20031,-0.058583,-0.17893,0.005107,-0.23857,-0.13019,0.095351,0.13504,-0.11234,-0.18293,0.16888,-0.018648,-0.31346,-0.51985,0.21396,0.12232,0.32977,-0.068134,-0.31388,0.10255,-0.22064,-0.27095,-0.253,-0.33313,0.1549,0.064842,0.063671,-0.078739,0.077129,-0.032567,-0.054627,-0.14381,0.78612,0.60978,0.54051,0.48575,1,0.86562,0.49392,0.53024,0.25631,0.33392,0.3782,0.53913,0.59701,0.61346,-0.019152,-0.13174,0.15042,0.14018,-0.054252,-0.14306,-0.16109,-0.20325,-0.1779,-0.24411,0.29655,0.10029,0.015846,0.035763,0.019686,-0.37138,-0.2269,-0.26939,-0.22239,-0.027915,-0.11309,-0.13409,0.12249,0.19131,0.080446,-0.13139,-0.2297,-0.031895,-0.091247,-0.15531,-0.14981,-0.044875,0.042832,0.12075
-0.28996,-0.24527,-0.24813,0.048445,-0.17474,0.42516,-0.61121,0.20771,0.17161,0.2894,-0.12788,-0.20135,-0.16904,-0.11209,-0.33161,-0.3863,0.015299,-0.073969,-0.22892,-0.27056,0.042485,-0.057078,-0.32182,-0.57775,0.098437,0.20179,0.16427,-0.18139,-0.43622,-0.083651,-0.15971,-0.30343,-0.3475,-0.3823,0.12945,0.10959,-0.086886,-0.17744,-0.058027,-0.050815,-0.13583,-0.2555,0.85552,0.73659,0.60969,0.61996,0.86562,1,0.61891,0.6717,0.45662,0.47077,0.55836,0.71751,0.68628,0.75565,-0.17191,-0.15031,0.21661,0.16713,-0.11555,-0.16762,-0.22908,-0.20765,-0.2184,-0.17488,0.28891,0.18595,-0.13227,-0.070335,-0.032723,-0.43544,-0.36322,-0.42586,-0.35652,-0.23102,-0.1938,-0.17223,0.051136,0.080682,-0.11879,-0.18438,-0.39476,-0.23436,-0.1604,-0.076072,-0.26754,-0.17504,0.10499,0.28336
-0.30507,-0.38185,0.0011308,0.2845,-0.10565,0.54892,-0.45488,0.32468,0.21353,0.45513,-0.13757,-0.087723,-0.044943,0.036923,-0.23296,-0.46541,0.027713,-0.20308,-0.31972,-0.20142,-0.11573,-0.24549,-0.22124,-0.32043,0.15198,0.28691,-0.019345,-0.42429,-0.37522,-0.33315,-0.095391,-0.066672,-0.45535,-0.43566,-0.18892,-0.18632,-0.41355,-0.24063,-0.33008,-0.19049,-0.39353,-0.34046,0.67204,0.7861,0.76267,0.799,0.49392,0.61891,1,0.89122,0.83067,0.65878,0.56517,0.4336,0.35547,0.47894,-0.42787,-0.26998,0.15266,0.027956,-0.08512,-0.33533,-0.26806,-0.30257,-0.23742,-0.21383,0.022764,-0.12119,-0.22654,-0.22744,-0.0083062,-0.32126,-0.51868,-0.56952,-0.54757,-0.38894,-0.41781,-0.41068,-0.08258,-0.13411,-0.42197,-0.23233,-0.42124,-0.4233,-0.49239,-0.14327,-0.36017,-0.10845,-0.28418,0.14258
-0.32824,-0.4129,-0.064417,0.24949,-0.10498,0.51711,-0.45708,0.29483,0.19642,0.41627,-0.15165,-0.088249,-0.081463,0.0067131,-0.31387,-0.43202,-0.061235,-0.18888,-0.36166,-0.2479,-0.12311,-0.21106,-0.22267,-0.34487,0.19396,0.2857,0.12648,-0.3136,-0.38969,-0.30308,-0.049579,-0.079108,-0.47491,-0.37944,-0.06339,-0.095479,-0.30709,-0.24406,-0.27838,-0.14363,-0.33299,-0.34104,0.65926,0.71759,0.73112,0.82508,0.53024,0.6717,0.89122,1,0.77568,0.7439,0.53107,0.57322,0.4258,0.51362,-0.42896,-0.28669,0.27102,0.16426,-0.0629,-0.28523,-0.33628,-0.27132,-0.20575,-0.12877,0.10948,0.021455,-0.22971,-0.21192,-0.029691,-0.38494,-0.47604,-0.55833,-0.56186,-0.35037,-0.37058,-0.36076,-0.11768,-0.14242,-0.40524,-0.23984,-0.48034,-0.34607,-0.4021,-0.067192,-0.28239,-0.046693,-0.15767,0.23561
-0.35459,-0.52897,0.034144,0.32073,-0.088851,0.49281,-0.36944,0.31261,0.13822,0.40677,-0.043943,-0.086506,0.085512,0.055583,-0.17581,-0.40489,-0.074358,-0.29776,-0.43144,-0.24314,-0.19254,-0.21168,-0.15053,-0.1758,0.1071,0.275,-0.078789,-0.37992,-0.27942,-0.29795,0.012757,0.089098,-0.56102,-0.4851,-0.30438,-0.21481,-0.49496,-0.20932,-0.37473,-0.16212,-0.42622,-0.30464,0.47804,0.69804,0.51594,0.64985,0.25631,0.45662,0.83067,0.77568,1,0.73147,0.66274,0.4028,0.24578,0.36142,-0.58707,-0.38183,0.046852,-0.061543,-0.21993,-0.39105,-0.33174,-0.33734,-0.30921,-0.093081,-0.16828,-0.1571,-0.34937,-0.3455,-0.017902,-0.14557,-0.48806,-0.49612,-0.52645,-0.44362,-0.46004,-0.36597,-0.096593,-0.18893,-0.46439,-0.11876,-0.34333,-0.37386,-0.3998,-0.0050496,-0.30561,-0.02132,-0.28496,0.19827
