1,0.68946,0.26921,-0.12957,0.0089616,-0.15253,0.4678,-0.0086833,0.046174,-0.15087,0.59687,-0.13609,0.45047,-0.15383,-0.13326,-0.25101,0.52488,0.38348,0.47974,0.41149,-0.06869,-0.1949,-0.15238,-0.45515,-0.32787,-0.43067,-0.23513,-0.19429,0.10142,-0.0095681,-0.28791,-0.34342,-0.10051,-0.052359,-0.36247,-0.55983,0.15943,0.14996,0.040155,0.10531,0.12613,0.14842,-0.31611,-0.45981,-0.078389,-0.18731,-0.24807,-0.18297,0.3059,0.2232,-0.054513,-0.171,0.053796,0.094741,0.32505,0.25317,0.7476,0.63902,0.40189,0.23606,0.53774,0.085531,0.41175,0.25301,-0.0087042,-0.08613,-0.22353,-0.31645,-0.26015,-0.14415,-0.19037,-0.09115,0.06161,0.0062097,0.1416,0.10662,-0.038473,-0.062614,-0.081216,-0.11298,0.0064408,0.040753,-0.041352,0.12527,-0.27427,-0.13966,0.050022,0.24601,0.13347,-0.079177
0.68946,1,0.01573,0.13958,0.10124,0.12328,0.22105,0.32537,0.16679,0.16365,0.2544,0.21848,0.24823,0.15078,0.037839,0.026434,0.57961,0.55951,0.3967,0.43676,-0.0063371,-0.12369,-0.24341,-0.285,-0.33958,-0.38412,-0.14572,-0.075957,0.15472,0.18266,-0.31742,-0.32415,0.032677,0.18627,-0.41326,-0.45986,0.24355,0.25019,0.081465,0.1308,0.30415,0.29421,-0.28564,-0.55737,-0.12745,-0.17525,-0.31928,-0.30233,0.18024,0.19518,-0.25753,-0.075609,0.017962,0.018301,0.19891,0.18597,0.64148,0.71824,0.20958,0.23939,0.32743,0.34168,0.38221,0.61158,-0.23237,-0.02889,-0.26088,-0.20667,-0.33786,-0.26462,-0.26023,-0.19462,0.21634,0.17642,0.27389,0.31639,0.035258,0.081761,-0.07547,-0.11878,0.050693,0.37714,0.020629,0.41503,-0.34617,0.028516,0.060695,0.24052,0.069194,0.0076557
0.26921,0.01573,1,0.071946,0.11558,-0.15026,0.5611,-0.29599,-0.1344,-0.34061,0.2656,-0.4246,0.060518,-0.44975,-0.025848,-0.2125,-0.099491,-0.23055,0.42204,0.011841,-0.11867,-0.26363,0.74332,0.095863,0.12749,-0.073897,0.047227,0.018744,-0.17038,-0.35995,-0.02164,-0.094539,-0.015487,-0.31972,0.24376,0.05699,0.0089984,-0.085292,-0.032935,-0.058539,-0.076628,-0.13934,0.11857,0.054808,0.11749,-0.090278,0.016665,0.087118,0.12529,0.00023372,0.19728,-0.024554,0.053461,0.17278,0.2045,0.11361,0.049598,0.17879,0.32829,0.044501,0.34244,-0.23427,0.064749,-0.33677,0.52066,-0.0097727,0.21484,-0.1016,0.1191,0.14101,0.064073,-0.010356,-0.054629,-0.21515,-0.070546,-0.1451,0.017105,-0.11253,-0.14726,-0.08509,-0.24162,-0.3999,-0.05899,-0.31064,0.21769,0.017266,0.032843,0.14279,0.19106,0.074923
-0.12957,0.13958,0.071946,1,0.14039,0.21966,-0.226,0.68267,0.020096,0.19921,-0.23978,0.44585,-0.29458,0.22617,0.16517,0.39258,-0.11341,0.012947,-0.12352,0.27237,-0.014682,-0.041882,0.10066,0.62034,-0.13557,0.027537,-0.064703,0.030642,-0.029995,0.098509,0.10482,0.17449,0.25952,0.34754,-0.1664,0.208,-0.043607,0.078741,-0.0588,-0.040355,0.079943,0.06697,0.018929,-0.061149,0.028518,0.21054,-0.28926,-0.25062,0.093549,0.078177,-0.14556,0.1958,-0.12349,-0.16869,-0.035932,-0.011257,0.054,0.15205,0.10119,0.31118,-0.084319,0.56208,0.26389,0.36148,-0.090573,0.23485,0.1017,0.4133,-0.00060949,0.021674,-0.20395,-0.2229,-0.14552,-0.10162,-0.1574,-0.15964,-0.21126,-0.077189,0.018941,-0.07899,-0.039195,0.099913,0.10512,0.32971,0.03018,0.24293,0.078886,0.21597,0.00031365,0.20225
0.0089616,0.10124,0.11558,0.14039,1,0.82062,0.068908,-0.022678,0.8185,0.68835,-0.19478,-0.16088,-0.035981,-0.24222,0.54322,0.48744,-0.025926,-0.1465,0.014218,0.016106,0.1255,0.12376,0.080687,0.13735,0.068039,-0.015764,0.66167,0.66314,-0.23849,-0.14375,-0.20498,-0.16819,0.021017,-0.00012246,0.070707,0.10701,0.21595,0.31955,0.14537,0.24073,0.24923,0.24576,0.15165,-0.058641,0.053431,-0.029373,0.1237,0.16545,0.086948,-0.0042339,0.011891,-0.070205,0.32108,0.11012,0.34779,0.44208,0.10887,0.13914,0.23313,0.28322,0.21939,0.15254,-0.056913,-0.032835,0.095447,0.045223,0.2979,0.16436,-0.057688,-0.18811,-0.24555,-0.094033,-0.024634,-0.054717,0.14456,0.1506,-0.10301,-0.0079167,-0.19558,-0.26635,-0.15607,-0.021042,0.12215,0.28431,0.18356,0.27703,0.060632,0.26636,0.3233,0.40581
-0.15253,0.12328,-0.15026,0.21966,0.82062,1,-0.10514,0.16192,0.80302,0.89654,-0.31365,0.08711,-0.064243,0.0088673,0.62392,0.65408,-0.070235,-0.1299,-0.075097,-0.1172,0.20102,0.21148,-0.021777,0.18941,0.039468,0.0062791,0.67813,0.74906,-0.26385,-0.083334,-0.23832,-0.17842,0.005727,0.059851,0.059546,0.16797,0.26225,0.37888,0.22382,0.33907,0.37374,0.35222,0.13371,-0.12682,-0.0099715,-0.065935,0.04963,0.084055,-0.088748,-0.027592,-0.072028,0.0095304,0.23625,0.022711,0.25253,0.41561,-0.046318,0.085942,0.059256,0.24911,0.096681,0.26018,-0.094801,0.097032,-0.025573,0.162,0.28195,0.23543,-0.1235,-0.26915,-0.22714,-0.1361,0.0058573,-0.031776,0.21418,0.21925,-0.10276,-0.011712,-0.22914,-0.33181,-0.20674,0.049058,0.19238,0.41816,0.21742,0.38119,0.12891,0.26178,0.3316,0.54649
0.4678,0.22105,0.5611,-0.226,0.068908,-0.10514,1,-0.062143,0.051885,-0.15192,0.51322,-0.20432,0.55524,-0.21606,-0.097932,-0.35743,0.20696,-0.052375,0.48685,0.11988,-0.094967,-0.21064,0.26575,-0.25717,-0.09327,-0.26968,-0.02434,-0.10574,0.045141,-0.23944,-0.02828,-0.15267,0.091632,-0.10698,-0.013313,-0.25907,-0.0279,-0.037434,-0.17659,-0.1434,-0.14296,-0.23445,-0.052466,-0.13949,0.096085,-0.14349,-0.098685,-0.10297,0.14172,0.13173,0.2041,-0.037642,-0.0030203,0.15408,0.20391,0.074439,0.13266,0.15783,0.27978,-0.019831,0.65371,-0.10352,0.13297,-0.056946,0.2794,-0.05264,-0.00039406,-0.27487,-0.0071433,0.058692,-0.018087,-0.036728,0.0001753,-0.12522,0.029419,-0.0076062,0.018447,-0.12913,-0.02456,-0.048998,-0.15487,-0.2658,-0.21836,-0.30652,-0.13642,-0.21327,-0.2045,-0.11702,0.25323,-0.045125
-0.0086833,0.32537,-0.29599,0.68267,-0.022678,0.16192,-0.062143,1,0.082105,0.35161,-0.16516,0.6522,-0.091025,0.46403,0.11103,0.35802,0.066404,0.19598,-0.14982,0.28768,0.013408,-0.0014529,-0.36004,0.27098,-0.27032,-0.078582,-0.2172,-0.18376,0.1348,0.30535,0.042801,0.094023,0.28093,0.51035,-0.45819,-0.14228,-0.046406,0.09573,-0.08737,-0.097707,0.049624,0.053463,-0.19134,-0.25095,-0.12791,0.15882,-0.30102,-0.31975,0.033964,0.14949,-0.30558,0.13369,-0.16211,-0.15203,-0.088798,-0.047075,0.093149,0.19031,-0.050753,0.24546,0.042871,0.74277,0.17897,0.62507,-0.40942,0.20733,-0.22967,0.18707,-0.16654,-0.087316,-0.21468,-0.1527,0.028006,0.098703,-0.026531,0.012329,-0.1317,0.0054548,0.036689,-0.028223,0.025739,0.24862,0.013709,0.40174,-0.40275,0.058187,-0.059542,0.0073439,-0.092367,0.028384
0.046174,0.16679,-0.1344,0.020096,0.8185,0.80302,0.051885,0.082105,1,0.82511,-0.16436,-0.063682,0.17434,-0.10989,0.66237,0.52491,0.11345,0.053623,-0.0067561,0.036558,0.076059,0.14156,-0.20949,-0.045752,-0.1221,-0.14319,0.51668,0.53543,-0.10642,-0.018418,-0.29497,-0.23872,0.048458,0.14041,-0.10143,-0.084239,0.31385,0.44144,0.16091,0.30738,0.3019,0.33911,0.047225,-0.24371,-0.18494,-0.25436,0.21163,0.16076,-0.19388,-0.18332,-0.23839,-0.25503,0.29868,-0.027752,0.35198,0.4876,0.17987,0.10669,-0.0027401,0.12777,0.12994,0.14505,-0.002504,0.11417,-0.1688,-0.10139,0.060629,0.051835,-0.1784,-0.31622,-0.30014,-0.14467,0.049292,0.08028,0.28862,0.30767,-0.12796,-0.050774,-0.22234,-0.26657,-0.084601,0.15358,0.049151,0.35568,0.020688,0.11492,0.0016689,0.16478,0.38497,0.32459
-0.15087,0.16365,-0.34061,0.19921,0.68835,0.89654,-0.15192,0.35161,0.82511,1,-0.33325,0.23823,-0.0027439,0.14965,0.65594,0.7325,0.04053,0.02486,-0.14249,-0.063212,0.25684,0.31213,-0.27098,0.12087,-0.035644,0.011658,0.55955,0.59752,-0.079801,0.12062,-0.19874,-0.12594,0.067327,0.2111,-0.13835,0.0052933,0.245,0.37768,0.18816,0.28212,0.34417,0.37295,0.032149,-0.19659,-0.173,-0.13191,0.092545,0.048537,-0.17733,-0.088573,-0.2234,-0.080965,0.19998,-0.048449,0.16821,0.35842,0.017477,0.081247,-0.084881,0.17013,0.025109,0.36253,-0.053911,0.25248,-0.27608,0.059568,0.065385,0.14302,-0.15934,-0.32357,-0.20002,-0.1075,0.11848,0.14769,0.23519,0.29899,-0.067223,0.032114,-0.16802,-0.2382,-0.065697,0.2312,0.16203,0.50282,-0.0055339,0.2539,0.056226,0.14688,0.22838,0.39839
0.59687,0.2544,0.2656,-0.23978,-0.19478,-0.31365,0.51322,-0.16516,-0.16436,-0.33325,1,0.066225,0.74018,0.07315,-0.11922,-0.32613,0.47005,0.28484,0.43165,0.21819,-0.12075,-0.12138,0.033646,-0.28667,-0.16291,-0.21243,-0.22953,-0.31051,0.34154,-0.011505,0.23031,0.13812,-0.11563,-0.17364,-0.23021,-0.42749,-0.31638,-0.23807,-0.27561,-0.25717,-0.31266,-0.27751,-0.35397,-0.11165,-0.11683,-0.21009,-0.32361,-0.34429,0.15169,0.072365,0.089849,-0.17953,-0.26646,-0.012658,-0.036474,-0.19039,0.2978,0.1684,0.084438,-0.15103,0.24554,-0.2452,0.41002,0.04875,0.087388,-0.12713,-0.35573,-0.46467,0.031058,0.19299,0.15797,0.098979,-0.03517,-0.043047,-0.038768,-0.072096,-0.27549,-0.37902,0.32856,0.26113,0.2566,-0.0024663,-0.15827,-0.27638,-0.1441,-0.36945,-0.14301,-0.087291,-0.055542,-0.27786
-0.13609,0.21848,-0.4246,0.44585,-0.16088,0.08711,-0.20432,0.6522,-0.063682,0.23823,0.066225,1,0.17663,0.83513,0.096042,0.41271,0.041338,0.20933,-0.19417,0.029042,0.012639,0.050851,-0.29994,0.33349,-0.11492,0.096068,-0.12935,-0.12289,0.24211,0.29174,0.24221,0.30173,0.049801,0.24872,-0.25558,-0.001084,-0.29363,-0.14767,-0.20034,-0.21478,-0.10057,-0.10334,-0.13391,-0.012162,0.0070035,0.18722,-0.35394,-0.42791,-0.022545,0.091679,-0.109,0.18932,-0.383,-0.18173,-0.34228,-0.33945,-0.11861,-0.016347,-0.16423,0.10053,-0.090843,0.55747,0.12718,0.55386,-0.28028,0.33469,-0.19125,0.11311,-0.0147,0.045197,-0.0079018,-0.087176,0.028603,0.10411,-0.0098669,-0.028458,-0.1329,-0.087269,0.27817,0.20902,0.18939,0.27851,0.0077718,0.1671,-0.19376,0.026057,-0.076099,-0.10008,-0.19562,-0.0039986
0.45047,0.24823,0.060518,-0.29458,-0.035981,-0.064243,0.55524,-0.091025,0.17434,-0.0027439,0.74018,0.17663,1,0.23563,0.053572,-0.13288,0.42986,0.30012,0.3329,0.076379,-0.12908,-0.087577,-0.066567,-0.27015,-0.22894,-0.26216,-0.092099,-0.14871,0.32019,0.0031613,0.10776,0.054286,-0.038841,-0.043814,-0.18006,-0.37186,-0.17104,-0.038284,-0.25255,-0.1678,-0.21614,-0.20334,-0.22912,-0.22403,-0.085143,-0.37713,-0.17827,-0.31953,-0.1023,-0.13296,-0.013036,-0.27223,-0.22196,-0.14332,0.00581,-0.11206,0.18533,0.052754,-0.078211,-0.24998,0.29116,-0.16627,0.32616,0.18043,-0.016703,-0.155,-0.29098,-0.40211,0.010933,0.042661,0.068825,-0.019624,-0.026116,-0.045034,0.083598,0.055781,-0.17846,-0.30243,0.24841,0.19022,0.21215,0.12579,-0.22492,-0.16564,-0.1581,-0.36315,-0.24004,-0.19228,0.11194,-0.19913
-0.15383,0.15078,-0.44975,0.22617,-0.24222,0.0088673,-0.21606,0.46403,-0.10989,0.14965,0.07315,0.83513,0.23563,1,0.013697,0.33395,-0.0082249,0.11153,-0.18115,-0.12336,-0.029466,-0.032365,-0.28745,0.19708,-0.016336,0.12653,-0.082312,-0.065201,0.2188,0.2351,0.10642,0.16486,-0.090595,0.093531,-0.076139,0.077794,-0.17764,-0.11617,-0.10428,-0.10545,-0.027819,-0.04728,-0.0022383,0.036786,0.11348,0.13828,-0.17009,-0.27495,-0.080675,0.044209,-0.013,0.26098,-0.3021,-0.15358,-0.32356,-0.32432,-0.21272,-0.12772,-0.17042,0.051229,-0.1607,0.34213,-0.025942,0.36156,-0.22074,0.34239,-0.084453,0.13863,-0.11672,-0.091222,0.01745,-0.082948,0.095145,0.11384,0.061915,0.041316,-0.010237,0.017322,0.147,0.14777,0.11128,0.22223,0.0079878,0.080828,-0.21471,0.058973,-0.011216,-0.089904,-0.22265,0.023287
-0.13326,0.037839,-0.025848,0.16517,0.54322,0.62392,-0.097932,0.11103,0.66237,0.65594,-0.11922,0.096042,0.053572,0.013697,1,0.7415,0.0081751,-0.056877,0.016307,0.03501,0.33363,0.3373,-0.060182,0.081017,0.27986,0.27969,0.48562,0.36229,0.17567,0.35856,0.0078131,0.10127,-0.15894,-0.097467,-0.12902,-0.065528,0.18278,0.07359,0.33374,0.25809,0.3217,0.33333,-0.16018,-0.0026758,-0.31024,-0.18159,0.28415,0.21138,-0.26138,-0.27426,-0.30714,-0.21614,-0.018091,-0.020472,0.042064,0.25828,-0.059848,0.047952,-0.072935,0.062349,-0.11979,0.07198,-0.10633,-0.029942,-0.2103,-0.062753,-0.05213,-0.044595,0.023617,-0.064552,0.094697,0.012301,0.23685,0.26455,0.36063,0.29663,-0.098581,-0.10004,-0.11679,0.040083,0.13172,0.25513,0.45125,0.42648,0.1459,0.078913,0.27841,0.20061,0.066364,0.16486
-0.25101,0.026434,-0.2125,0.39258,0.48744,0.65408,-0.35743,0.35802,0.52491,0.7325,-0.32613,0.41271,-0.13288,0.33395,0.7415,1,-0.20357,-0.13807,-0.27308,-0.15308,0.22718,0.25271,-0.13922,0.33739,0.23935,0.29868,0.46473,0.45439,-0.037358,0.26559,-0.078324,0.053371,-0.18399,-0.055392,-0.034715,0.17707,0.17784,0.1815,0.32018,0.28712,0.32673,0.36873,0.070972,0.074602,-0.11476,0.0027503,0.20139,0.19709,-0.15427,-0.18402,-0.15479,0.0025659,0.048382,-0.0042176,0.057907,0.25414,-0.14819,0.041501,-0.029796,0.25313,-0.10119,0.40232,-0.19787,0.091962,-0.14489,0.28055,0.057603,0.16664,-0.066393,-0.14629,-0.045818,-0.09384,0.12478,0.16107,0.19584,0.16863,-0.039773,0.0050184,-0.16357,-0.07934,0.0035294,0.15405,0.41546,0.48592,0.16331,0.36335,0.29135,0.30843,0.036601,0.37158
0.52488,0.57961,-0.099491,-0.11341,-0.025926,-0.070235,0.20696,0.066404,0.11345,0.04053,0.47005,0.041338,0.42986,-0.0082249,0.0081751,-0.20357,1,0.77844,0.52392,0.63497,0.061901,0.10823,-0.27457,-0.37606,-0.37793,-0.31404,-0.23295,-0.26726,0.60108,0.45335,0.05214,0.0096232,0.2298,0.36793,-0.53939,-0.60266,-0.057115,0.031009,-0.17992,-0.18547,-0.017666,0.039439,-0.49132,-0.46041,-0.33875,-0.38608,-0.25869,-0.40534,0.0090775,-0.022465,-0.39038,-0.38194,-0.16832,-0.19554,-0.12738,-0.17822,0.6015,0.28891,-0.13309,-0.27511,-0.042113,-0.16192,0.56696,0.43821,-0.44444,-0.5105,-0.47323,-0.44226,-0.067487,-0.10656,0.045795,0.096641,0.30576,0.37851,0.21609,0.35443,-0.011105,-0.0011761,0.34804,0.2118,0.51016,0.65694,-0.15349,0.30329,-0.44332,-0.36215,-0.24671,-0.13628,-0.16914,-0.42967
0.38348,0.55951,-0.23055,0.012947,-0.1465,-0.1299,-0.052375,0.19598,0.053623,0.02486,0.28484,0.20933,0.30012,0.11153,-0.056877,-0.13807,0.77844,1,0.24467,0.48626,-0.023174,0.095522,-0.3539,-0.23709,-0.41208,-0.2688,-0.32804,-0.31222,0.47547,0.42424,0.060866,0.07109,0.17601,0.39127,-0.48976,-0.47343,-0.098493,0.026197,-0.19939,-0.18194,-0.065273,0.046748,-0.40759,-0.4095,-0.37936,-0.36948,-0.29488,-0.45021,-0.13964,-0.082142,-0.50064,-0.38922,-0.22026,-0.28265,-0.19434,-0.22559,0.58526,0.3151,-0.33081,-0.29312,-0.1858,-0.006253,0.50213,0.598,-0.46029,-0.39247,-0.56106,-0.35902,-0.094395,-0.080859,0.014323,0.041513,0.16558,0.29792,0.10105,0.25228,-0.067129,-0.015252,0.34167,0.26722,0.48031,0.72771,-0.20586,0.28642,-0.45648,-0.34105,-0.23139,-0.14391,-0.20849,-0.42856
0.47974,0.3967,0.42204,-0.12352,0.014218,-0.075097,0.48685,-0.14982,-0.0067561,-0.14249,0.43165,-0.19417,0.3329,-0.18115,0.016307,-0.27308,0.52392,0.24467,1,0.57257,-0.11154,-0.22409,0.27548,-0.25959,-0.27242,-0.41635,-0.12698,-0.16091,0.16757,0.015015,-0.17292,-0.2442,0.2365,0.081542,-0.12642,-0.27204,0.11968,0.1019,-0.075957,-0.10142,0.028211,-0.0041746,-0.11479,-0.31083,-5.6612e-005,-0.32663,-0.036571,-0.06068,0.013605,-0.076055,-0.08842,-0.21636,0.013439,-0.0050938,0.092843,0.014463,0.24288,0.10297,0.062349,-0.19988,0.23676,-0.26724,0.4176,0.069604,-0.0050496,-0.32251,-0.0058032,-0.27396,0.12457,0.090707,-0.059503,-0.030105,0.2403,0.1237,0.24561,0.28424,0.26118,0.18967,-0.06885,-0.13044,-0.039982,0.12043,-0.16746,0.095626,-0.057488,-0.12265,-0.15541,-0.034992,0.10865,-0.15403
0.41149,0.43676,0.011841,0.27237,0.016106,-0.1172,0.11988,0.28768,0.036558,-0.063212,0.21819,0.029042,0.076379,-0.12336,0.03501,-0.15308,0.63497,0.48626,0.57257,1,-0.0377,-0.010407,-0.2322,-0.19072,-0.41594,-0.36275,-0.34551,-0.37234,0.35042,0.39173,0.016361,-0.0081131,0.43768,0.5201,-0.58007,-0.45066,-0.016343,0.082223,-0.11434,-0.14632,-0.01792,0.069285,-0.42631,-0.40685,-0.16899,-0.096361,-0.26791,-0.26162,0.15758,0.026851,-0.36826,-0.26606,-0.0834,-0.18596,-0.02065,-0.029923,0.50754,0.23522,0.049251,-0.020308,0.0138,0.08048,0.55737,0.42523,-0.41522,-0.42438,-0.27002,-0.10858,0.11387,0.14713,-0.15703,-0.017301,0.094147,0.23634,0.037494,0.13078,-0.03944,0.090578,0.12004,0.02427,0.26065,0.44428,-0.07309,0.39227,-0.37857,-0.29215,-0.15473,-0.031622,-0.14662,-0.39777
-0.06869,-0.0063371,-0.11867,-0.014682,0.1255,0.20102,-0.094967,0.013408,0.076059,0.25684,-0.12075,0.012639,-0.12908,-0.029466,0.33363,0.22718,0.061901,-0.023174,-0.11154,-0.0377,1,0.79841,-0.049803,0.097492,0.52547,0.5686,0.3914,0.26705,0.3092,0.42853,0.29573,0.33904,-0.16702,-0.16369,-0.015861,0.012605,-0.017875,-0.30133,0.29234,0.050877,0.29693,0.18893,-0.25008,0.12004,-0.098184,0.0024902,0.067634,-0.044572,-0.030611,0.0030094,-0.10161,0.017853,-0.2939,-0.14038,-0.24319,-0.15514,0.077044,0.13941,0.033515,0.10852,-0.11425,0.064851,-0.14758,-0.060416,-0.08089,0.042188,0.0027059,-0.0378,0.16488,0.095544,0.45211,0.29075,0.29249,0.24138,0.14313,0.12486,0.12903,0.083477,0.21767,0.2847,0.35998,0.29008,0.47035,0.23742,0.058969,0.069477,0.28228,-0.0081753,-0.23642,-0.080421
-0.1949,-0.12369,-0.26363,-0.041882,0.12376,0.21148,-0.21064,-0.0014529,0.14156,0.31213,-0.12138,0.050851,-0.087577,-0.032365,0.3373,0.25271,0.10823,0.095522,-0.22409,-0.010407,0.79841,1,-0.1837,0.083505,0.3854,0.53053,0.3075,0.2571,0.38939,0.44506,0.42084,0.45815,-0.094774,-0.058304,-0.14702,-0.06737,-0.14941,-0.27711,0.15171,0.0033877,0.10473,0.11275,-0.3434,0.12144,-0.27103,-0.067907,0.027993,-0.11732,-0.14239,-0.056335,-0.18037,-0.17849,-0.21939,-0.1654,-0.30942,-0.19907,0.031436,0.0026937,-0.16504,-0.046032,-0.26274,-0.018534,-0.10778,-0.0042935,-0.21305,-0.13679,-0.16924,-0.13152,0.23627,0.13278,0.55825,0.47368,0.23429,0.27928,0.072865,0.087225,0.017407,-0.00065053,0.347,0.38513,0.47318,0.38357,0.36563,0.21543,0.0046195,-0.10979,0.16112,-0.11435,-0.26185,-0.17645
-0.15238,-0.24341,0.74332,0.10066,0.080687,-0.021777,0.26575,-0.36004,-0.20949,-0.27098,0.033646,-0.29994,-0.066567,-0.28745,-0.060182,-0.13922,-0.27457,-0.3539,0.27548,-0.2322,-0.049803,-0.1837,1,0.4642,0.29535,0.1261,0.22743,0.22031,-0.21436,-0.42942,0.17345,0.11932,0.046813,-0.32643,0.57854,0.45061,-0.057221,-0.14131,-0.096692,-0.15689,-0.10242,-0.26684,0.34436,0.29318,0.31325,-0.058868,0.10657,0.077121,0.0039248,-0.079622,0.3284,0.14254,-0.045102,0.029314,0.056025,-0.10272,-0.25314,-0.09855,0.1402,-0.065554,0.11007,-0.27063,-0.037934,-0.38053,0.66668,0.20189,0.4309,0.042454,0.336,0.27107,0.1888,-0.02268,-0.091258,-0.30354,-0.17982,-0.20851,0.079362,-0.085208,0.028426,-0.0092678,-0.18719,-0.37874,-0.090553,-0.38939,0.51392,0.17807,-0.0061319,0.059813,0.21198,0.20735
-0.45515,-0.285,0.095863,0.62034,0.13735,0.18941,-0.25717,0.27098,-0.045752,0.12087,-0.28667,0.33349,-0.27015,0.19708,0.081017,0.33739,-0.37606,-0.23709,-0.25959,-0.19072,0.097492,0.083505,0.4642,1,0.2641,0.38841,0.26984,0.27573,-0.11251,-0.12496,0.39716,0.44846,0.15455,0.050374,0.34381,0.58435,-0.26131,-0.18334,-0.20934,-0.24941,-0.15345,-0.23542,0.29887,0.439,0.20278,0.23019,0.0037549,-0.049616,-0.054986,-0.026668,0.19636,0.29061,-0.15751,-0.12782,-0.20419,-0.2684,-0.27297,-0.20034,-0.040465,0.1023,-0.1442,0.28355,-0.098209,-0.042463,0.29492,0.43239,0.29959,0.37556,0.30621,0.27686,0.082919,-0.033042,-0.1676,-0.22273,-0.31131,-0.27177,-0.090447,-0.062956,0.23731,0.12123,0.044622,-0.086132,-0.020389,-0.10761,0.35172,0.31785,-0.09045,-0.047127,0.01792,0.26691
-0.32787,-0.33958,0.12749,-0.13557,0.068039,0.039468,-0.09327,-0.27032,-0.1221,-0.035644,-0.16291,-0.11492,-0.22894,-0.016336,0.27986,0.23935,-0.37793,-0.41208,-0.27242,-0.41594,0.52547,0.3854,0.29535,0.2641,1,0.89324,0.48449,0.3002,0.10065,0.23438,0.33348,0.39599,-0.47273,-0.63112,0.47896,0.38392,-0.085963,-0.50391,0.38036,0.052738,0.12205,0.031676,0.067872,0.61383,0.12079,0.14975,0.40758,0.32956,-0.060878,-0.057681,0.29429,0.23436,-0.23019,0.12879,-0.30242,-0.20607,-0.35889,-0.14849,0.095556,0.087161,-0.1355,-0.18199,-0.55186,-0.5517,0.35443,0.32128,0.25024,0.040991,0.24706,0.25238,0.50008,0.25002,0.21742,0.12886,0.082394,-0.022385,0.21134,0.086638,0.10278,0.38881,0.24707,-0.045903,0.5644,-0.15312,0.34846,0.19335,0.40667,-0.00081501,-0.33329,0.013312
-0.43067,-0.38412,-0.073897,0.027537,-0.015764,0.0062791,-0.26968,-0.078582,-0.14319,0.011658,-0.21243,0.096068,-0.26216,0.12653,0.27969,0.29868,-0.31404,-0.2688,-0.41635,-0.36275,0.5686,0.53053,0.1261,0.38841,0.89324,1,0.39327,0.21433,0.30216,0.40659,0.52786,0.62583,-0.42314,-0.46497,0.32171,0.3512,-0.26849,-0.61397,0.24231,-0.059935,0.0019955,-0.05928,-0.063718,0.61239,0.01461,0.18529,0.29907,0.13125,-0.14581,-0.072366,0.1462,0.20087,-0.37358,-0.0042229,-0.49999,-0.39092,-0.35115,-0.21772,-0.038852,0.04092,-0.30706,-0.069715,-0.47382,-0.4167,0.14044,0.27757,0.13103,0.086811,0.26631,0.23989,0.62313,0.33889,0.22696,0.19245,0.035885,-0.052664,0.114,0.020879,0.30768,0.56198,0.42943,0.12915,0.54484,-0.10668,0.23168,0.070968,0.32732,-0.097605,-0.46868,-0.07945
-0.23513,-0.14572,0.047227,-0.064703,0.66167,0.67813,-0.02434,-0.2172,0.51668,0.55955,-0.22953,-0.12935,-0.092099,-0.082312,0.48562,0.46473,-0.23295,-0.32804,-0.12698,-0.34551,0.3914,0.3075,0.22743,0.26984,0.48449,0.39327,1,0.82325,-0.21248,-0.13916,0.02923,0.055569,-0.16482,-0.26576,0.43337,0.3613,0.037922,0.030451,0.15114,0.17746,0.16702,0.096717,0.30907,0.3201,0.1387,0.0088316,0.28168,0.25356,-0.05734,-0.06395,0.24959,0.14207,0.11956,0.15755,0.078992,0.18729,-0.18522,-0.089924,0.15308,0.17446,0.10383,-0.029965,-0.32458,-0.28515,0.29594,0.2344,0.42603,0.20645,0.072001,-0.08568,0.101,0.033268,0.032572,-0.036434,0.077939,0.074768,0.037264,0.0014098,-0.032622,-0.055172,-0.057702,-0.10032,0.19017,-0.031209,0.39325,0.31239,0.11345,0.11969,0.1749,0.42866
-0.19429,-0.075957,0.018744,0.030642,0.66314,0.74906,-0.10574,-0.18376,0.53543,0.59752,-0.31051,-0.12289,-0.14871,-0.065201,0.36229,0.45439,-0.26726,-0.31222,-0.16091,-0.37234,0.26705,0.2571,0.22031,0.27573,0.3002,0.21433,0.82325,1,-0.38826,-0.30049,-0.21321,-0.17866,-0.1863,-0.23279,0.43493,0.42451,0.26541,0.26594,0.28656,0.41505,0.3648,0.32342,0.38597,0.13131,0.19708,0.0033286,0.11395,0.20361,-0.026366,0.007743,0.26777,0.22784,0.27749,0.10119,0.21058,0.32869,-0.13411,-0.039549,0.17816,0.27514,0.076889,0.038873,-0.25651,-0.2249,0.33948,0.31077,0.4977,0.30121,-0.07829,-0.27099,-0.10167,-0.08518,-0.041604,-0.10256,0.081582,0.08031,0.041565,0.079513,-0.24227,-0.27778,-0.25699,-0.16719,0.24569,0.14297,0.45715,0.49919,0.29288,0.29817,0.30927,0.63365
0.10142,0.15472,-0.17038,-0.029995,-0.23849,-0.26385,0.045141,0.1348,-0.10642,-0.079801,0.34154,0.24211,0.32019,0.2188,0.17567,-0.037358,0.60108,0.47547,0.16757,0.35042,0.3092,0.38939,-0.21436,-0.11251,0.10065,0.30216,-0.21248,-0.38826,1,0.78117,0.52669,0.55449,0.044512,0.14756,-0.41906,-0.42773,-0.29834,-0.40403,-0.11519,-0.31652,-0.11911,-0.11643,-0.56402,-0.043028,-0.40409,-0.27792,-0.010585,-0.35412,-0.19464,-0.21458,-0.38432,-0.3508,-0.50514,-0.33398,-0.47617,-0.50915,0.20039,0.028181,-0.27762,-0.35251,-0.33523,-0.17415,0.24643,0.20228,-0.47218,-0.38281,-0.5177,-0.45088,0.16207,0.13686,0.53884,0.33374,0.44333,0.52572,0.23209,0.23962,0.013737,-0.098201,0.61217,0.66927,0.79913,0.66788,0.15862,0.11094,-0.37013,-0.51927,-0.089535,-0.30296,-0.4962,-0.61128
-0.0095681,0.18266,-0.35995,0.098509,-0.14375,-0.083334,-0.23944,0.30535,-0.018418,0.12062,-0.011505,0.29174,0.0031613,0.2351,0.35856,0.26559,0.45335,0.42424,0.015015,0.39173,0.42853,0.44506,-0.42942,-0.12496,0.23438,0.40659,-0.13916,-0.30049,0.78117,1,0.29062,0.40135,-0.059647,0.15537,-0.46114,-0.35214,-0.084099,-0.30125,0.21986,-0.067912,0.13432,0.18886,-0.53586,-0.05372,-0.38372,-0.14188,0.10387,-0.12748,-0.17809,-0.21859,-0.49416,-0.29642,-0.41968,-0.27837,-0.46886,-0.32747,0.15894,0.066284,-0.25335,-0.17682,-0.39481,0.023592,0.064882,0.21858,-0.6118,-0.29462,-0.44594,-0.27275,0.071154,0.055276,0.36678,0.23997,0.46052,0.61066,0.32389,0.34019,0.145,0.14723,0.31675,0.52117,0.68058,0.74308,0.42754,0.47025,-0.37654,-0.29004,0.16484,-0.14641,-0.60085,-0.52722
-0.28791,-0.31742,-0.02164,0.10482,-0.20498,-0.23832,-0.02828,0.042801,-0.29497,-0.19874,0.23031,0.24221,0.10776,0.10642,0.0078131,-0.078324,0.05214,0.060866,-0.17292,0.016361,0.29573,0.42084,0.17345,0.39716,0.33348,0.52786,0.02923,-0.21321,0.52669,0.29062,1,0.96333,0.13153,0.020863,-0.026639,0.046025,-0.77273,-0.69998,-0.48647,-0.64602,-0.60475,-0.63541,-0.30529,0.45401,-0.10711,0.025892,-0.15941,-0.39505,-0.090163,-0.08702,0.027945,-0.069844,-0.57431,-0.2377,-0.60307,-0.68475,-0.16534,-0.20217,-0.2554,-0.27817,-0.26594,-0.10648,0.091747,0.0041055,0.020622,-0.042893,-0.25234,-0.18202,0.56252,0.61137,0.65608,0.41659,-0.062197,0.0085699,-0.36796,-0.35994,-0.31433,-0.40648,0.82015,0.76894,0.64479,0.21729,-0.077229,-0.38317,-0.053197,-0.44556,-0.3106,-0.46797,-0.45382,-0.46672
-0.34342,-0.32415,-0.094539,0.17449,-0.16819,-0.17842,-0.15267,0.094023,-0.23872,-0.12594,0.13812,0.30173,0.054286,0.16486,0.10127,0.053371,0.0096232,0.07109,-0.2442,-0.0081131,0.33904,0.45815,0.11932,0.44846,0.39599,0.62583,0.055569,-0.17866,0.55449,0.40135,0.96333,1,0.047816,-0.01256,-0.020796,0.09047,-0.72512,-0.70925,-0.37504,-0.56765,-0.52677,-0.54169,-0.30487,0.47174,-0.13636,0.0075905,-0.087471,-0.35069,-0.18084,-0.17287,-0.051419,-0.095503,-0.59623,-0.29554,-0.63858,-0.67878,-0.18935,-0.21317,-0.29555,-0.26907,-0.35258,-0.062203,0.043492,-0.0015188,-0.047373,-0.018794,-0.23578,-0.14303,0.53019,0.5659,0.66125,0.40127,-0.034323,0.04787,-0.30514,-0.30995,-0.28907,-0.3729,0.77676,0.7938,0.67805,0.28856,0.040879,-0.27855,-0.042066,-0.40654,-0.20964,-0.43375,-0.51598,-0.45075
-0.10051,0.032677,-0.015487,0.25952,0.021017,0.005727,0.091632,0.28093,0.048458,0.067327,-0.11563,0.049801,-0.038841,-0.090595,-0.15894,-0.18399,0.2298,0.17601,0.2365,0.43768,-0.16702,-0.094774,0.046813,0.15455,-0.47273,-0.42314,-0.16482,-0.1863,0.044512,-0.059647,0.13153,0.047816,1,0.82735,-0.24161,-0.083853,-0.13537,0.22289,-0.43922,-0.35595,-0.18617,-0.20001,0.020419,-0.23022,-0.072709,-0.14505,-0.1742,-0.20651,-0.08334,-0.1453,-0.31191,-0.17875,-0.063139,-0.27744,-0.014554,-0.10583,0.11314,-0.054857,-0.30473,-0.30275,-0.041068,0.096989,0.38625,0.39657,-0.25324,-0.31535,-0.14658,0.0065264,0.21086,0.18609,-0.23496,-0.17176,-0.037664,0.027015,-0.20713,-0.05773,-0.063666,-0.019639,0.15809,-0.13283,-0.023114,0.11026,-0.52644,-0.0068674,-0.305,-0.22283,-0.54781,-0.29288,0.052574,-0.22441
-0.052359,0.18627,-0.31972,0.34754,-0.00012246,0.059851,-0.10698,0.51035,0.14041,0.2111,-0.17364,0.24872,-0.043814,0.093531,-0.097467,-0.055392,0.36793,0.39127,0.081542,0.5201,-0.16369,-0.058304,-0.32643,0.050374,-0.63112,-0.46497,-0.26576,-0.23279,0.14756,0.15537,0.020863,-0.01256,0.82735,1,-0.46809,-0.23524,-0.067673,0.32389,-0.37758,-0.24264,-0.086452,-0.043285,-0.10456,-0.38537,-0.17893,-0.09458,-0.28311,-0.31523,-0.067695,-0.074271,-0.47545,-0.18633,-0.051285,-0.33076,-0.048457,-0.072542,0.24274,0.0018851,-0.35003,-0.23262,-0.16609,0.26365,0.43109,0.62051,-0.52797,-0.34589,-0.30312,0.050515,-0.033726,-0.066425,-0.33186,-0.19501,-0.030878,0.13536,-0.10379,0.052684,-0.15389,-0.002095,0.13029,-0.14432,0.066343,0.35371,-0.44782,0.2572,-0.4649,-0.22142,-0.47682,-0.21833,-0.015363,-0.23
-0.36247,-0.41326,0.24376,-0.1664,0.070707,0.059546,-0.013313,-0.45819,-0.10143,-0.13835,-0.23021,-0.25558,-0.18006,-0.076139,-0.12902,-0.034715,-0.53939,-0.48976,-0.12642,-0.58007,-0.015861,-0.14702,0.57854,0.34381,0.47896,0.32171,0.43337,0.43493,-0.41906,-0.46114,-0.026639,-0.020796,-0.24161,-0.46809,1,0.81582,0.055339,-0.075688,0.086513,0.073788,0.025136,-0.11846,0.66489,0.51805,0.61344,0.14783,0.35001,0.34829,-0.095678,-0.074248,0.51621,0.34372,0.04633,0.059665,0.005695,-0.056678,-0.43676,-0.34969,0.063047,0.02677,0.039222,-0.23646,-0.41823,-0.53716,0.70896,0.45241,0.65236,0.33488,0.076566,0.031968,0.036126,-0.10838,-0.14505,-0.3114,-0.094687,-0.19386,0.22955,0.1317,-0.1484,-0.09538,-0.2772,-0.44663,-0.0077549,-0.42077,0.61775,0.3719,0.10886,0.051071,0.19424,0.38907
-0.55983,-0.45986,0.05699,0.208,0.10701,0.16797,-0.25907,-0.14228,-0.084239,0.0052933,-0.42749,-0.001084,-0.37186,0.077794,-0.065528,0.17707,-0.60266,-0.47343,-0.27204,-0.45066,0.012605,-0.06737,0.45061,0.58435,0.38392,0.3512,0.3613,0.42451,-0.42773,-0.35214,0.046025,0.09047,-0.083853,-0.23524,0.81582,1,-0.0049643,-0.029947,0.057387,0.031672,0.026452,-0.078506,0.64974,0.50861,0.57691,0.2976,0.17925,0.23787,-0.11884,-0.077598,0.38524,0.41224,-0.015407,-0.054446,-0.11761,-0.11793,-0.51421,-0.40699,-0.025353,0.088066,-0.13458,0.019853,-0.36369,-0.37484,0.51123,0.49495,0.64591,0.54734,0.15029,0.084013,-0.07463,-0.18048,-0.22061,-0.31546,-0.19147,-0.24745,0.14876,0.16329,-0.12614,-0.090045,-0.27908,-0.33938,0.045032,-0.20704,0.57338,0.47773,0.10181,0.068349,0.093189,0.42063
0.15943,0.24355,0.0089984,-0.043607,0.21595,0.26225,-0.0279,-0.046406,0.31385,0.245,-0.31638,-0.29363,-0.17104,-0.17764,0.18278,0.17784,-0.057115,-0.098493,0.11968,-0.016343,-0.017875,-0.14941,-0.057221,-0.26131,-0.085963,-0.26849,0.037922,0.26541,-0.29834,-0.084099,-0.77273,-0.72512,-0.13537,-0.067673,0.055339,-0.0049643,1,0.71896,0.73771,0.78333,0.82289,0.77498,0.23214,-0.43376,0.018453,-0.2098,0.33563,0.46908,-0.094119,-0.11602,-0.16031,-0.011543,0.4361,0.038259,0.623,0.6983,0.14843,0.19916,0.13778,0.18786,0.075584,0.032622,-0.16123,-0.069827,-0.06868,0.027233,0.16956,0.035019,-0.44251,-0.5214,-0.42677,-0.35858,0.216,0.10744,0.42033,0.439,0.38377,0.36975,-0.73998,-0.62663,-0.47419,-0.099347,0.3504,0.50376,0.16107,0.39262,0.52257,0.50695,0.44048,0.39981
0.14996,0.25019,-0.085292,0.078741,0.31955,0.37888,-0.037434,0.09573,0.44144,0.37768,-0.23807,-0.14767,-0.038284,-0.11617,0.07359,0.1815,0.031009,0.026197,0.1019,0.082223,-0.30133,-0.27711,-0.14131,-0.18334,-0.50391,-0.61397,0.030451,0.26594,-0.40403,-0.30125,-0.69998,-0.70925,0.22289,0.32389,-0.075688,-0.029947,0.71896,1,0.28224,0.57822,0.51183,0.5521,0.31995,-0.50305,-0.0097037,-0.23037,0.078128,0.2623,-0.028827,-0.081612,-0.18391,-0.094197,0.48507,-0.04279,0.70365,0.73039,0.23551,0.17473,0.038853,0.12411,0.13374,0.16102,0.085901,0.20754,-0.1041,-0.059752,0.078889,0.10091,-0.40413,-0.46274,-0.64753,-0.44504,-0.038057,-0.040276,0.20414,0.2818,0.098124,0.17799,-0.5625,-0.70923,-0.50709,-0.10637,-0.09259,0.3976,0.042744,0.31515,0.10057,0.43313,0.58882,0.46308
0.040155,0.081465,-0.032935,-0.0588,0.14537,0.22382,-0.17659,-0.08737,0.16091,0.18816,-0.27561,-0.20034,-0.25255,-0.10428,0.33374,0.32018,-0.17992,-0.19939,-0.075957,-0.11434,0.29234,0.15171,-0.096692,-0.20934,0.38036,0.24231,0.15114,0.28656,-0.11519,0.21986,-0.48647,-0.37504,-0.43922,-0.37758,0.086513,0.057387,0.73771,0.28224,1,0.83064,0.81383,0.80113,-0.01314,-0.18554,-0.010582,-0.078252,0.30718,0.42632,-0.11165,-0.12109,-0.13205,0.025983,0.12637,-0.0070987,0.28972,0.4696,-0.0022195,0.16043,0.14707,0.24546,-0.086325,-0.011309,-0.39457,-0.27812,-0.045629,0.14801,0.14541,0.016767,-0.26835,-0.29443,-0.063667,-0.14304,0.23034,0.15839,0.39766,0.31339,0.303,0.26833,-0.57665,-0.28977,-0.21317,-0.029488,0.81517,0.53362,0.19061,0.3393,0.85079,0.50323,0.024056,0.25298
0.10531,0.1308,-0.058539,-0.040355,0.24073,0.33907,-0.1434,-0.097707,0.30738,0.28212,-0.25717,-0.21478,-0.1678,-0.10545,0.25809,0.28712,-0.18547,-0.18194,-0.10142,-0.14632,0.050877,0.0033877,-0.15689,-0.24941,0.052738,-0.059935,0.17746,0.41505,-0.31652,-0.067912,-0.64602,-0.56765,-0.35595,-0.24264,0.073788,0.031672,0.78333,0.57822,0.83064,1,0.76931,0.80062,0.13431,-0.3357,0.026646,-0.12539,0.16044,0.35929,-0.081884,-0.090644,-0.093297,0.0031869,0.33229,0.037699,0.51033,0.70027,0.092349,0.1849,0.19084,0.30143,0.028908,0.029174,-0.28122,-0.18873,-0.0222,0.11374,0.18722,0.10016,-0.40632,-0.48991,-0.29685,-0.29316,0.030523,-0.010169,0.31909,0.23209,0.13319,0.13589,-0.66341,-0.51827,-0.43008,-0.1736,0.59042,0.47834,0.16828,0.3339,0.75083,0.59515,0.29358,0.48192
0.12613,0.30415,-0.076628,0.079943,0.24923,0.37374,-0.14296,0.049624,0.3019,0.34417,-0.31266,-0.10057,-0.21614,-0.027819,0.3217,0.32673,-0.017666,-0.065273,0.028211,-0.01792,0.29693,0.10473,-0.10242,-0.15345,0.12205,0.0019955,0.16702,0.3648,-0.11911,0.13432,-0.60475,-0.52677,-0.18617,-0.086452,0.025136,0.026452,0.82289,0.51183,0.81383,0.76931,1,0.86475,0.082033,-0.37849,-0.0085818,-0.11693,0.21355,0.30061,-0.035388,-0.037741,-0.20124,0.05454,0.2104,-0.055222,0.427,0.53285,0.19223,0.30244,0.17252,0.29279,-0.023482,0.14024,-0.17913,-0.0084668,-0.12457,0.12271,0.17596,0.10238,-0.39783,-0.45803,-0.27415,-0.293,0.33847,0.23613,0.50084,0.44717,0.30579,0.33166,-0.57252,-0.44867,-0.28054,0.067768,0.59127,0.6063,0.14066,0.45213,0.67358,0.5571,0.24054,0.40138
0.14842,0.29421,-0.13934,0.06697,0.24576,0.35222,-0.23445,0.053463,0.33911,0.37295,-0.27751,-0.10334,-0.20334,-0.04728,0.33333,0.36873,0.039439,0.046748,-0.0041746,0.069285,0.18893,0.11275,-0.26684,-0.23542,0.031676,-0.05928,0.096717,0.32342,-0.11643,0.18886,-0.63541,-0.54169,-0.20001,-0.043285,-0.11846,-0.078506,0.77498,0.5521,0.80113,0.80062,0.86475,1,-0.00013612,-0.39482,-0.15088,-0.13599,0.17685,0.31958,-0.068516,-0.074262,-0.2592,-0.062736,0.28812,-0.023488,0.37114,0.55912,0.23603,0.26605,0.084746,0.22374,-0.091081,0.074904,-0.12781,-0.0017382,-0.23735,-0.019769,0.025758,0.054906,-0.41142,-0.45784,-0.31545,-0.25775,0.28895,0.30046,0.47737,0.48272,0.26264,0.32398,-0.60088,-0.43755,-0.22519,0.14953,0.58429,0.68476,0.060554,0.38755,0.6447,0.52591,0.13461,0.31482
-0.31611,-0.28564,0.11857,0.018929,0.15165,0.13371,-0.052466,-0.19134,0.047225,0.032149,-0.35397,-0.13391,-0.22912,-0.0022383,-0.16018,0.070972,-0.49132,-0.40759,-0.11479,-0.42631,-0.25008,-0.3434,0.34436,0.29887,0.067872,-0.063718,0.30907,0.38597,-0.56402,-0.53586,-0.30529,-0.30487,0.020419,-0.10456,0.66489,0.64974,0.23214,0.31995,-0.01314,0.13431,0.082033,-0.00013612,1,0.41542,0.53053,0.1972,0.34737,0.4383,0.033547,-0.056124,0.46869,0.3639,0.32909,0.11195,0.26996,0.2156,-0.31789,-0.29285,0.10314,0.10071,0.093892,0.013788,-0.30263,-0.26571,0.46773,0.33407,0.55614,0.39421,-0.10887,-0.13871,-0.35181,-0.30119,-0.17144,-0.2935,-0.042565,-0.094588,0.2399,0.25341,-0.31727,-0.36094,-0.47562,-0.44517,-0.21153,-0.23395,0.42629,0.42708,-0.035798,0.12799,0.35086,0.45337
-0.45981,-0.55737,0.054808,-0.061149,-0.058641,-0.12682,-0.13949,-0.25095,-0.24371,-0.19659,-0.11165,-0.012162,-0.22403,0.036786,-0.0026758,0.074602,-0.46041,-0.4095,-0.31083,-0.40685,0.12004,0.12144,0.29318,0.439,0.61383,0.61239,0.3201,0.13131,-0.043028,-0.05372,0.45401,0.47174,-0.23022,-0.38537,0.51805,0.50861,-0.43376,-0.50305,-0.18554,-0.3357,-0.37849,-0.39482,0.41542,1,0.2276,0.36997,0.37232,0.35774,0.053344,0.01733,0.52797,0.31648,-0.084697,0.20912,-0.29939,-0.33169,-0.45331,-0.38765,0.041709,-0.013761,-0.12585,-0.16385,-0.42271,-0.48763,0.42483,0.28094,0.27011,0.16857,0.36362,0.41769,0.35816,0.27926,-0.061245,-0.066653,-0.21515,-0.25579,0.079004,0.03197,0.30234,0.39871,0.19018,-0.20186,0.015143,-0.48227,0.36859,0.11091,-0.092629,-0.21194,-0.20838,-0.016105
-0.078389,-0.12745,0.11749,0.028518,0.053431,-0.0099715,0.096085,-0.12791,-0.18494,-0.173,-0.11683,0.0070035,-0.085143,0.11348,-0.31024,-0.11476,-0.33875,-0.37936,-5.6612e-005,-0.16899,-0.098184,-0.27103,0.31325,0.20278,0.12079,0.01461,0.1387,0.19708,-0.40409,-0.38372,-0.10711,-0.13636,-0.072709,-0.17893,0.61344,0.57691,0.018453,-0.0097037,-0.010582,0.026646,-0.0085818,-0.15088,0.53053,0.2276,1,0.5213,-0.082077,0.023686,0.37812,0.28814,0.54991,0.50878,-0.026177,0.071234,0.037787,-0.061272,-0.21003,-0.13822,0.35033,0.33944,0.33744,0.16375,-0.14641,-0.14984,0.56474,0.53986,0.65675,0.48494,0.013985,0.049981,-0.2198,-0.26258,-0.26406,-0.40669,-0.19696,-0.2954,0.11234,0.16611,-0.15997,-0.20352,-0.3478,-0.42195,-0.045545,-0.17484,0.34501,0.34006,0.077324,0.16466,0.12558,0.29634
-0.18731,-0.17525,-0.090278,0.21054,-0.029373,-0.065935,-0.14349,0.15882,-0.25436,-0.13191,-0.21009,0.18722,-0.37713,0.13828,-0.18159,0.0027503,-0.38608,-0.36948,-0.32663,-0.096361,0.0024902,-0.067907,-0.058868,0.23019,0.14975,0.18529,0.0088316,0.0033286,-0.27792,-0.14188,0.025892,0.0075905,-0.14505,-0.09458,0.14783,0.2976,-0.2098,-0.23037,-0.078252,-0.12539,-0.11693,-0.13599,0.1972,0.36997,0.5213,1,-0.18086,0.010643,0.6187,0.67688,0.50291,0.64164,0.031514,0.33012,-0.11767,-0.12481,-0.21078,-0.061502,0.44593,0.51679,0.17992,0.39651,-0.23384,-0.1003,0.24629,0.45327,0.39963,0.58101,-0.036348,0.11081,-0.14376,-0.021434,-0.14578,-0.13186,-0.17402,-0.26799,-0.058626,0.13868,-0.039919,-0.055564,-0.18244,-0.29788,0.081154,-0.076136,0.17625,0.31911,0.073066,0.089259,-0.082586,0.1822
-0.24807,-0.31928,0.016665,-0.28926,0.1237,0.04963,-0.098685,-0.30102,0.21163,0.092545,-0.32361,-0.35394,-0.17827,-0.17009,0.28415,0.20139,-0.25869,-0.29488,-0.036571,-0.26791,0.067634,0.027993,0.10657,0.0037549,0.40758,0.29907,0.28168,0.11395,-0.010585,0.10387,-0.15941,-0.087471,-0.1742,-0.28311,0.35001,0.17925,0.33563,0.078128,0.30718,0.16044,0.21355,0.17685,0.34737,0.37232,-0.082077,-0.18086,1,0.78489,-0.31643,-0.38448,0.010836,-0.15065,0.2634,0.099278,0.18517,0.23065,-0.22025,-0.27413,-0.085481,-0.15162,-0.13055,-0.30443,-0.45873,-0.46496,0.041332,-0.082486,0.14526,-0.0794,0.019521,-0.039617,0.10919,0.060893,0.30008,0.21553,0.33072,0.29632,0.41309,0.29826,-0.2196,-0.021504,-0.0085259,-0.037309,0.12398,-0.071736,0.21637,0.086367,0.087349,-0.020356,0.095686,0.018564
-0.18297,-0.30233,0.087118,-0.25062,0.16545,0.084055,-0.10297,-0.31975,0.16076,0.048537,-0.34429,-0.42791,-0.31953,-0.27495,0.21138,0.19709,-0.40534,-0.45021,-0.06068,-0.26162,-0.044572,-0.11732,0.077121,-0.049616,0.32956,0.13125,0.25356,0.20361,-0.35412,-0.12748,-0.39505,-0.35069,-0.20651,-0.31523,0.34829,0.23787,0.46908,0.2623,0.42632,0.35929,0.30061,0.31958,0.4383,0.35774,0.023686,0.010643,0.78489,1,-0.14069,-0.23029,0.14961,-0.016261,0.48022,0.35038,0.36805,0.4758,-0.25278,-0.20943,0.082315,0.025689,0.013588,-0.24436,-0.51992,-0.53433,0.13968,0.012869,0.22473,0.031202,-0.058774,-0.098945,-0.14282,-0.03954,0.12292,0.084827,0.215,0.19232,0.37941,0.34343,-0.4986,-0.34016,-0.30496,-0.32008,0.17964,0.008443,0.2814,0.31292,0.20804,0.16202,0.19122,0.21623
0.3059,0.18024,0.12529,0.093549,0.086948,-0.088748,0.14172,0.033964,-0.19388,-0.17733,0.15169,-0.022545,-0.1023,-0.080675,-0.26138,-0.15427,0.0090775,-0.13964,0.013605,0.15758,-0.030611,-0.14239,0.0039248,-0.054986,-0.060878,-0.14581,-0.05734,-0.026366,-0.19464,-0.17809,-0.090163,-0.18084,-0.08334,-0.067695,-0.095678,-0.11884,-0.094119,-0.028827,-0.11165,-0.081884,-0.035388,-0.068516,0.033547,0.053344,0.37812,0.6187,-0.31643,-0.14069,1,0.75733,0.55153,0.47414,0.19319,0.39243,0.22171,0.097869,0.26121,0.3428,0.73061,0.61457,0.45195,0.34236,0.16504,0.077446,0.299,0.27517,0.24123,0.2262,-0.10576,0.083547,-0.22522,-0.016329,-0.12516,-0.10945,-0.1327,-0.18261,-0.069814,0.12592,0.003349,-0.11554,-0.12869,-0.20596,0.0077602,0.0076415,0.04328,0.24181,0.077191,0.30946,0.083149,0.14324
0.2232,0.19518,0.00023372,0.078177,-0.0042339,-0.027592,0.13173,0.14949,-0.18332,-0.088573,0.072365,0.091679,-0.13296,0.044209,-0.27426,-0.18402,-0.022465,-0.082142,-0.076055,0.026851,0.0030094,-0.056335,-0.079622,-0.026668,-0.057681,-0.072366,-0.06395,0.007743,-0.21458,-0.21859,-0.08702,-0.17287,-0.1453,-0.074271,-0.074248,-0.077598,-0.11602,-0.081612,-0.12109,-0.090644,-0.037741,-0.074262,-0.056124,0.01733,0.28814,0.67688,-0.38448,-0.23029,0.75733,1,0.47817,0.64561,0.11992,0.40193,0.1033,0.024219,0.16265,0.28504,0.56845,0.59641,0.42304,0.39242,0.016208,0.1007,0.27811,0.41018,0.23584,0.3654,-0.18902,0.013698,-0.15558,0.023067,-0.057996,-0.074123,-0.10768,-0.11662,-0.097198,0.11038,0.012165,-0.12817,-0.15142,-0.15666,-0.019874,-0.039929,0.030248,0.2899,0.021964,0.2238,0.12808,0.2554
-0.054513,-0.25753,0.19728,-0.14556,0.011891,-0.072028,0.2041,-0.30558,-0.23839,-0.2234,0.089849,-0.109,-0.013036,-0.013,-0.30714,-0.15479,-0.39038,-0.50064,-0.08842,-0.36826,-0.10161,-0.18037,0.3284,0.19636,0.29429,0.1462,0.24959,0.26777,-0.38432,-0.49416,0.027945,-0.051419,-0.31191,-0.47545,0.51621,0.38524,-0.16031,-0.18391,-0.13205,-0.093297,-0.20124,-0.2592,0.46869,0.52797,0.54991,0.50291,0.010836,0.14961,0.55153,0.47817,1,0.62894,0.29535,0.45807,0.11031,-0.020016,-0.25717,-0.17166,0.52513,0.36854,0.39079,-0.0033659,-0.18666,-0.37894,0.70722,0.48633,0.52952,0.3249,0.079921,0.16317,-0.033101,0.027988,-0.2571,-0.3117,-0.24725,-0.32258,0.073481,0.10159,-0.0096279,-0.058261,-0.22115,-0.50176,-0.050195,-0.42114,0.50295,0.3819,0.014947,0.065806,0.20609,0.3526
