1,0.44464,0.31865,-0.18088,-0.27787,-0.1089,0.64713,0.34759,-0.2312,-0.16749,0.61495,0.25967,0.27136,0.27782,-0.27595,-0.20542,0.17666,-0.22057,0.25489,-0.018061,-0.18579,-0.054005,-0.1619,-0.28694,-0.33399,-0.3472,-0.1036,-0.11081,0.023789,0.027668,-0.29746,-0.26026,-0.28366,-0.45923,-0.32798,-0.20832,-0.15595,-0.26035,-0.090862,-0.27545,-0.18389,-0.081787,-0.19629,-0.20884,0.31283,0.10331,-0.24173,-0.23566,0.43284,0.19904,0.20947,0.03452,-0.071249,-0.20209,-0.27535,-0.26126,0.19113,0.010002,0.54528,0.22612,0.51107,0.27079,0.28641,0.32229,0.54146,0.50217,0.1501,-0.16952,-0.10323,-0.096156,-0.088696,-0.10272,-0.052128,-0.11239,0.066366,-0.024332,-0.12778,-0.2715,-0.12039,-0.010642,-0.30411,-0.30356,-0.17791,-0.026663,0.036421,-0.39021,-0.13461,-0.2208,-0.29161,-0.31832
0.44464,1,-0.13925,0.050533,-0.18097,-0.01238,0.12974,0.37105,-0.23252,-0.18943,0.040857,0.23744,-0.063682,0.17525,-0.26908,-0.25379,0.14584,0.25611,0.11859,0.32344,0.11617,0.12107,-0.29755,-0.26162,-0.28429,-0.22835,0.11141,-0.03434,0.080733,0.082583,-0.37172,-0.32987,0.041109,-0.1454,-0.36608,-0.23463,-0.14832,-0.19609,0.033889,-0.19194,-0.031041,0.023701,-0.21572,-0.20566,0.038453,0.091004,-0.22178,-0.18354,0.10459,0.095259,-0.1745,-0.052655,-0.10193,-0.16017,-0.22125,-0.1656,0.53691,0.58823,0.59542,0.48946,0.39482,0.60674,0.19721,0.50978,0.07991,0.36633,0.24506,0.049199,0.40546,0.097524,-0.069719,0.016215,0.04897,0.053433,0.084801,0.028979,0.018108,-0.060173,0.062648,0.10556,0.12427,0.22616,-0.14984,0.16878,-0.22637,-0.19137,-0.27799,-0.31486,-0.3331,-0.33551
0.31865,-0.13925,1,0.4091,0.055543,-0.073277,0.5832,0.1434,0.030923,-0.048909,0.25146,-0.094249,0.34734,-0.020653,0.098715,0.091252,0.053439,-0.25226,0.57056,0.079961,-0.12767,-0.048709,0.67608,0.48644,0.28909,0.16269,-0.0022454,-0.0063441,0.0017172,-0.029825,0.54959,0.49003,-0.085549,0.069447,0.22971,0.0902,-0.019995,-0.079858,-0.03998,-0.059062,0.048985,0.022057,-0.062218,-0.12648,-0.11463,-0.3023,-0.10875,-0.18647,-0.16818,-0.27876,0.20903,0.0057386,-0.19511,-0.21246,-0.12219,-0.18935,0.081395,0.07398,-0.089977,0.11384,0.18164,0.042062,-0.030324,0.070794,0.4025,0.0012265,0.085332,0.034024,-0.12052,0.082754,0.022873,-0.11089,0.084502,0.016328,0.099688,-0.0054165,-0.015903,-0.15089,-0.0028242,0.067068,-0.10011,-0.075778,0.0916,-0.027874,0.4504,0.11668,0.16751,0.080852,0.1087,-0.042608
-0.18088,0.050533,0.4091,1,0.11729,0.1941,0.037445,0.3932,-0.020139,-0.09092,-0.26582,0.16732,0.023084,0.15768,0.040274,0.30084,-0.23464,-0.21122,0.38846,0.45886,0.1315,0.048513,0.59267,0.75808,0.39474,0.38296,0.30274,0.28269,-0.1129,-0.09886,0.4211,0.51026,0.11432,0.42021,0.43378,0.41665,-0.01186,-0.0080488,0.060973,0.12754,0.13939,0.029413,-0.029309,-0.090669,-0.28593,-0.25366,-0.033433,-0.079675,-0.39564,-0.29586,0.069074,0.14302,-0.23971,-0.18172,-0.07006,-0.1228,0.019567,0.23383,-0.16382,0.31303,0.068171,0.16153,-0.086346,0.14101,0.16708,0.080024,0.24248,0.36019,0.19385,0.27202,-0.032607,-0.057445,0.042869,0.0030225,0.027715,0.013011,0.028176,0.14896,-0.010296,-0.067505,0.11028,0.27746,0.095863,0.12238,0.36458,0.57873,0.061647,0.083731,0.1241,0.25776
-0.27787,-0.18097,0.055543,0.11729,1,0.76475,0.056236,0.033252,0.69473,0.7171,-0.066292,-0.017818,0.023815,0.059794,0.50425,0.62298,-0.23108,-0.067238,-0.17652,-0.065218,-0.015757,-0.052682,0.051183,0.078622,0.69996,0.57529,0.41436,0.36505,-0.12665,-0.05857,0.24172,0.13407,-0.080502,0.07725,0.016215,-0.029429,-0.11336,-0.053104,-0.12013,-0.069115,0.069634,-0.068451,0.29353,0.23289,-0.052877,0.01728,0.18376,0.19855,-0.034711,0.049455,-0.014443,-0.10542,0.20222,0.18703,-0.066106,-0.08991,-0.14391,-0.14458,-0.057722,0.061437,-0.14621,-0.039619,0.040742,-0.092682,-0.14354,-0.1432,-0.14116,-0.06433,-0.064216,-0.038336,-0.039858,-0.1155,-0.14047,0.030484,-0.025831,0.17138,-0.12573,-0.17521,-0.2769,-0.36113,0.114,0.053271,0.0929,0.018551,-0.0099784,0.042329,0.2431,0.23976,0.074084,0.27907
-0.1089,-0.01238,-0.073277,0.1941,0.76475,1,0.11998,0.27785,0.42465,0.53042,0.047568,0.2749,0.020436,0.29274,0.22597,0.7078,-0.32248,-0.12543,-0.1889,0.014986,-0.045292,-0.083358,-0.13476,-0.013058,0.53799,0.54873,0.53046,0.56511,-0.16498,-0.043629,0.011657,-0.015083,-0.1171,0.027873,-0.020353,0.08307,-0.23405,-0.17283,-0.18297,-0.14058,-0.041227,-0.18009,0.19111,0.15614,0.13431,0.13901,0.074409,0.13243,0.10816,0.20617,0.078735,0.071936,0.10871,0.1324,-0.27109,-0.20368,-0.23101,-0.20398,-0.0061585,0.05523,-0.076162,-0.038613,0.059439,-0.019661,0.025797,0.1705,-0.044851,-0.007886,-0.14268,-0.027484,-0.083711,-0.088806,-0.095719,0.052786,0.0656,0.23715,-0.21033,-0.1653,-0.36875,-0.44543,-0.021585,0.026678,0.015127,0.040634,-0.025537,0.12485,0.048006,0.19767,-0.069557,0.39552
0.64713,0.12974,0.5832,0.037445,0.056236,0.11998,1,0.56271,0.13919,0.15357,0.62458,0.32226,0.46013,0.35167,0.042198,0.14253,0.068001,-0.30929,0.36285,0.089876,-0.21629,-0.11704,-0.057352,-0.14393,-0.15648,-0.21981,-0.11741,-0.10263,0.065035,0.092752,-0.085696,-0.03783,-0.22145,-0.22159,-0.22966,-0.065831,-0.15353,-0.17803,-0.075841,-0.15181,-0.023804,-0.027227,-0.18023,-0.16269,0.25473,0.06744,-0.21969,-0.19294,0.29304,0.12669,0.18323,0.032911,-0.070902,-0.18671,-0.23389,-0.24195,-0.095492,-0.21422,0.19988,-0.020778,0.27268,-0.042618,0.20765,0.14889,0.65648,0.46158,-0.055444,-0.21223,-0.2778,-0.024738,-0.10074,-0.085518,-0.043546,-0.018585,0.10835,0.060029,-0.10003,-0.21606,-0.25055,-0.14191,-0.28871,-0.3008,-0.020124,-0.02562,0.067754,-0.28681,0.030525,0.015735,-0.065816,-0.11531
0.34759,0.37105,0.1434,0.3932,0.033252,0.27785,0.56271,1,0.019284,0.084019,0.2482,0.63936,0.16362,0.54025,-0.1382,0.17432,-0.14884,-0.2578,0.086756,0.29872,-0.17528,-0.21065,-0.23675,-0.093504,-0.2385,-0.20694,-0.035594,-0.0092281,-0.052579,0.10677,-0.25985,-0.046847,-0.17504,-0.019239,-0.15768,0.16197,-0.22431,-0.17236,-0.11556,-0.13418,-0.061545,-0.095834,-0.18221,-0.10341,0.2525,0.27737,-0.19457,-0.11943,0.17937,0.26158,0.04891,0.20531,-0.10941,-0.14539,-0.25267,-0.252,-0.16703,-0.14187,0.25588,0.22656,0.24708,0.088783,0.36742,0.33064,0.45787,0.68328,0.1511,0.13107,-0.11519,0.049471,-0.29295,-0.23756,-0.17663,-0.16511,-0.056411,-0.040009,-0.14439,-0.074931,-0.24578,-0.25516,-0.11672,0.015947,-0.077521,0.019814,-0.155,0.020312,-0.11046,-0.12867,-0.19375,0.06254
-0.2312,-0.23252,0.030923,-0.020139,0.69473,0.42465,0.13919,0.019284,1,0.92693,-0.055062,0.012248,0.036243,0.048428,0.63565,0.49354,-0.24647,-0.089265,-0.26575,-0.2545,-0.067631,-0.063199,-0.046936,-0.020962,0.39671,0.38206,-0.021843,-0.019366,-0.16713,-0.11722,0.14647,0.048206,-0.16112,-0.09748,-0.039348,-0.10343,-0.13286,-0.025529,-0.032852,0.018658,0.04248,0.01178,0.48948,0.42644,0.12019,0.20199,0.45834,0.46892,0.15959,0.20128,0.14114,-0.013546,0.42716,0.38577,0.067871,0.025413,-0.22987,-0.31176,-0.16582,-0.054419,-0.18504,-0.23579,-0.036199,-0.24935,-0.27172,-0.29875,-0.22335,-0.12026,-0.18302,-0.28607,-0.13399,-0.15687,-0.29904,-0.044019,-0.11921,0.048769,-0.27609,-0.25467,-0.34122,-0.31732,-0.043816,-0.11889,-0.0069817,-0.026658,-0.17696,-0.0058449,0.14757,0.28307,0.020126,0.13795
-0.16749,-0.18943,-0.048909,-0.09092,0.7171,0.53042,0.15357,0.084019,0.92693,1,-0.0051912,0.11061,0.063935,0.13722,0.51895,0.56677,-0.2308,-0.084304,-0.33997,-0.29029,-0.21157,-0.15562,-0.16655,-0.144,0.35494,0.31992,-0.018438,-0.0060188,-0.18799,-0.064923,0.071987,-0.00034918,-0.14577,-0.087358,-0.10142,-0.12095,-0.24282,-0.092067,-0.15943,-0.096889,-0.10404,-0.076083,0.46403,0.43307,0.1795,0.21566,0.39832,0.4267,0.2171,0.25349,0.10122,-0.051647,0.43777,0.37163,-0.055105,-0.046592,-0.27531,-0.35889,-0.11251,-0.031697,-0.13212,-0.18803,0.092928,-0.17352,-0.25111,-0.20137,-0.21521,-0.16926,-0.23116,-0.32845,-0.21491,-0.23023,-0.36771,-0.076404,-0.1554,0.026525,-0.32628,-0.31961,-0.38789,-0.38215,-0.057432,-0.096398,-0.077501,-0.063061,-0.29572,-0.079395,0.087951,0.2394,-0.13546,0.18884
0.61495,0.040857,0.25146,-0.26582,-0.066292,0.047568,0.62458,0.2482,-0.055062,-0.0051912,1,0.39565,0.64577,0.49142,-0.054686,0.10513,0.32891,-0.14963,0.15777,-0.10478,-0.39856,-0.34475,-0.21275,-0.32468,-0.30639,-0.36629,-0.15464,-0.020756,0.028196,0.13791,-0.19347,-0.080227,-0.22367,-0.25644,-0.24525,-0.11381,-0.16851,-0.13778,-0.2727,-0.23564,-0.11242,-0.10852,-0.23447,-0.18565,0.24002,0.11407,-0.34404,-0.31066,0.29541,0.1782,0.077808,-0.049224,-0.096977,-0.17555,-0.26403,-0.31069,-0.09275,-0.27746,0.17755,-0.059504,0.1846,-0.096215,0.32671,0.10229,0.43367,0.34136,-0.14511,-0.22963,-0.33114,-0.084623,-0.065928,-0.038099,-0.084574,-0.08032,-0.021043,-0.020109,-0.19831,-0.25932,-0.12615,-0.085459,-0.20898,-0.28016,0.023929,-0.19302,0.0856,-0.32544,0.074402,-0.04666,0.015158,-0.08374
0.25967,0.23744,-0.094249,0.16732,-0.017818,0.2749,0.32226,0.63936,0.012248,0.11061,0.39565,1,0.19126,0.76181,-0.18989,0.2676,-0.17243,-0.13768,-0.12046,0.089813,-0.30503,-0.32737,-0.27202,-0.11589,-0.23946,-0.21618,-0.075146,0.041263,-0.23317,0.017347,-0.34968,-0.10365,-0.19389,-0.03228,-0.057076,0.1879,-0.29676,-0.16563,-0.21072,-0.18102,-0.17529,-0.22086,-0.040392,0.063959,0.34116,0.34231,-0.15818,-0.080608,0.25983,0.3618,0.13694,0.2579,-0.031045,-0.020687,-0.32083,-0.31255,-0.35535,-0.33111,0.043955,0.050883,0.019703,-0.17727,0.25349,0.12792,0.28703,0.4844,-0.018264,0.080237,-0.29393,-0.095044,-0.26631,-0.15416,-0.30355,-0.1874,-0.13991,-0.10538,-0.26988,-0.082213,-0.32549,-0.24397,-0.25787,-0.07577,-0.16145,-0.17475,-0.12082,0.19163,-0.095509,-0.066389,-0.19563,0.2376
0.27136,-0.063682,0.34734,0.023084,0.023815,0.020436,0.46013,0.16362,0.036243,0.063935,0.64577,0.19126,1,0.49171,0.12217,0.2258,0.41709,-0.19543,0.29175,0.088671,-0.33862,-0.28405,0.10263,-0.01587,-0.12014,-0.21143,-0.16784,-0.030045,0.030964,0.14273,0.044822,0.13673,0.043649,0.13758,-0.1291,-0.14336,-0.14449,0.011038,-0.26349,-0.16044,-0.051374,0.068775,-0.24255,-0.30045,-0.21939,-0.26565,-0.29357,-0.32157,-0.15984,-0.23258,-0.2026,-0.37536,-0.1596,-0.25142,-0.24074,-0.27282,-0.0092163,-0.036158,0.0041784,0.13131,0.25315,0.13949,0.47161,0.20485,0.25091,0.093805,-0.1472,-0.20727,-0.0013538,0.034381,0.034369,0.053602,-0.070407,-0.03125,-0.055159,-0.072801,-0.12293,-0.10434,-0.046953,0.014247,0.10894,0.12399,0.080131,-0.02164,0.1972,-0.071492,0.18385,0.071441,-0.0074611,-0.021964
0.27782,0.17525,-0.020653,0.15768,0.059794,0.29274,0.35167,0.54025,0.048428,0.13722,0.49142,0.76181,0.49171,1,-0.11928,0.31749,0.044258,-0.12952,-0.064043,0.00028187,-0.38915,-0.40777,-0.20214,-0.11037,-0.22844,-0.20886,-0.1488,0.10008,-0.17833,0.097419,-0.24778,-0.022554,-0.086829,0.070505,-0.18682,-0.039677,-0.23044,-0.056444,-0.29898,-0.18204,-0.13172,-0.065545,-0.10121,-0.093196,0.065966,0.035557,-0.22661,-0.16064,0.091869,0.10843,-0.025358,-0.074647,-0.0073348,-0.035138,-0.33611,-0.29578,-0.18568,-0.22433,0.055921,0.14486,0.17062,0.014031,0.44749,0.22217,0.2266,0.34812,-0.17881,-0.18156,-0.23567,-0.19987,-0.18829,-0.11884,-0.19342,-0.13401,-0.077739,-0.046685,-0.3249,-0.17378,-0.21166,-0.12929,-0.13429,0.057017,-0.11624,-0.1321,-0.08046,0.15503,0.02995,-0.036697,-0.23992,0.17052
-0.27595,-0.26908,0.098715,0.040274,0.50425,0.22597,0.042198,-0.1382,0.63565,0.51895,-0.054686,-0.18989,0.12217,-0.11928,1,0.54116,0.050826,-0.08938,-0.064908,-0.052008,0.34582,0.27797,0.084826,0.093179,0.31993,0.34615,0.15417,0.17077,0.35441,0.092079,0.12246,-0.055647,-0.048595,-0.096975,-0.10033,-0.1347,0.35472,0.34115,0.45958,0.50753,0.44149,0.35712,0.21048,0.047531,-0.20156,-0.072739,0.33733,0.26332,-0.12612,-0.087342,-0.067654,-0.16828,0.21056,0.15128,0.48911,0.28123,-0.022996,-0.13723,-0.16774,-0.18125,-0.16443,-0.13462,-0.12782,-0.28268,-0.18608,-0.33848,-0.34954,-0.2596,0.011213,-0.14152,-0.07307,-0.056742,0.024179,0.08885,0.10481,0.17817,-0.047164,-0.019485,-0.00090541,-0.16054,0.21739,-0.10375,0.60565,0.45333,0.2011,-0.064438,0.47619,0.6528,0.43858,0.069618
-0.20542,-0.25379,0.091252,0.30084,0.62298,0.7078,0.14253,0.17432,0.49354,0.56677,0.10513,0.2676,0.2258,0.31749,0.54116,1,-0.14023,-0.20064,-0.07162,0.026365,-0.05623,-0.072388,0.052302,0.16214,0.41947,0.41799,0.29337,0.44055,0.13679,0.22061,0.1897,0.17907,-0.074263,0.11785,0.07412,0.11356,0.00011043,0.1139,-0.042469,0.14892,0.14342,0.04355,0.17588,0.13212,-0.052367,-0.039811,0.13569,0.14904,-0.094961,-0.016191,-0.018259,-0.096226,0.092603,0.045167,-0.051809,-0.09451,-0.26281,-0.30816,-0.25241,-0.11993,-0.12943,-0.20473,-0.016902,-0.18311,0.016989,-0.059095,-0.23775,-0.14133,-0.1499,-0.086808,-0.17749,-0.12771,-0.087562,0.066476,0.059258,0.2138,-0.10639,-0.0034042,-0.17585,-0.33283,0.14025,0.047029,0.34845,0.23427,0.1638,0.18186,0.29257,0.5094,0.15293,0.41735
0.17666,0.14584,0.053439,-0.23464,-0.23108,-0.32248,0.068001,-0.14884,-0.24647,-0.2308,0.32891,-0.17243,0.41709,0.044258,0.050826,-0.14023,1,0.42177,0.17097,0.083684,-0.15884,-0.11544,-0.01764,-0.17187,-0.36302,-0.47361,-0.24777,-0.10238,0.4613,0.44384,-0.037389,0.015362,0.28202,0.12083,-0.35426,-0.40314,0.29281,0.36663,-0.0059779,0.063712,0.24781,0.4154,-0.47228,-0.48392,-0.47749,-0.46333,-0.46322,-0.51119,-0.40438,-0.45475,-0.54136,-0.49596,-0.23941,-0.35527,0.13919,0.01626,0.51383,0.33687,0.0076672,-0.043033,0.078312,0.22315,0.18733,0.0074354,-0.066687,-0.14317,-0.24142,-0.37562,0.27208,0.03139,0.1195,0.13805,0.24707,0.24489,-0.0011391,-0.009504,0.20778,0.079276,0.60249,0.55556,0.42862,0.29736,0.30647,0.13391,0.091318,-0.29011,0.27234,0.08881,0.017632,-0.35301
-0.22057,0.25611,-0.25226,-0.21122,-0.067238,-0.12543,-0.30929,-0.2578,-0.089265,-0.084304,-0.14963,-0.13768,-0.19543,-0.12952,-0.08938,-0.20064,0.42177,1,-0.099843,0.04299,0.036906,0.044982,-0.081116,-0.14906,-0.091206,-0.16073,-0.031061,-0.039332,0.13332,0.19468,-0.042004,-0.053363,0.28916,0.14358,-0.17103,-0.23019,0.13889,0.25804,0.042727,0.073992,0.23705,0.28628,-0.16658,-0.1263,-0.27732,-0.20497,-0.19058,-0.17866,-0.28074,-0.18795,-0.40607,-0.22508,-0.071208,-0.020668,0.056622,0.14279,0.49225,0.45849,-0.09657,-0.15812,-0.23648,0.059546,-0.059731,-0.042757,-0.35759,-0.28461,-0.17903,-0.12833,0.18633,0.016144,0.085685,0.12434,0.25782,0.31947,0.11762,0.1288,0.095405,0.072578,0.44591,0.49487,0.35126,0.42163,0.02285,0.0080397,-0.16759,-0.045545,-0.047296,-0.026176,0.0046635,-0.12078
0.25489,0.11859,0.57056,0.38846,-0.17652,-0.1889,0.36285,0.086756,-0.26575,-0.33997,0.15777,-0.12046,0.29175,-0.064043,-0.064908,-0.07162,0.17097,-0.099843,1,0.60249,0.17607,0.23568,0.4908,0.35974,0.064228,-0.04267,0.1022,-0.010402,0.19765,0.080493,0.25435,0.20368,0.059825,0.10538,0.061002,-0.0093003,0.10664,0.035957,0.11985,0.058627,0.12058,0.080701,-0.3974,-0.44606,-0.33249,-0.40698,-0.35772,-0.4143,-0.30556,-0.4043,-0.10009,-0.17267,-0.3908,-0.43096,-0.037168,-0.09601,0.26025,0.34505,0.063526,0.15527,0.17378,0.21146,-0.14147,0.13985,0.46024,0.11064,0.15879,0.036788,0.28294,0.46127,0.26436,0.24264,0.18554,0.078905,0.086529,-0.050959,0.32733,0.19738,0.14691,0.23967,0.016052,0.022114,0.076879,0.11769,0.41766,-0.064432,0.11361,-0.050332,0.21886,-0.21272
-0.018061,0.32344,0.079961,0.45886,-0.065218,0.014986,0.089876,0.29872,-0.2545,-0.29029,-0.10478,0.089813,0.088671,0.00028187,-0.052008,0.026365,0.083684,0.04299,0.60249,1,0.29208,0.2498,0.17489,0.32123,0.019549,-0.053059,0.27628,0.091758,0.13002,0.035958,-0.10311,-0.030632,0.099755,0.19461,-0.029198,0.08878,0.05627,0.093867,0.20416,0.12954,0.22372,0.078419,-0.39217,-0.39302,-0.24358,-0.1358,-0.27476,-0.28628,-0.29131,-0.21574,-0.26137,-0.093959,-0.31351,-0.31666,0.031274,0.028132,0.23547,0.38194,0.1442,0.13305,0.052532,0.22541,-0.074991,0.12532,0.26382,0.19711,0.26971,0.28774,0.52459,0.72632,0.17418,0.30674,0.087637,0.077049,0.0058946,-0.054597,0.39134,0.41314,0.069621,0.076094,0.18905,0.1777,0.05061,0.18903,0.18646,0.040451,0.016385,0.0099061,0.23204,0.0032219
-0.18579,0.11617,-0.12767,0.1315,-0.015757,-0.045292,-0.21629,-0.17528,-0.067631,-0.21157,-0.39856,-0.30503,-0.33862,-0.38915,0.34582,-0.05623,-0.15884,0.036906,0.17607,0.29208,1,0.86898,0.056776,0.14547,0.16449,0.32085,0.38858,0.15543,0.36166,-0.021221,-0.02144,-0.23599,-0.0037013,-0.14508,-0.00043306,0.022575,0.42826,0.29171,0.72416,0.5513,0.41547,0.36599,-0.022913,-0.12848,-0.19635,-0.096743,0.20254,0.14264,-0.10004,-0.14297,-0.025412,0.060564,-0.041113,-0.020271,0.4989,0.46637,0.21014,0.23481,0.0079008,-0.12437,-0.16312,-0.0015387,-0.385,-0.165,-0.056314,-0.13547,-0.026636,0.0021452,0.2702,0.13323,0.28822,0.31777,0.39368,0.24896,0.38637,0.27624,0.28523,0.29914,0.10068,0.03754,0.14319,-0.06319,0.34622,0.61372,0.22765,0.056496,-0.059525,0.22292,0.45365,-0.059337
-0.054005,0.12107,-0.048709,0.048513,-0.052682,-0.083358,-0.11704,-0.21065,-0.063199,-0.15562,-0.34475,-0.32737,-0.28405,-0.40777,0.27797,-0.072388,-0.11544,0.044982,0.23568,0.2498,0.86898,1,0.049846,0.068703,0.12149,0.24563,0.33345,0.088824,0.3688,0.031632,0.019746,-0.21569,-0.0031921,-0.17668,-0.093654,-0.13071,0.33992,0.25514,0.64529,0.45073,0.30916,0.41338,-0.012785,-0.12337,-0.18346,-0.15378,0.18824,0.12163,-0.065433,-0.1777,-0.061953,-0.071594,-0.036827,-0.067935,0.40318,0.42309,0.25931,0.25387,0.026338,-0.095342,-0.080754,0.054107,-0.34462,-0.14708,-0.029738,-0.18457,-0.030773,-0.063413,0.2859,0.1187,0.2449,0.30331,0.3512,0.30205,0.37208,0.29529,0.29178,0.21457,0.079701,0.06171,0.15579,-0.029733,0.28122,0.627,0.18295,-0.062913,-0.12085,0.18822,0.27582,-0.15394
-0.1619,-0.29755,0.67608,0.59267,0.051183,-0.13476,-0.057352,-0.23675,-0.046936,-0.16655,-0.21275,-0.27202,0.10263,-0.20214,0.084826,0.052302,-0.01764,-0.081116,0.4908,0.17489,0.056776,0.049846,1,0.8854,0.56949,0.42629,0.15352,0.18851,-0.14013,-0.1784,0.73905,0.67657,0.133,0.35775,0.54193,0.23974,0.12019,0.043916,0.044933,0.095329,0.15183,0.068092,0.020158,-0.088076,-0.43997,-0.52407,-0.021848,-0.13753,-0.49037,-0.52211,0.15902,-0.0069734,-0.22702,-0.13396,0.043054,-0.064586,0.1182,0.27215,-0.35696,0.12935,-0.059184,0.062395,-0.24576,-0.03443,0.068096,-0.33454,0.1462,0.2318,0.082875,0.22508,0.21552,0.013814,0.13743,0.031992,0.00099901,-0.087964,0.062931,0.04961,0.16578,0.20056,0.029747,0.16919,0.098283,-0.035224,0.59897,0.48279,0.28043,0.1248,0.24172,0.1154
-0.28694,-0.26162,0.48644,0.75808,0.078622,-0.013058,-0.14393,-0.093504,-0.020962,-0.144,-0.32468,-0.11589,-0.01587,-0.11037,0.093179,0.16214,-0.17187,-0.14906,0.35974,0.32123,0.14547,0.068703,0.8854,1,0.5875,0.53329,0.23748,0.28452,-0.18863,-0.22399,0.63923,0.64463,0.10903,0.398,0.61076,0.42629,0.10552,0.060911,0.094229,0.17077,0.18083,0.052705,0.087004,0.011978,-0.34077,-0.36865,0.068268,-0.02117,-0.4263,-0.40142,0.21804,0.17845,-0.17566,-0.059837,0.056187,-0.035015,0.015814,0.18795,-0.38594,0.12606,-0.10238,-0.014872,-0.28391,-0.082451,0.013501,-0.26119,0.20935,0.39085,0.11282,0.28409,0.16147,0.020285,0.087683,0.006549,-0.010939,-0.069528,0.080133,0.18497,0.086577,0.089191,0.0079091,0.1393,0.067143,-0.019868,0.50209,0.62397,0.20682,0.13844,0.25631,0.26067
-0.33399,-0.28429,0.28909,0.39474,0.69996,0.53799,-0.15648,-0.2385,0.39671,0.35494,-0.30639,-0.23946,-0.12014,-0.22844,0.31993,0.41947,-0.36302,-0.091206,0.064228,0.019549,0.16449,0.12149,0.56949,0.5875,1,0.86308,0.59748,0.48293,-0.26599,-0.30563,0.56288,0.39159,-0.0096273,0.19426,0.4309,0.24512,-0.020167,-0.080514,0.013653,0.027042,0.091667,-0.086636,0.38208,0.25884,-0.15989,-0.17298,0.27395,0.20702,-0.16149,-0.14688,0.23998,0.095508,0.086006,0.18354,-0.03618,-0.061295,-0.040591,0.070082,-0.22656,0.091718,-0.14199,-0.0070063,-0.22148,-0.096053,-0.1268,-0.29355,0.059892,0.17836,0.01584,0.097085,0.11498,-0.037549,0.042064,0.066545,0.077028,0.14937,-0.097985,-0.10589,-0.21178,-0.20792,0.034217,0.073014,0.043207,0.014873,0.30663,0.36579,0.18693,0.21043,0.18769,0.32785
-0.3472,-0.22835,0.16269,0.38296,0.57529,0.54873,-0.21981,-0.20694,0.38206,0.31992,-0.36629,-0.21618,-0.21143,-0.20886,0.34615,0.41799,-0.47361,-0.16073,-0.04267,-0.053059,0.32085,0.24563,0.42629,0.53329,0.86308,1,0.52603,0.56717,-0.21203,-0.29606,0.53054,0.32646,-0.010886,0.13649,0.42456,0.27358,-0.069456,-0.13375,0.046931,0.032488,0.033128,-0.049828,0.43186,0.32149,-0.090445,-0.10421,0.38104,0.32342,-0.07908,-0.089752,0.28312,0.17938,0.12568,0.22351,-0.044471,-0.060918,-0.066587,0.01764,-0.2393,0.078219,-0.12823,-0.030072,-0.25864,-0.12674,-0.21688,-0.28605,0.046342,0.18103,-0.027446,-0.027298,0.1689,0.012959,0.093723,0.097633,0.17918,0.22845,-0.16042,-0.11768,-0.2457,-0.26115,-0.036019,-0.0046448,0.03253,0.088275,0.20267,0.3914,0.10463,0.22928,0.12796,0.31008
-0.1036,0.11141,-0.0022454,0.30274,0.41436,0.53046,-0.11741,-0.035594,-0.021843,-0.018438,-0.15464,-0.075146,-0.16784,-0.1488,0.15417,0.29337,-0.24777,-0.031061,0.1022,0.27628,0.38858,0.33345,0.15352,0.23748,0.59748,0.52603,1,0.60629,-0.082072,-0.28403,0.021363,-0.10307,-0.011229,0.0024502,0.099054,0.16915,0.057819,-0.084446,0.24458,0.13656,0.19945,-0.057656,0.079974,-0.042978,-0.030625,-0.010715,0.079229,0.042607,-0.021773,0.020046,0.1334,0.12207,-0.011833,0.063697,0.035684,0.062411,0.13571,0.2237,0.12681,0.10625,0.0025263,0.16783,-0.18917,0.076962,0.062842,0.069294,0.12076,0.12509,0.14291,0.24226,0.083874,0.088599,0.18493,0.1344,0.23218,0.21776,0.074479,0.048747,-0.1508,-0.22636,0.045409,0.041524,0.15386,0.23938,0.30078,0.17685,0.044405,0.21169,0.25021,0.2891
-0.11081,-0.03434,-0.0063441,0.28269,0.36505,0.56511,-0.10263,-0.0092281,-0.019366,-0.0060188,-0.020756,0.041263,-0.030045,0.10008,0.17077,0.44055,-0.10238,-0.039332,-0.010402,0.091758,0.15543,0.088824,0.18851,0.28452,0.48293,0.56717,0.60629,1,-0.10869,-0.12254,0.20393,0.17695,0.092699,0.16371,0.22971,0.26937,0.013199,-0.022689,-0.016961,0.0823,0.22992,0.048964,-0.071092,-0.14962,-0.15321,-0.18155,-0.15429,-0.17424,-0.16856,-0.15958,0.047132,0.089414,-0.23736,-0.097624,-0.078822,-0.11945,0.090878,0.15143,-0.063407,0.0036565,0.0281,0.13589,-0.097703,0.1158,0.098958,0.072065,0.0051002,0.0699,-0.018979,0.14016,0.20417,0.1462,0.18021,0.13771,0.13154,0.21063,-0.080479,-0.058382,0.0073815,-0.1227,0.0029161,0.091046,0.17501,0.048528,0.30143,0.29301,0.3017,0.30044,0.22551,0.34219
0.023789,0.080733,0.0017172,-0.1129,-0.12665,-0.16498,0.065035,-0.052579,-0.16713,-0.18799,0.028196,-0.23317,0.030964,-0.17833,0.35441,0.13679,0.4613,0.13332,0.19765,0.13002,0.36166,0.3688,-0.14013,-0.18863,-0.26599,-0.21203,-0.082072,-0.10869,1,0.77346,-0.025681,-0.16458,0.15646,-0.05427,-0.32083,-0.26413,0.60073,0.50064,0.44383,0.43883,0.38766,0.53109,-0.34727,-0.35446,-0.33737,-0.30952,-0.14911,-0.21609,-0.29489,-0.33443,-0.45841,-0.38113,-0.19781,-0.37293,0.3614,0.16556,0.2994,0.13471,0.039366,-0.17309,0.027328,0.05776,-0.12472,-0.14584,0.039969,-0.038119,-0.24671,-0.39131,0.25214,-0.019829,-0.078258,0.015401,0.43726,0.31562,0.34505,0.3421,0.4387,0.31666,0.57705,0.31523,0.56412,0.18311,0.63546,0.69461,0.18229,-0.34759,0.17955,0.27191,0.19322,-0.3615
0.027668,0.082583,-0.029825,-0.09886,-0.05857,-0.043629,0.092752,0.10677,-0.11722,-0.064923,0.13791,0.017347,0.14273,0.097419,0.092079,0.22061,0.44384,0.19468,0.080493,0.035958,-0.021221,0.031632,-0.1784,-0.22399,-0.30563,-0.29606,-0.28403,-0.12254,0.77346,1,0.066564,0.069189,0.1446,0.08997,-0.22555,-0.1756,0.31812,0.42543,-0.029066,0.1031,0.13714,0.37016,-0.41679,-0.32263,-0.33366,-0.31666,-0.33765,-0.33747,-0.37161,-0.35568,-0.55832,-0.37534,-0.34096,-0.49112,-0.013541,-0.09718,0.15852,0.081698,-0.065676,-0.082542,0.023273,0.05654,0.010131,-0.03456,0.020309,0.041571,-0.21037,-0.28926,0.17314,-0.026575,-0.086829,0.002487,0.25949,0.2943,0.10988,0.21964,0.3841,0.30162,0.58123,0.41506,0.5919,0.40798,0.36336,0.41071,0.019268,-0.20839,0.087786,0.047902,-0.048699,-0.23485
-0.29746,-0.37172,0.54959,0.4211,0.24172,0.011657,-0.085696,-0.25985,0.14647,0.071987,-0.19347,-0.34968,0.044822,-0.24778,0.12246,0.1897,-0.037389,-0.042004,0.25435,-0.10311,-0.02144,0.019746,0.73905,0.63923,0.56288,0.53054,0.021363,0.20393,-0.025681,0.066564,1,0.89351,0.20333,0.45623,0.55931,0.24057,-0.042458,-0.024455,-0.21281,-0.10346,-0.032154,0.070458,0.1242,0.13215,-0.41062,-0.49449,-0.01816,-0.086341,-0.45954,-0.53495,0.029774,-0.10035,-0.21633,-0.14822,-0.14686,-0.23147,0.058247,0.15749,-0.43072,0.084318,-0.13317,-0.027104,-0.20867,-0.11862,-0.13586,-0.44198,0.028617,0.1358,0.0010925,-0.001157,0.22469,0.0026977,0.12343,0.13076,0.0022443,0.054325,-0.016948,-0.088904,0.19758,0.15452,0.20263,0.27293,0.07412,-0.064392,0.33881,0.38805,0.17918,0.029213,0.090467,0.070768
-0.26026,-0.32987,0.49003,0.51026,0.13407,-0.015083,-0.03783,-0.046847,0.048206,-0.00034918,-0.080227,-0.10365,0.13673,-0.022554,-0.055647,0.17907,0.015362,-0.053363,0.20368,-0.030632,-0.23599,-0.21569,0.67657,0.64463,0.39159,0.32646,-0.10307,0.17695,-0.16458,0.069189,0.89351,1,0.18857,0.55068,0.59689,0.34997,-0.16911,-0.080628,-0.38898,-0.20542,-0.084073,-0.02199,0.014437,0.083392,-0.35342,-0.41331,-0.18329,-0.19697,-0.47253,-0.47346,0.01714,-0.0033736,-0.29015,-0.20098,-0.26653,-0.31761,-0.018257,0.10891,-0.44418,0.12251,-0.10008,-0.044479,-0.093207,-0.050985,-0.046704,-0.27701,0.10292,0.27102,-0.022332,0.085397,0.20016,-0.013364,-0.010159,0.03248,-0.18399,-0.11041,-0.053523,-0.064111,0.19113,0.14873,0.14067,0.30959,-0.00034817,-0.24192,0.28183,0.49468,0.18716,-0.081308,0.020901,0.15435
-0.28366,0.041109,-0.085549,0.11432,-0.080502,-0.1171,-0.22145,-0.17504,-0.16112,-0.14577,-0.22367,-0.19389,0.043649,-0.086829,-0.048595,-0.074263,0.28202,0.28916,0.059825,0.099755,-0.0037013,-0.0031921,0.133,0.10903,-0.0096273,-0.010886,-0.011229,0.092699,0.15646,0.1446,0.20333,0.18857,1,0.78274,0.14841,-0.026158,0.075817,0.077783,0.019571,0.055798,0.07953,0.24034,-0.20192,-0.23838,-0.50212,-0.50732,-0.20527,-0.28265,-0.51395,-0.51572,-0.43349,-0.37847,-0.23771,-0.24069,-0.012663,-0.17957,0.3183,0.39751,-0.19341,-0.03903,0.10509,0.23706,0.087337,0.14739,-0.18303,-0.16802,-0.0087683,-0.13162,0.395,-0.0070657,0.112,0.04278,0.38454,0.40214,0.26503,0.29499,0.082794,0.07122,0.45427,0.26043,0.43739,0.56235,0.077984,0.15032,0.10396,0.16706,0.05005,0.062073,-0.095149,-0.12407
-0.45923,-0.1454,0.069447,0.42021,0.07725,0.027873,-0.22159,-0.019239,-0.09748,-0.087358,-0.25644,-0.03228,0.13758,0.070505,-0.096975,0.11785,0.12083,0.14358,0.10538,0.19461,-0.14508,-0.17668,0.35775,0.398,0.19426,0.13649,0.0024502,0.16371,-0.05427,0.08997,0.45623,0.55068,0.78274,1,0.39806,0.24294,-0.08099,0.042148,-0.18897,-0.055343,-0.0056607,0.11358,-0.12187,-0.091233,-0.53118,-0.49619,-0.23148,-0.26634,-0.63318,-0.55202,-0.35513,-0.27656,-0.31248,-0.23666,-0.18839,-0.30187,0.072223,0.25354,-0.39992,0.018717,-0.036102,0.10411,0.12004,0.086098,-0.13571,-0.16803,0.010328,0.086483,0.27404,0.099485,0.11029,0.027353,0.22324,0.30384,0.080745,0.14135,-0.012224,0.093072,0.27219,0.16745,0.38412,0.60464,0.031987,-0.018133,0.17766,0.46129,0.085619,0.025186,-0.051355,0.10798
-0.32798,-0.36608,0.22971,0.43378,0.016215,-0.020353,-0.22966,-0.15768,-0.039348,-0.10142,-0.24525,-0.057076,-0.1291,-0.18682,-0.10033,0.07412,-0.35426,-0.17103,0.061002,-0.029198,-0.00043306,-0.093654,0.54193,0.61076,0.4309,0.42456,0.099054,0.22971,-0.32083,-0.22555,0.55931,0.59689,0.14841,0.39806,1,0.79947,-0.080901,-0.15785,-0.12917,-0.031407,-0.070797,-0.18048,0.1581,0.20005,-0.053401,-0.11925,0.037412,-0.019748,-0.19315,-0.20585,0.33462,0.38219,-0.24908,-0.065655,-0.12691,-0.2606,-0.20307,-0.011351,-0.36862,-0.034209,-0.1363,-0.16867,-0.26206,-0.05561,0.041392,-0.11086,0.24193,0.43286,-0.083542,0.1052,0.12296,-0.057413,0.027493,-0.021724,-0.067777,-0.0085828,-0.065019,0.035129,0.052265,-0.052608,-0.059018,0.092527,-0.08465,-0.21854,0.31802,0.57335,0.014754,-0.0092831,0.18906,0.27979
-0.20832,-0.23463,0.0902,0.41665,-0.029429,0.08307,-0.065831,0.16197,-0.10343,-0.12095,-0.11381,0.1879,-0.14336,-0.039677,-0.1347,0.11356,-0.40314,-0.23019,-0.0093003,0.08878,0.022575,-0.13071,0.23974,0.42629,0.24512,0.27358,0.16915,0.26937,-0.26413,-0.1756,0.24057,0.34997,-0.026158,0.24294,0.79947,1,-0.071483,-0.12948,-0.065649,0.027337,-0.024503,-0.24488,0.035946,0.15304,0.1957,0.14903,-0.029927,-0.052543,0.0035883,0.042076,0.32153,0.54752,-0.26884,-0.12094,-0.091721,-0.22629,-0.28893,-0.15628,-0.22183,-0.10771,-0.089105,-0.24368,-0.17222,0.018234,0.23033,0.25073,0.23132,0.43287,-0.20987,0.13895,-0.0053396,-0.068111,-0.020751,-0.10666,-0.062705,-0.020865,-0.044028,0.11699,-0.047742,-0.17346,-0.15059,-0.04419,-0.06725,-0.19527,0.18399,0.44767,-0.030057,0.0051186,0.25206,0.36093
-0.15595,-0.14832,-0.019995,-0.01186,-0.11336,-0.23405,-0.15353,-0.22431,-0.13286,-0.24282,-0.16851,-0.29676,-0.14449,-0.23044,0.35472,0.00011043,0.29281,0.13889,0.10664,0.05627,0.42826,0.33992,0.12019,0.10552,-0.020167,-0.069456,0.057819,0.013199,0.60073,0.31812,-0.042458,-0.16911,0.075817,-0.08099,-0.080901,-0.071483,1,0.71141,0.6683,0.75752,0.72541,0.59118,-0.093996,-0.21944,-0.28989,-0.25599,0.084223,-0.036586,-0.23804,-0.27555,-0.16094,-0.1467,-0.048702,-0.10573,0.71146,0.44338,0.2322,0.094829,-0.1239,-0.25719,-0.14083,-0.064941,-0.27879,-0.22811,-0.062611,-0.18676,-0.2641,-0.29174,0.10371,-0.050249,-0.087433,-0.061834,0.43189,0.19033,0.31735,0.23621,0.39817,0.35879,0.51322,0.33115,0.35375,0.047062,0.57954,0.51757,0.30857,-0.11246,0.30846,0.37035,0.46267,-0.19746
-0.26035,-0.19609,-0.079858,-0.0080488,-0.053104,-0.17283,-0.17803,-0.17236,-0.025529,-0.092067,-0.13778,-0.16563,0.011038,-0.056444,0.34115,0.1139,0.36663,0.25804,0.035957,0.093867,0.29171,0.25514,0.043916,0.060911,-0.080514,-0.13375,-0.084446,-0.022689,0.50064,0.42543,-0.024455,-0.080628,0.077783,0.042148,-0.15785,-0.12948,0.71141,1,0.44789,0.68712,0.52974,0.64683,-0.17916,-0.27053,-0.43176,-0.30151,0.019328,-0.067095,-0.40237,-0.3517,-0.42461,-0.32299,-0.078616,-0.14773,0.52983,0.50023,0.1876,0.046059,-0.27797,-0.31269,-0.21688,-0.1402,-0.1364,-0.25736,-0.20744,-0.29704,-0.41877,-0.29558,0.12309,-0.0039197,-0.04,0.098433,0.27147,0.25781,0.1534,0.14693,0.34751,0.39561,0.43488,0.3866,0.42106,0.16271,0.49574,0.42088,0.1407,-0.046787,0.21472,0.3419,0.39035,-0.086081
-0.090862,0.033889,-0.03998,0.060973,-0.12013,-0.18297,-0.075841,-0.11556,-0.032852,-0.15943,-0.2727,-0.21072,-0.26349,-0.29898,0.45958,-0.042469,-0.0059779,0.042727,0.11985,0.20416,0.72416,0.64529,0.044933,0.094229,0.013653,0.046931,0.24458,-0.016961,0.44383,-0.029066,-0.21281,-0.38898,0.019571,-0.18897,-0.12917,-0.065649,0.6683,0.44789,1,0.83911,0.58491,0.45252,0.019273,-0.13372,-0.1194,-0.049869,0.28909,0.17612,-0.019095,-0.032722,0.046744,0.034405,0.092859,0.073107,0.75664,0.58159,0.1771,0.078938,0.015931,-0.24253,-0.070393,-0.071623,-0.27166,-0.15182,0.056386,-0.065453,-0.18041,-0.19901,0.088314,-0.043016,-0.087461,-0.0040946,0.35083,0.17178,0.42769,0.24981,0.18354,0.21903,0.14081,0.05224,0.10193,-0.1451,0.50807,0.68942,0.258,-0.06497,0.084555,0.43063,0.47194,-0.13945
-0.27545,-0.19194,-0.059062,0.12754,-0.069115,-0.14058,-0.15181,-0.13418,0.018658,-0.096889,-0.23564,-0.18102,-0.16044,-0.18204,0.50753,0.14892,0.063712,0.073992,0.058627,0.12954,0.5513,0.45073,0.095329,0.17077,0.027042,0.032488,0.13656,0.0823,0.43883,0.1031,-0.10346,-0.20542,0.055798,-0.055343,-0.031407,0.027337,0.75752,0.68712,0.83911,1,0.67475,0.55254,-0.019886,-0.16089,-0.21338,-0.11764,0.22536,0.1234,-0.18582,-0.13428,-0.064784,-0.02319,0.022655,0.025181,0.77092,0.63428,0.088535,-0.0041509,-0.18505,-0.31458,-0.15694,-0.17281,-0.24857,-0.19895,-0.031429,-0.16387,-0.24564,-0.16051,0.032682,-0.013839,-0.14458,-0.045654,0.26132,0.10616,0.2663,0.18059,0.1887,0.25602,0.24847,0.12239,0.20949,-0.048225,0.62092,0.59212,0.27044,0.036607,0.22008,0.50576,0.55182,-0.011982
-0.18389,-0.031041,0.048985,0.13939,0.069634,-0.041227,-0.023804,-0.061545,0.04248,-0.10404,-0.11242,-0.17529,-0.051374,-0.13172,0.44149,0.14342,0.24781,0.23705,0.12058,0.22372,0.41547,0.30916,0.15183,0.18083,0.091667,0.033128,0.19945,0.22992,0.38766,0.13714,-0.032154,-0.084073,0.07953,-0.0056607,-0.070797,-0.024503,0.72541,0.52974,0.58491,0.67475,1,0.63536,-0.15472,-0.25565,-0.27721,-0.18078,-0.015702,-0.081258,-0.26775,-0.21586,-0.18211,-0.068927,-0.078163,-0.091218,0.56826,0.39577,0.30734,0.20899,-0.098597,-0.1998,-0.10965,-0.029619,-0.2267,-0.14488,0.0054558,-0.12834,-0.21126,-0.12354,0.16678,0.1122,0.083439,0.077176,0.37551,0.25319,0.27308,0.22177,0.27332,0.28166,0.33827,0.20801,0.27478,0.076702,0.54058,0.39821,0.27103,0.0083155,0.41623,0.42556,0.53228,-0.027881
-0.081787,0.023701,0.022057,0.029413,-0.068451,-0.18009,-0.027227,-0.095834,0.01178,-0.076083,-0.10852,-0.22086,0.068775,-0.065545,0.35712,0.04355,0.4154,0.28628,0.080701,0.078419,0.36599,0.41338,0.068092,0.052705,-0.086636,-0.049828,-0.057656,0.048964,0.53109,0.37016,0.070458,-0.02199,0.24034,0.11358,-0.18048,-0.24488,0.59118,0.64683,0.45252,0.55254,0.63536,1,-0.14272,-0.2288,-0.44688,-0.38544,-0.042505,-0.10376,-0.34647,-0.4054,-0.36716,-0.33512,-0.10514,-0.15994,0.40303,0.31735,0.42227,0.2435,-0.11373,-0.11391,-0.042386,0.064396,-0.066534,-0.20474,-0.15569,-0.26179,-0.27311,-0.28551,0.23926,-0.13034,0.057668,0.065139,0.46153,0.47881,0.39403,0.39383,0.21854,0.18249,0.4528,0.37576,0.41959,0.26023,0.46122,0.55159,0.15747,-0.057736,0.18123,0.31715,0.17951,-0.31009
-0.19629,-0.21572,-0.062218,-0.029309,0.29353,0.19111,-0.18023,-0.18221,0.48948,0.46403,-0.23447,-0.040392,-0.24255,-0.10121,0.21048,0.17588,-0.47228,-0.16658,-0.3974,-0.39217,-0.022913,-0.012785,0.020158,0.087004,0.38208,0.43186,0.079974,-0.071092,-0.34727,-0.41679,0.1242,0.014437,-0.20192,-0.12187,0.1581,0.035946,-0.093996,-0.17916,0.019273,-0.019886,-0.15472,-0.14272,1,0.88508,0.40256,0.42004,0.85046,0.87843,0.47752,0.41745,0.54849,0.23763,0.70985,0.75641,0.0096621,0.1092,-0.29015,-0.33918,-0.17733,-0.011088,-0.21887,-0.24455,-0.17,-0.30228,-0.44711,-0.37634,-0.026547,0.045144,-0.26821,-0.42356,-0.25313,-0.27841,-0.24716,-0.10214,0.021719,0.091986,-0.35334,-0.23589,-0.42766,-0.29847,-0.25761,-0.24591,-0.17112,-0.083985,-0.24071,0.11569,-0.17401,0.073014,-0.21645,0.12648
-0.20884,-0.20566,-0.12648,-0.090669,0.23289,0.15614,-0.16269,-0.10341,0.42644,0.43307,-0.18565,0.063959,-0.30045,-0.093196,0.047531,0.13212,-0.48392,-0.1263,-0.44606,-0.39302,-0.12848,-0.12337,-0.088076,0.011978,0.25884,0.32149,-0.042978,-0.14962,-0.35446,-0.32263,0.13215,0.083392,-0.23838,-0.091233,0.20005,0.15304,-0.21944,-0.27053,-0.13372,-0.16089,-0.25565,-0.2288,0.88508,1,0.4907,0.51079,0.67281,0.76461,0.50275,0.47171,0.49302,0.31195,0.57166,0.64265,-0.10248,-0.0023484,-0.36571,-0.43242,-0.19493,-0.044136,-0.28159,-0.35127,-0.15163,-0.32709,-0.41498,-0.27317,-0.021038,0.11266,-0.3569,-0.40891,-0.26213,-0.2771,-0.32195,-0.13027,-0.071512,0.02315,-0.34861,-0.23115,-0.4184,-0.26128,-0.29067,-0.25119,-0.2692,-0.22419,-0.36631,0.092951,-0.2407,-0.054994,-0.25357,0.15147
0.31283,0.038453,-0.11463,-0.28593,-0.052877,0.13431,0.25473,0.2525,0.12019,0.1795,0.24002,0.34116,-0.21939,0.065966,-0.20156,-0.052367,-0.47749,-0.27732,-0.33249,-0.24358,-0.19635,-0.18346,-0.43997,-0.34077,-0.15989,-0.090445,-0.030625,-0.15321,-0.33737,-0.33366,-0.41062,-0.35342,-0.50212,-0.53118,-0.053401,0.1957,-0.28989,-0.43176,-0.1194,-0.21338,-0.27721,-0.44688,0.40256,0.4907,1,0.89189,0.33144,0.44082,0.88496,0.88155,0.65119,0.61325,0.37522,0.43401,-0.18183,-0.066429,-0.41697,-0.50271,0.28023,-0.043912,0.040549,-0.27426,-0.019015,-0.028258,0.15588,0.38295,0.31814,0.29254,-0.45234,-0.1213,-0.30109,-0.25208,-0.37709,-0.36431,-0.11048,-0.076538,-0.20468,-0.16377,-0.51503,-0.47656,-0.60467,-0.58014,-0.37048,-0.33621,-0.38623,-0.23224,-0.32861,-0.21438,-0.24499,0.12616
0.10331,0.091004,-0.3023,-0.25366,0.01728,0.13901,0.06744,0.27737,0.20199,0.21566,0.11407,0.34231,-0.26565,0.035557,-0.072739,-0.039811,-0.46333,-0.20497,-0.40698,-0.1358,-0.096743,-0.15378,-0.52407,-0.36865,-0.17298,-0.10421,-0.010715,-0.18155,-0.30952,-0.31666,-0.49449,-0.41331,-0.50732,-0.49619,-0.11925,0.14903,-0.25599,-0.30151,-0.049869,-0.11764,-0.18078,-0.38544,0.42004,0.51079,0.89189,1,0.39008,0.52473,0.78525,0.92028,0.49046,0.56601,0.43753,0.50647,-0.071784,0.065093,-0.39311,-0.45797,0.27855,0.0041172,-0.04718,-0.26627,-0.0029115,-0.058621,-0.020079,0.3019,0.26088,0.37757,-0.31655,-0.047049,-0.29275,-0.17486,-0.45319,-0.38204,-0.20839,-0.14358,-0.15875,-0.033966,-0.51309,-0.46314,-0.4645,-0.49129,-0.28051,-0.2734,-0.4712,-0.20784,-0.29525,-0.20017,-0.14256,0.14255
-0.24173,-0.22178,-0.10875,-0.033433,0.18376,0.074409,-0.21969,-0.19457,0.45834,0.39832,-0.34404,-0.15818,-0.29357,-0.22661,0.33733,0.13569,-0.46322,-0.19058,-0.35772,-0.27476,0.20254,0.18824,-0.021848,0.068268,0.27395,0.38104,0.079229,-0.15429,-0.14911,-0.33765,-0.01816,-0.18329,-0.20527,-0.23148,0.037412,-0.029927,0.084223,0.019328,0.28909,0.22536,-0.015702,-0.042505,0.85046,0.67281,0.33144,0.39008,1,0.94176,0.40161,0.36985,0.44097,0.18143,0.74753,0.70357,0.28951,0.3843,-0.26843,-0.33266,-0.16586,-0.10964,-0.2,-0.26027,-0.22235,-0.3287,-0.44431,-0.41215,-0.066403,0.0056796,-0.17911,-0.35264,-0.26121,-0.21032,-0.14891,-0.079181,0.13526,0.12328,-0.17155,-0.039693,-0.3747,-0.30465,-0.19139,-0.29552,-0.058308,0.11692,-0.18167,0.035537,-0.16787,0.1964,-0.041642,0.10127
-0.23566,-0.18354,-0.18647,-0.079675,0.19855,0.13243,-0.19294,-0.11943,0.46892,0.4267,-0.31066,-0.080608,-0.32157,-0.16064,0.26332,0.14904,-0.51119,-0.17866,-0.4143,-0.28628,0.14264,0.12163,-0.13753,-0.02117,0.20702,0.32342,0.042607,-0.17424,-0.21609,-0.33747,-0.086341,-0.19697,-0.28265,-0.26634,-0.019748,-0.052543,-0.036586,-0.067095,0.17612,0.1234,-0.081258,-0.10376,0.87843,0.76461,0.44082,0.52473,0.94176,1,0.50101,0.50181,0.47695,0.24555,0.79074,0.78967,0.15786,0.36326,-0.32133,-0.3979,-0.12554,-0.091146,-0.22545,-0.29612,-0.19177,-0.34642,-0.43649,-0.34485,-0.027477,0.058873,-0.21942,-0.3394,-0.25987,-0.21315,-0.21492,-0.093646,0.078363,0.10519,-0.22161,-0.062919,-0.44832,-0.35084,-0.26811,-0.33195,-0.12615,0.043835,-0.32053,0.018004,-0.23638,0.10429,-0.12703,0.15152
0.43284,0.10459,-0.16818,-0.39564,-0.034711,0.10816,0.29304,0.17937,0.15959,0.2171,0.29541,0.25983,-0.15984,0.091869,-0.12612,-0.094961,-0.40438,-0.28074,-0.30556,-0.29131,-0.10004,-0.065433,-0.49037,-0.4263,-0.16149,-0.07908,-0.021773,-0.16856,-0.29489,-0.37161,-0.45954,-0.47253,-0.51395,-0.63318,-0.19315,0.0035883,-0.23804,-0.40237,-0.019095,-0.18582,-0.26775,-0.34647,0.47752,0.50275,0.88496,0.78525,0.40161,0.50101,1,0.851,0.66123,0.46512,0.54473,0.55306,-0.13476,-0.013243,-0.33584,-0.49026,0.35043,-0.036073,0.079088,-0.22206,0.061586,-0.029807,0.12834,0.31822,0.12389,0.032481,-0.43563,-0.26612,-0.26326,-0.2194,-0.3215,-0.32368,-0.01413,-0.019013,-0.31334,-0.28261,-0.57406,-0.46576,-0.62019,-0.66026,-0.34311,-0.23181,-0.43653,-0.38026,-0.31904,-0.20022,-0.25761,0.0049891
0.19904,0.095259,-0.27876,-0.29586,0.049455,0.20617,0.12669,0.26158,0.20128,0.25349,0.1782,0.3618,-0.23258,0.10843,-0.087342,-0.016191,-0.45475,-0.18795,-0.4043,-0.21574,-0.14297,-0.1777,-0.52211,-0.40142,-0.14688,-0.089752,0.020046,-0.15958,-0.33443,-0.35568,-0.53495,-0.47346,-0.51572,-0.55202,-0.20585,0.042076,-0.27555,-0.3517,-0.032722,-0.13428,-0.21586,-0.4054,0.41745,0.47171,0.88155,0.92028,0.36985,0.50181,0.851,1,0.56569,0.5847,0.53437,0.59611,-0.10411,0.058638,-0.42852,-0.49268,0.33068,0.0096516,-0.0032725,-0.2433,0.065559,-0.016468,0.063079,0.37767,0.22414,0.23869,-0.4073,-0.14105,-0.37169,-0.29693,-0.44054,-0.39456,-0.14135,-0.11436,-0.27001,-0.16663,-0.57067,-0.50025,-0.52401,-0.52922,-0.29191,-0.24212,-0.44119,-0.20987,-0.27307,-0.14391,-0.20367,0.2126
0.20947,-0.1745,0.20903,0.069074,-0.014443,0.078735,0.18323,0.04891,0.14114,0.10122,0.077808,0.13694,-0.2026,-0.025358,-0.067654,-0.018259,-0.54136,-0.40607,-0.10009,-0.26137,-0.025412,-0.061953,0.15902,0.21804,0.23998,0.28312,0.1334,0.047132,-0.45841,-0.55832,0.029774,0.01714,-0.43349,-0.35513,0.33462,0.32153,-0.16094,-0.42461,0.046744,-0.064784,-0.18211,-0.36716,0.54849,0.49302,0.65119,0.49046,0.44097,0.47695,0.66123,0.56569,1,0.72844,0.39618,0.54707,-0.069881,-0.043148,-0.41299,-0.39196,0.0094141,-0.011331,-0.031422,-0.28036,-0.20898,-0.11243,0.20894,0.13697,0.29847,0.30467,-0.47893,-0.14177,-0.15624,-0.30127,-0.24055,-0.34734,-0.056882,-0.12673,-0.35384,-0.26787,-0.47502,-0.3919,-0.66975,-0.57554,-0.2494,-0.25039,0.062055,0.18457,-0.14502,-0.049627,-0.038491,0.22163
