1,0.38884,0.27455,0.028337,-0.15342,-0.20601,0.40014,-0.087014,-0.28562,-0.12245,0.4558,-0.051005,0.35011,0.069802,-0.30096,-0.079383,0.094898,0.1032,0.43481,0.41114,-0.19892,-0.23593,0.039662,-0.18069,-0.091014,-0.25041,-0.20344,-0.29706,0.04638,-0.0077883,-0.052189,-0.19838,0.36947,0.24602,-0.1221,-0.12942,-0.28434,-0.27558,-0.16521,-0.1416,-0.0037666,0.038632,0.012125,-0.14695,0.22431,0.077073,-0.095274,-0.14147,0.32528,0.33793,0.29371,0.13488,0.17876,-0.23996,-0.2559,-0.30995,0.61154,0.42343,0.36214,0.3,0.61323,0.27054,0.46667,0.4187,0.32872,0.0079463,0.20338,0.076289,0.28996,0.24581,-0.099909,-0.15562,-0.044077,0.0066283,-0.12335,-0.003903,-0.024923,-0.091707,0.19817,0.040186,0.13339,-0.035152,-0.11077,-0.16049,-0.095925,-0.35568,-0.25204,-0.15449,-0.18417,-0.26862
0.38884,1,-0.11913,0.092415,-0.26235,-0.23733,-0.23235,0.27452,-0.27082,-0.0811,0.030899,0.36783,-0.14062,0.21896,-0.19369,-0.10823,0.29767,0.505,0.31348,0.39713,-0.32837,-0.27231,-0.18948,0.0039923,-0.30167,-0.37179,-0.32736,-0.30834,0.22046,0.17307,-0.26578,-0.20094,0.25523,0.22222,-0.093573,-0.24505,0.040915,0.11722,0.019781,-0.061511,-0.02808,-0.34449,-0.18188,-0.14108,-0.084741,-0.20375,-0.0053332,0.021543,-0.035437,0.11979,-0.19943,-0.10206,-0.068113,-0.18755,-0.003331,0.10963,0.38892,0.57672,0.28775,0.39334,0.38284,0.42631,0.20211,0.54832,-0.20063,-0.14297,0.019295,0.0067039,-0.046879,-0.046623,-0.28353,-0.35128,-0.049639,-0.13741,-0.1351,-0.26867,-0.17335,-0.25598,-0.12288,0.10121,0.17467,0.26974,0.10667,-0.011731,-0.15547,0.023483,-0.17947,0.017504,-0.39869,-0.021757
0.27455,-0.11913,1,0.67166,-0.07047,0.047092,0.72112,0.057729,-0.16437,0.048652,-0.0097216,-0.43802,0.30904,-0.0021481,0.13234,0.1743,-0.27853,-0.36641,0.49839,0.21052,0.14663,0.10623,0.8047,0.3915,0.28323,0.1664,0.091225,-0.033358,-0.14413,-0.13466,0.29177,0.12268,0.075567,-0.078256,0.23825,0.059447,-0.14323,-0.11321,-0.044533,0.0056467,0.019519,0.1103,0.069376,0.051079,0.21046,0.037572,-0.015214,-0.066091,0.059923,-0.045624,0.014135,-0.082348,-0.11654,-0.16798,-0.25222,-0.15956,-0.037,0.094566,-0.013237,-0.053867,0.11216,0.017849,-0.17798,-0.19279,0.57229,0.25855,0.19609,-0.0536,0.19442,0.20964,0.25416,0.22381,0.055192,0.0058582,-0.10744,0.051462,0.32162,0.15995,-0.047081,-0.035033,-0.32111,-0.082672,0.04672,0.052227,0.55828,0.15389,0.11721,0.31235,0.21111,0.056882
0.028337,0.092415,0.67166,1,-0.20654,0.098923,0.41308,0.50412,-0.25827,0.24096,-0.33569,-0.1397,-0.030897,0.28038,-0.0036555,0.31641,-0.34916,-0.32156,0.38669,0.12369,0.059182,0.049589,0.64691,0.59896,-0.052259,-0.0019666,-0.02009,-0.086365,-0.21453,-0.095491,0.18298,0.19681,0.035637,-0.034373,0.17664,0.044478,-0.12168,0.042817,-0.011762,0.047625,-0.022727,-0.016112,-0.031981,0.01499,0.096635,0.047695,0.0081718,0.05801,-0.091409,-0.079723,-0.29924,-0.16415,-0.21338,-0.15704,-0.15722,0.041566,-0.1712,0.069588,-0.076271,-0.030904,0.019519,0.14508,-0.37712,-0.1352,0.23304,0.26008,0.19489,0.076425,0.0719,0.10605,0.19073,0.15347,-0.093063,-0.15386,-0.25582,-0.045621,0.19026,0.095209,-0.38743,-0.18241,-0.47483,-0.04582,0.032072,0.054143,0.32971,0.30134,-0.057562,0.3645,0.024171,0.27104
-0.15342,-0.26235,-0.07047,-0.20654,1,0.61799,0.135,-0.037828,0.78834,0.52876,0.08295,-0.051677,0.31718,-0.10089,0.59776,0.34919,-0.18116,-0.088993,-0.2969,-0.30063,0.29165,0.24684,-0.035236,-0.12491,0.48012,0.50455,0.54233,0.49304,0.055634,0.074634,0.064187,0.054751,-0.19028,-0.06828,0.013447,0.13208,0.0079695,-0.11156,-0.11982,-0.024017,-0.04929,0.19718,-0.041727,-0.01685,-0.063014,0.017096,-0.1623,-0.085329,-0.12611,-0.1097,0.0092708,-0.049261,-0.10056,-0.063805,0.02655,0.044627,-0.05843,-0.0087853,-0.053532,-0.043449,-0.10347,0.11679,-0.061742,-0.23524,0.10867,0.10669,-0.059566,0.16011,-0.18556,0.0067419,0.1682,0.15014,0.044,0.12186,0.23634,0.30724,0.02331,0.10616,0.083968,0.081069,-0.038198,-0.046848,0.0026983,0.084669,0.078052,0.086109,0.3779,0.21684,0.47644,0.17049
-0.20601,-0.23733,0.047092,0.098923,0.61799,1,0.22085,0.29702,0.49772,0.77392,0.0050584,0.081538,0.16303,0.34122,0.49301,0.75169,-0.21683,-0.049877,-0.030518,-0.2057,0.63617,0.63482,0.21906,-0.11705,0.39791,0.65912,0.76237,0.76102,0.096776,0.27286,0.27158,0.24083,-0.085675,-0.033662,-0.0049979,0.095763,-0.012591,0.064392,-0.22472,0.021212,-0.14541,0.53901,0.0052478,0.013307,0.14938,0.11119,-0.048624,-0.00036922,0.018869,-0.097867,-0.02851,-0.043621,-0.0081384,0.17582,-0.1554,0.21422,-0.10263,0.024333,-0.011761,-0.023276,-0.0026271,0.18541,-0.13416,-0.074845,0.24084,0.30002,0.15544,0.01814,0.045385,0.068251,0.46602,0.55085,0.22601,0.33081,0.16406,0.52056,0.11704,0.16456,-0.016238,0.021085,-0.094783,0.21545,-0.0087743,0.18946,0.1902,0.24212,0.21356,0.37841,0.31713,0.45042
0.40014,-0.23235,0.72112,0.41308,0.135,0.22085,1,0.17265,0.060856,0.20312,0.38027,-0.32402,0.61606,0.046118,0.17426,0.28708,-0.27073,-0.4125,0.32743,0.17374,0.14117,0.047348,0.48465,0.035483,0.145,0.072823,0.18145,0.034613,-0.00013282,-0.013341,0.25299,0.055722,-0.029389,0.027827,-0.038994,0.04019,-0.34346,-0.30266,-0.28354,-0.12437,-0.11207,0.24899,0.023948,-0.1305,0.29109,0.11853,-0.13407,-0.24483,0.15766,0.04729,0.16969,-0.065345,-0.025805,-0.15275,-0.31629,-0.33217,0.011145,0.019593,0.034237,-0.073864,0.18073,0.17897,0.080416,-0.12403,0.62563,0.45864,0.10597,-0.049275,0.18825,0.20881,0.2085,0.24635,-0.010519,0.069606,-0.0059786,0.21727,0.071204,0.06218,0.035012,-0.070169,-0.22661,-0.12769,-0.11653,-0.056701,0.25837,-0.098571,0.089599,0.075287,0.25302,-0.065396
-0.087014,0.27452,0.057729,0.50412,-0.037828,0.29702,0.17265,1,-0.0049921,0.49497,-0.10287,0.50103,-0.037452,0.50507,0.069433,0.42288,-0.094214,0.07525,0.21029,-0.0059566,0.0062808,0.011327,0.22214,0.15729,-0.25751,-0.055412,-0.0043006,0.073752,0.11253,0.21485,0.10598,0.20405,0.12007,0.1981,-0.099055,-0.084069,-0.18741,-0.084024,-0.094836,-0.10702,-0.13807,-0.11698,-0.28803,-0.26524,-0.08562,0.031287,-0.13391,-0.041619,-0.17892,-0.0070346,-0.37606,-0.096582,-0.21877,-0.068637,-0.060068,0.11456,-0.16891,0.11079,0.017901,0.0052887,0.093021,0.39101,-0.10625,0.21158,0.064845,0.3765,0.030665,0.029669,-0.11834,-0.069451,0.07471,0.056918,-0.12597,-0.12323,-0.12777,0.036986,-0.09135,-0.17212,-0.29954,-0.055299,-0.18047,0.14951,-0.043461,-0.058737,-0.060944,-0.016154,-0.10813,0.18746,-0.10623,0.3328
-0.28562,-0.27082,-0.16437,-0.25827,0.78834,0.49772,0.060856,-0.0049921,1,0.38356,0.041655,-0.034569,0.27674,-0.2158,0.68087,0.2304,-0.22545,-0.050375,-0.44031,-0.35675,0.2192,0.13561,-0.10422,-0.10724,0.37386,0.37336,0.37834,0.34432,0.039586,0.028384,0.041349,0.0063949,-0.35002,-0.18146,0.0098166,0.16724,0.16502,0.06245,0.10065,0.12875,0.11119,0.14701,-0.034485,0.080526,-0.24227,-0.067352,0.0065002,0.079004,-0.31322,-0.24804,-0.088112,-0.15246,-0.047463,0.08352,0.27588,0.13971,-0.084918,-0.1245,-0.065022,-0.10956,-0.11611,0.027242,0.017502,-0.29596,0.0017135,0.0057191,-0.18684,0.1625,-0.26559,-0.046623,-0.0053595,0.0026121,-0.056164,-0.040031,0.29271,0.10909,-0.19251,-0.11509,-0.022684,0.026062,-0.0057376,-0.048953,0.061045,0.058604,0.012176,0.057249,0.61236,0.10029,0.52006,0.17827
-0.12245,-0.0811,0.048652,0.24096,0.52876,0.77392,0.20312,0.49497,0.38356,1,-0.13764,0.15702,0.096848,0.44289,0.3315,0.77612,-0.31321,-0.112,0.01078,-0.18118,0.26681,0.2616,0.22267,-0.079585,0.26006,0.3566,0.43709,0.40043,-0.020554,0.231,0.14817,0.14588,-0.025193,0.014117,0.017632,0.098006,-0.055052,0.034871,-0.17154,-0.047683,-0.1593,0.29797,-0.11495,-0.18184,0.091486,-0.014852,-0.13022,-0.060897,-0.062256,-0.11091,-0.19196,-0.11828,-0.026552,-0.0076427,-0.12644,0.18853,-0.0977,0.12977,-0.061174,-0.045592,0.070217,0.22663,-0.22355,-0.019681,0.26142,0.40062,0.075794,-0.063974,0.084444,0.012865,0.25035,0.29909,0.091138,0.2082,0.12355,0.47363,0.062142,0.079763,-0.1378,0.029986,-0.23048,0.15232,-0.049481,0.024611,0.13491,0.13785,0.07574,0.37709,0.18975,0.44945
0.4558,0.030899,-0.0097216,-0.33569,0.08295,0.0050584,0.38027,-0.10287,0.041655,-0.13764,1,0.26907,0.71399,0.13498,0.1692,0.060501,0.44676,0.27263,0.19653,0.24001,0.027551,-0.032265,-0.11833,-0.39507,-0.08481,-0.058793,-0.016553,-0.03503,0.55201,0.37412,0.13981,-0.024022,0.20622,0.29789,-0.36225,-0.21437,-0.31331,-0.26858,-0.17174,-0.037663,0.013142,0.1098,-0.066059,-0.2489,0.019067,0.031693,-0.15292,-0.2877,0.19373,0.16127,0.34825,0.024433,-0.014435,-0.12018,-0.22483,-0.28996,0.22414,0.12901,0.24075,0.10421,0.30562,0.23235,0.62221,0.36678,0.3134,0.1009,-0.040178,-0.09394,0.099467,0.022012,-0.031286,-0.084621,0.077957,0.1139,0.054287,0.051609,-0.073147,-0.09572,0.48979,0.33548,0.56619,0.28115,0.04217,0.066438,0.0028484,-0.222,-0.08335,-0.15252,-0.0014314,-0.22235
-0.051005,0.36783,-0.43802,-0.1397,-0.051677,0.081538,-0.32402,0.50103,-0.034569,0.15702,0.26907,1,0.024953,0.59017,0.018909,0.24534,0.25826,0.5294,0.023734,-0.078474,-0.064936,-0.01156,-0.20595,-0.06639,-0.35007,-0.055146,-0.12016,0.036,0.41741,0.52265,0.053711,0.16235,0.2492,0.34603,-0.22557,-0.13986,-0.093192,0.011876,0.093489,0.03536,0.065977,-0.17494,-0.3564,-0.25772,-0.36827,-0.090857,-0.1116,-0.057046,-0.19805,-0.038706,-0.15262,0.0076691,-0.25797,-0.12227,0.0689,0.23971,-0.11396,0.070228,0.0083565,-0.0592,0.067061,0.24009,0.21096,0.48212,-0.14023,0.047263,-0.12267,-0.063909,-0.21859,-0.29153,-0.12198,-0.1558,0.021813,-0.0034511,-0.0055959,-0.062294,-0.12961,-0.21661,0.016234,0.24365,0.30864,0.45443,0.1274,0.13593,-0.18129,0.048882,-0.23324,0.022579,-0.2051,0.19036
0.35011,-0.14062,0.30904,-0.030897,0.31718,0.16303,0.61606,-0.037452,0.27674,0.096848,0.71399,0.024953,1,0.15399,0.45774,0.2875,-0.0042476,-0.05431,0.21151,0.089655,0.02498,-0.050263,0.16933,-0.15917,0.0862,0.015161,0.089519,-0.006282,0.2368,0.17133,0.10936,-0.10053,-0.09749,-0.014754,-0.23369,-0.11995,-0.22508,-0.21255,-0.17454,-0.016523,0.056275,0.1577,-0.072266,-0.25848,-0.022714,-0.032387,-0.16336,-0.27228,0.045507,0.034804,0.27253,-0.050001,-0.050683,-0.11298,-0.15815,-0.24888,0.055273,0.055658,0.067498,-0.037976,0.13644,0.18407,0.2485,-8.2847e-005,0.52491,0.24822,-0.099737,-0.067998,0.071532,0.086513,0.027527,0.0080679,-0.0079182,-0.012312,0.13479,0.072218,-0.037678,-0.055828,0.26076,0.18134,0.1174,0.12213,0.010085,0.077625,0.33075,-0.0020921,0.23201,0.031755,0.36253,-0.037522
0.069802,0.21896,-0.0021481,0.28038,-0.10089,0.34122,0.046118,0.50507,-0.2158,0.44289,0.13498,0.59017,0.15399,1,0.046017,0.64607,0.047027,0.20952,0.34333,0.10217,0.14026,0.18552,0.17996,-0.11053,-0.25461,0.059493,0.10875,0.13624,0.22195,0.46671,0.11651,0.11531,0.14969,0.13422,-0.16174,-0.095737,-0.20163,0.13847,-0.20367,-0.044272,-0.11476,0.16095,-0.18203,-0.25338,-0.0059428,0.0090257,-0.036833,-0.038066,0.066968,0.02895,-0.064767,0.0055827,-0.048313,0.022754,-0.21935,0.12745,-0.02407,0.21206,0.051923,0.022832,0.20755,0.30441,0.0093588,0.37938,0.18889,0.25211,0.18758,-0.086813,0.28434,0.075648,0.1396,0.23084,0.15113,0.15532,-0.075029,0.15956,0.095398,0.018414,-0.1081,0.054549,0.038805,0.51271,0.043763,0.19792,0.17899,0.33786,-0.31115,0.32564,-0.13466,0.36873
-0.30096,-0.19369,0.13234,-0.0036555,0.59776,0.49301,0.17426,0.069433,0.68087,0.3315,0.1692,0.018909,0.45774,0.046017,1,0.48653,0.034332,0.06593,0.010494,-0.067413,0.31752,0.27446,0.26448,0.037975,0.34343,0.38079,0.37314,0.34022,0.4035,0.33243,0.29168,0.20429,-0.17135,-0.10333,-0.074013,-0.048042,0.13119,0.11265,0.19063,0.3016,0.17412,0.11076,-0.085446,-0.038338,-0.24005,-0.15907,0.018599,-0.018019,-0.31083,-0.31518,-0.15282,-0.27921,-0.20642,0.066383,0.11883,0.14325,-0.058609,-0.005764,-0.032429,-0.1049,-0.08547,0.11586,-0.016768,-0.15774,0.14203,0.089854,-0.090173,-0.029394,-0.17723,-0.076237,0.1246,0.11448,0.038564,-0.054828,0.20276,0.0022337,-0.07767,-0.12607,0.085168,0.14935,0.20345,0.22339,0.39522,0.43006,0.41819,0.30277,0.66604,0.37983,0.53404,0.28528
-0.079383,-0.10823,0.1743,0.31641,0.34919,0.75169,0.28708,0.42288,0.2304,0.77612,0.060501,0.24534,0.2875,0.64607,0.48653,1,-0.19173,-0.054971,0.19316,-0.035518,0.47886,0.47052,0.38511,0.013369,0.23806,0.46692,0.50876,0.46843,0.22498,0.53829,0.38414,0.3159,0.078603,0.091707,-0.075,0.023568,-0.059783,0.12148,-0.050893,0.15297,0.052616,0.45725,-0.15938,-0.2176,0.021912,-0.026194,-0.050397,-0.1006,-0.021176,-0.11668,-0.092771,-0.11388,-0.046534,0.041183,-0.16923,0.20347,-0.10982,0.10697,-0.032785,-0.07881,0.086493,0.21827,-0.12677,0.075576,0.31768,0.34353,0.11997,-0.13032,0.15939,0.051203,0.33996,0.42447,0.2037,0.25937,0.11639,0.41207,0.12943,0.10569,-0.077149,0.068797,-0.05961,0.35871,0.21768,0.35328,0.3391,0.33493,0.094462,0.49156,0.25205,0.50021
0.094898,0.29767,-0.27853,-0.34916,-0.18116,-0.21683,-0.27073,-0.094214,-0.22545,-0.31321,0.44676,0.25826,-0.0042476,0.047027,0.034332,-0.19173,1,0.67947,0.19043,0.37721,-0.075801,-0.065078,-0.17826,-0.27194,-0.10336,-0.12806,-0.19122,-0.087615,0.69382,0.38317,0.061204,0.072897,0.42173,0.36555,-0.16048,-0.26207,-0.043967,-0.02758,-0.019332,-0.011587,0.075406,-0.10889,-0.094324,-0.15652,-0.078829,-0.14967,-0.074041,-0.13283,0.08791,0.033269,-0.0099501,-0.080511,-0.10827,-0.041288,-0.20877,-0.1674,0.45895,0.29199,0.24439,0.2416,0.2018,0.10533,0.45416,0.47336,-0.24239,-0.25452,0.035718,-0.16304,0.13993,-0.027648,-0.088555,-0.15546,0.14468,0.04564,0.010871,-0.14233,0.077744,-0.065191,0.47661,0.34959,0.80031,0.39886,0.20253,0.15989,-0.074521,-0.076449,-0.15999,-0.01253,-0.40674,-0.20975
0.1032,0.505,-0.36641,-0.32156,-0.088993,-0.049877,-0.4125,0.07525,-0.050375,-0.112,0.27263,0.5294,-0.05431,0.20952,0.06593,-0.054971,0.67947,1,0.20391,0.28116,-0.13461,-0.040865,-0.2241,-0.23121,-0.20018,-0.13814,-0.18677,-0.045285,0.56607,0.41601,-0.069942,-0.0095255,0.40207,0.34386,-0.15826,-0.32351,0.027812,0.14873,0.02812,0.014229,0.072133,-0.12995,-0.18471,-0.11482,-0.23906,-0.25809,0.077862,0.06944,-0.13907,-0.092142,-0.19446,-0.19627,-0.10067,-0.0096597,-0.012411,0.12657,0.4122,0.39249,0.2805,0.21025,0.28748,0.19252,0.4398,0.65789,-0.32046,-0.40401,0.089017,-0.025496,0.041507,-0.073196,-0.18791,-0.18474,0.064069,-0.022204,0.038146,-0.19619,-0.070368,-0.23937,0.18052,0.32389,0.60592,0.56696,0.11543,0.1696,-0.14894,0.020758,-0.062889,0.12369,-0.34468,0.074571
0.43481,0.31348,0.49839,0.38669,-0.2969,-0.030518,0.32743,0.21029,-0.44031,0.01078,0.19653,0.023734,0.21151,0.34333,0.010494,0.19316,0.19043,0.20391,1,0.69629,0.0082004,0.085356,0.46234,-0.01452,-0.067678,-0.082008,-0.076052,-0.12434,0.26743,0.20474,0.1296,-0.0013362,0.37774,0.19313,-0.089761,-0.24944,-0.15075,0.07162,-0.051632,0.039866,-0.088689,0.041109,0.13639,-0.011459,0.34842,0.1618,0.23055,0.1603,0.30219,0.27105,0.051438,-0.032739,0.10182,0.0018963,-0.23675,-0.071047,0.27979,0.32964,0.27559,0.24408,0.28306,0.24301,0.062957,0.32048,0.24862,0.10009,0.41851,0.028328,0.43997,0.35716,0.14823,0.15166,0.10674,0.039088,-0.096678,-0.010407,0.17937,0.039734,0.058876,0.11841,0.081103,0.3253,0.1645,0.13625,0.32156,0.092764,-0.13224,0.21681,-0.19063,0.077271
0.41114,0.39713,0.21052,0.12369,-0.30063,-0.2057,0.17374,-0.0059566,-0.35675,-0.18118,0.24001,-0.078474,0.089655,0.10217,-0.067413,-0.035518,0.37721,0.28116,0.69629,1,-0.055287,0.029419,0.092276,-0.11701,-0.075381,-0.16307,-0.12197,-0.15612,0.33852,0.22777,0.025992,-0.043435,0.39586,0.35934,-0.18298,-0.21132,-0.03682,0.12312,-0.061497,0.0079403,-0.13208,0.037389,0.13064,-0.091239,0.24996,0.039272,0.25807,0.12135,0.29235,0.21269,0.074385,-0.10554,0.20437,-0.0084957,-0.15317,-0.17249,0.48206,0.3738,0.42454,0.38356,0.35449,0.29783,0.19206,0.33586,-0.02823,-0.054874,0.26469,0.066652,0.44406,0.39633,0.00061219,0.0095232,0.11083,0.1137,-0.081635,-0.068202,0.077083,0.077885,0.18393,0.14782,0.31258,0.26926,0.10765,0.048489,0.14879,0.0058924,-0.15454,-0.042274,-0.14585,-0.084709
-0.19892,-0.32837,0.14663,0.059182,0.29165,0.63617,0.14117,0.0062808,0.2192,0.26681,0.027551,-0.064936,0.02498,0.14026,0.31752,0.47886,-0.075801,-0.13461,0.0082004,-0.055287,1,0.89363,0.29141,-0.078509,0.47698,0.77407,0.79761,0.77452,0.1565,0.33514,0.50212,0.43217,0.1214,0.12311,0.045446,0.1186,0.024254,-0.029472,-0.064105,0.15847,0.057342,0.62446,0.10227,0.16031,0.090312,0.19812,0.070642,0.021895,0.11317,0.0025127,0.12672,0.072167,0.066067,0.18607,-0.21734,0.088272,-0.10513,-0.085021,-0.053367,-0.059561,-0.10477,-0.028836,-0.1136,-0.16573,0.13585,0.095398,0.12889,0.030575,0.10148,0.16586,0.66207,0.65265,0.45335,0.50944,0.092454,0.52435,0.33821,0.38643,0.22475,0.18693,0.076107,0.22406,0.19237,0.31396,0.2611,0.16652,0.0078546,0.25012,0.32591,0.23274
-0.23593,-0.27231,0.10623,0.049589,0.24684,0.63482,0.047348,0.011327,0.13561,0.2616,-0.032265,-0.01156,-0.050263,0.18552,0.27446,0.47052,-0.065078,-0.040865,0.085356,0.029419,0.89363,1,0.27415,-0.020908,0.43609,0.77208,0.79903,0.82709,0.12285,0.27719,0.42947,0.4289,0.16552,0.11918,-0.0091302,0.015867,0.094851,0.1078,-0.057042,0.19029,-0.067412,0.57584,0.18876,0.15808,0.12285,0.13702,0.19263,0.15459,0.099228,-0.045011,0.049985,-0.022097,0.099608,0.2378,-0.15277,0.21326,-0.093385,-0.0908,-0.012184,-0.054028,-0.11494,-0.043068,-0.13935,-0.091365,0.017842,0.0096675,0.16588,0.013879,0.10255,0.14492,0.6401,0.68327,0.42488,0.49278,0.084214,0.45981,0.31619,0.35899,0.19607,0.20884,0.084764,0.27864,0.10435,0.31294,0.27265,0.21401,0.0014654,0.3135,0.30062,0.31827
0.039662,-0.18948,0.8047,0.64691,-0.035236,0.21906,0.48465,0.22214,-0.10422,0.22267,-0.11833,-0.20595,0.16933,0.17996,0.26448,0.38511,-0.17826,-0.2241,0.46234,0.092276,0.29141,0.27415,1,0.50588,0.36946,0.35841,0.19915,0.12679,0.0030564,0.061489,0.56789,0.45915,0.29286,0.1285,0.3205,0.13209,-0.11886,-0.046447,0.072803,0.13906,0.07614,0.12332,0.048579,0.10672,0.069577,0.0062959,0.036665,0.015954,-0.075145,-0.14569,-0.11522,-0.15128,-0.1752,-0.089232,-0.22278,-0.014606,-0.084218,0.060668,-0.11897,-0.15416,0.02606,-0.075862,-0.23655,-0.14389,0.4488,0.20712,0.19489,-0.074554,0.19082,0.14915,0.34344,0.29343,0.11914,0.034309,-0.086404,0.10197,0.31005,0.088262,0.0047336,0.1034,-0.16748,0.11556,0.11181,0.15041,0.62224,0.23599,0.12024,0.4345,0.13114,0.13008
-0.18069,0.0039923,0.3915,0.59896,-0.12491,-0.11705,0.035483,0.15729,-0.10724,-0.079585,-0.39507,-0.06639,-0.15917,-0.11053,0.037975,0.013369,-0.27194,-0.23121,-0.01452,-0.11701,-0.078509,-0.020908,0.50588,1,0.088697,0.086355,-0.15876,-0.12983,-0.17455,-0.11744,0.2262,0.39036,0.049447,0.050373,0.29741,0.18329,0.14595,0.089365,0.34273,0.2136,0.26544,-0.24173,-0.15367,0.12103,-0.29056,-0.19907,0.015236,0.06,-0.36849,-0.34585,-0.28101,-0.23334,-0.40204,-0.31583,0.15146,0.19971,-0.26419,-0.20483,-0.25007,-0.24558,-0.24965,-0.20306,-0.38188,-0.29218,-0.0552,-0.034639,-0.13115,-0.0079444,-0.29873,-0.17715,-0.064367,-0.14651,-0.17463,-0.28371,-0.17385,-0.30925,0.066945,-0.06242,-0.30573,-0.18387,-0.33659,-0.2285,0.15239,0.043409,0.25098,0.2722,0.17162,0.17369,0.05278,0.019101
-0.091014,-0.30167,0.28323,-0.052259,0.48012,0.39791,0.145,-0.25751,0.37386,0.26006,-0.08481,-0.35007,0.0862,-0.25461,0.34343,0.23806,-0.10336,-0.20018,-0.067678,-0.075381,0.47698,0.43609,0.36946,0.088697,1,0.71864,0.572,0.46972,0.047862,0.05767,0.41419,0.27253,0.13283,0.023027,0.37692,0.30309,0.24858,-0.064023,0.09001,0.077946,0.18187,0.3862,0.17863,0.23936,0.11144,0.0048959,0.075622,0.071112,0.10209,-0.016192,0.15353,0.057026,0.071895,0.0028051,-0.068335,0.0017405,-0.0046412,-0.051773,-0.10558,-0.056493,-0.19223,-0.21261,-0.25964,-0.3511,0.12296,-0.011672,0.045201,-0.046401,0.030492,0.10956,0.41479,0.37637,0.35748,0.38102,0.33977,0.4636,0.34852,0.33194,0.29589,0.14969,-0.0043418,-0.076462,0.16762,0.093351,0.28549,0.031589,0.31894,0.14959,0.31407,-0.067385
-0.25041,-0.37179,0.1664,-0.0019666,0.50455,0.65912,0.072823,-0.055412,0.37336,0.3566,-0.058793,-0.055146,0.015161,0.059493,0.38079,0.46692,-0.12806,-0.13814,-0.082008,-0.16307,0.77407,0.77208,0.35841,0.086355,0.71864,1,0.78647,0.7932,0.10534,0.29059,0.58615,0.54455,0.14857,0.10616,0.19801,0.21266,0.12114,-0.013389,0.033797,0.1509,0.065443,0.46775,0.077928,0.16892,0.037497,0.094071,0.063654,0.045576,0.047014,-0.064617,0.071035,0.022993,-0.0039583,0.088242,-0.088734,0.18144,-0.17808,-0.13236,-0.10288,-0.11132,-0.17635,-0.10222,-0.19494,-0.22647,0.14505,0.066261,0.039455,-0.039536,-0.020416,0.092067,0.5321,0.53055,0.41088,0.47436,0.18224,0.4839,0.28742,0.28185,0.19576,0.19261,0.02409,0.15747,0.1319,0.19771,0.30784,0.18696,0.11315,0.25794,0.33996,0.19832
-0.20344,-0.32736,0.091225,-0.02009,0.54233,0.76237,0.18145,-0.0043006,0.37834,0.43709,-0.016553,-0.12016,0.089519,0.10875,0.37314,0.50876,-0.19122,-0.18677,-0.076052,-0.12197,0.79761,0.79903,0.19915,-0.15876,0.572,0.78647,1,0.92949,0.022055,0.12507,0.30091,0.25909,0.0010978,0.031464,0.077147,0.1921,0.10468,-0.029985,-0.25344,-0.0099141,-0.15643,0.60218,0.17618,0.1275,0.22037,0.15917,0.0017439,-0.023916,0.12899,0.0071077,0.12646,0.074034,0.082768,0.14873,-0.1822,0.10663,-0.12534,-0.073995,-0.1337,-0.11197,-0.17196,-0.007248,-0.18039,-0.19865,0.13104,0.17628,0.066963,-0.034847,0.044284,0.084581,0.62523,0.66556,0.45714,0.55387,0.25293,0.65801,0.26537,0.36472,0.22749,0.14432,-0.05078,0.11184,-0.089615,0.19143,0.2561,0.20397,0.13491,0.27982,0.40368,0.23229
-0.29706,-0.30834,-0.033358,-0.086365,0.49304,0.76102,0.034613,0.073752,0.34432,0.40043,-0.03503,0.036,-0.006282,0.13624,0.34022,0.46843,-0.087615,-0.045285,-0.12434,-0.15612,0.77452,0.82709,0.12679,-0.12983,0.46972,0.7932,0.92949,1,0.079842,0.16515,0.27883,0.31148,0.056301,0.093177,0.023282,0.11133,0.12912,0.0067946,-0.22795,-0.033129,-0.17292,0.51031,0.098591,0.069055,0.11786,0.12703,-0.015134,-0.019219,0.060586,-0.03568,0.047106,0.046621,0.033161,0.18271,-0.12538,0.19665,-0.16379,-0.11458,-0.090561,-0.095158,-0.17598,-0.0041545,-0.13611,-0.11266,0.023315,0.10839,0.012289,-0.053673,-0.059732,0.026013,0.58953,0.6279,0.42797,0.51472,0.21799,0.57166,0.23281,0.29399,0.21141,0.12461,0.01012,0.15326,-0.12282,0.17036,0.18274,0.16123,0.097665,0.26997,0.34118,0.30844
0.04638,0.22046,-0.14413,-0.21453,0.055634,0.096776,-0.00013282,0.11253,0.039586,-0.020554,0.55201,0.41741,0.2368,0.22195,0.4035,0.22498,0.69382,0.56607,0.26743,0.33852,0.1565,0.12285,0.0030564,-0.17455,0.047862,0.10534,0.022055,0.079842,1,0.75446,0.36611,0.33847,0.43288,0.4987,-0.23072,-0.24744,-0.014686,-0.030999,0.086244,0.09403,0.2184,0.024659,-0.27014,-0.2056,-0.18197,-0.14814,0.0056958,-0.12425,-0.058862,-0.050229,-0.094146,-0.20724,-0.1794,-0.11563,-0.11229,-0.038527,0.26644,0.1602,0.18286,0.066527,0.17792,0.21048,0.46952,0.43299,-0.12448,-0.088661,-0.023003,-0.16527,-0.015874,-0.093504,0.10946,0.036339,0.27899,0.1952,0.22448,0.032676,0.054814,-0.10352,0.3029,0.28249,0.71524,0.44846,0.42188,0.28666,-0.0026592,-0.033506,0.031036,0.07086,-0.13934,-0.080765
-0.0077883,0.17307,-0.13466,-0.095491,0.074634,0.27286,-0.013341,0.21485,0.028384,0.231,0.37412,0.52265,0.17133,0.46671,0.33243,0.53829,0.38317,0.41601,0.20474,0.22777,0.33514,0.27719,0.061489,-0.11744,0.05767,0.29059,0.12507,0.16515,0.75446,1,0.47985,0.44744,0.37632,0.43868,-0.17687,-0.15301,-0.087557,0.054018,0.15526,0.20477,0.25775,0.21246,-0.31838,-0.23478,-0.19486,-0.11218,0.00063693,-0.12902,-0.013366,-0.045652,-0.054206,-0.13267,-0.10383,-0.025134,-0.11769,0.10976,0.094499,0.15059,0.10886,0.010192,0.14119,0.20821,0.23467,0.35702,0.019985,0.05151,0.0030553,-0.19704,0.048834,-0.076418,0.090912,0.10912,0.28158,0.29645,0.10909,0.16033,0.0058257,-0.068994,0.13224,0.25418,0.48203,0.57193,0.53416,0.37325,0.056448,0.12146,-0.11241,0.10474,-0.082891,0.12427
-0.052189,-0.26578,0.29177,0.18298,0.064187,0.27158,0.25299,0.10598,0.041349,0.14817,0.13981,0.053711,0.10936,0.11651,0.29168,0.38414,0.061204,-0.069942,0.1296,0.025992,0.50212,0.42947,0.56789,0.2262,0.41419,0.58615,0.30091,0.27883,0.36611,0.47985,1,0.87599,0.43624,0.37932,0.12813,0.099825,-0.15727,-0.2471,0.20879,0.29989,0.17185,0.22498,-0.021851,0.017297,-0.043542,0.034682,0.0073182,-0.10003,0.027485,-0.021962,-0.0017504,-0.047273,-0.098044,-0.059194,-0.20746,-0.050426,-0.085277,-0.079647,-0.021931,-0.10324,0.0012393,-0.033952,-0.024342,-0.028236,0.23147,0.13242,0.092038,-0.11986,0.03635,-0.0071586,0.35736,0.29212,0.19845,0.21948,-0.033848,0.20773,0.13565,0.012956,0.27285,0.35349,0.23668,0.19837,0.29505,0.23764,0.27607,-0.038825,-0.052525,0.07519,0.10985,-0.097368
-0.19838,-0.20094,0.12268,0.19681,0.054751,0.24083,0.055722,0.20405,0.0063949,0.14588,-0.024022,0.16235,-0.10053,0.11531,0.20429,0.3159,0.072897,-0.0095255,-0.0013362,-0.043435,0.43217,0.4289,0.45915,0.39036,0.27253,0.54455,0.25909,0.31148,0.33847,0.44744,0.87599,1,0.4493,0.47155,0.088147,0.10199,-0.09814,-0.191,0.20773,0.24889,0.10515,0.087337,-0.15521,-0.04587,-0.17398,-0.04928,-0.035833,-0.1029,-0.13601,-0.12882,-0.17436,-0.1391,-0.24104,-0.12625,-0.12871,0.046289,-0.12692,-0.14242,-0.057025,-0.12949,-0.042522,-0.035038,-0.061149,-0.026034,0.02239,0.087152,-0.021802,-0.1256,-0.11471,-0.11375,0.29981,0.22537,0.18055,0.18682,-0.088889,0.13317,0.085367,-0.040584,0.11842,0.25801,0.18526,0.14801,0.221,0.17281,0.16244,-0.025638,-0.12861,0.062356,0.060167,-0.0362
0.36947,0.25523,0.075567,0.035637,-0.19028,-0.085675,-0.029389,0.12007,-0.35002,-0.025193,0.20622,0.2492,-0.09749,0.14969,-0.17135,0.078603,0.42173,0.40207,0.37774,0.39586,0.1214,0.16552,0.29286,0.049447,0.13283,0.14857,0.0010978,0.056301,0.43288,0.37632,0.43624,0.4493,1,0.82213,0.074012,-0.024264,-0.12959,-0.19464,-0.0082974,-0.041074,0.046902,0.023241,-0.082838,-0.14479,-0.04226,-0.077737,-0.023541,-0.11534,0.053821,0.090096,-0.031307,-0.041721,-0.036193,-0.27655,-0.23231,-0.081207,0.38938,0.29086,0.18503,0.10045,0.33969,0.057672,0.31627,0.4896,-0.010816,-0.10976,0.1038,-0.11907,0.17086,0.027568,0.1391,0.032784,0.28826,0.27991,0.0073104,0.14521,0.19998,-0.016074,0.37187,0.35393,0.46122,0.26432,0.0044883,-0.064218,0.050813,-0.25352,-0.35359,-0.00074963,-0.2873,-0.16741
0.24602,0.22222,-0.078256,-0.034373,-0.06828,-0.033662,0.027827,0.1981,-0.18146,0.014117,0.29789,0.34603,-0.014754,0.13422,-0.10333,0.091707,0.36555,0.34386,0.19313,0.35934,0.12311,0.11918,0.1285,0.050373,0.023027,0.10616,0.031464,0.093177,0.4987,0.43868,0.37932,0.47155,0.82213,1,0.02716,0.083941,-0.17536,-0.1792,-0.072174,-0.10011,0.019437,-0.0044361,-0.20689,-0.15081,-0.12207,-0.032264,-0.059432,-0.14142,-0.022278,0.050523,0.015564,-0.042234,-0.12628,-0.31024,-0.1652,-0.061688,0.21486,0.14023,0.08082,-0.0017604,0.18375,0.094121,0.33984,0.38905,-0.082349,-0.025771,-0.090318,-0.05988,-0.017771,-0.040203,0.091718,-0.014641,0.29629,0.33157,0.093799,0.17519,0.099338,0.0012717,0.26739,0.26263,0.4107,0.17837,-0.05061,-0.12074,-0.051814,-0.23764,-0.31385,-0.095054,-0.20589,-0.22074
-0.1221,-0.093573,0.23825,0.17664,0.013447,-0.0049979,-0.038994,-0.099055,0.0098166,0.017632,-0.36225,-0.22557,-0.23369,-0.16174,-0.074013,-0.075,-0.16048,-0.15826,-0.089761,-0.18298,0.045446,-0.0091302,0.3205,0.29741,0.37692,0.19801,0.077147,0.023282,-0.23072,-0.17687,0.12813,0.088147,0.074012,0.02716,1,0.69623,0.19398,0.13028,0.2091,0.098033,0.27141,-0.0097289,0.15024,0.415,0.00036581,-0.03195,0.14788,0.22008,-0.075157,-0.16236,0.07099,0.2028,-0.088065,-0.12867,0.092945,0.11867,-0.13271,-0.074089,-0.30948,-0.23752,-0.28902,-0.2889,-0.35486,-0.3133,0.075705,0.064665,0.10642,0.041815,-0.05732,-0.0069158,-0.032288,-0.01926,0.040765,-0.028502,0.067804,-0.020421,0.2434,0.1188,-0.041633,-0.12917,-0.2394,-0.16963,0.073438,-0.033252,0.24204,0.22215,0.18072,0.14724,-0.03285,-0.11623
-0.12942,-0.24505,0.059447,0.044478,0.13208,0.095763,0.04019,-0.084069,0.16724,0.098006,-0.21437,-0.13986,-0.11995,-0.095737,-0.048042,0.023568,-0.26207,-0.32351,-0.24944,-0.21132,0.1186,0.015867,0.13209,0.18329,0.30309,0.21266,0.1921,0.11133,-0.24744,-0.15301,0.099825,0.10199,-0.024264,0.083941,0.69623,1,0.12112,0.077631,0.11105,0.052775,0.20622,0.13941,0.12546,0.38464,-0.033126,0.12982,0.086184,0.15607,-0.027465,-0.10527,0.30792,0.34773,-0.024047,-0.15899,0.15689,0.10039,-0.18718,-0.26926,-0.31349,-0.30629,-0.33188,-0.27034,-0.25386,-0.41169,0.044687,0.18715,-0.023835,0.12802,-0.066116,-0.013299,-0.037034,0.0067983,0.093644,0.11833,0.17822,0.15591,0.18877,0.21053,0.026173,-0.158,-0.23897,-0.27272,-0.055853,-0.12621,0.13199,0.18299,0.13372,-0.027511,0.2131,-0.072435
-0.28434,0.040915,-0.14323,-0.12168,0.0079695,-0.012591,-0.34346,-0.18741,0.16502,-0.055052,-0.31331,-0.093192,-0.22508,-0.20163,0.13119,-0.059783,-0.043967,0.027812,-0.15075,-0.03682,0.024254,0.094851,-0.11886,0.14595,0.24858,0.12114,0.10468,0.12912,-0.014686,-0.087557,-0.15727,-0.09814,-0.12959,-0.17536,0.19398,0.12112,1,0.59708,0.39095,0.19831,0.34103,0.010626,0.0045952,0.136,-0.17225,-0.21385,0.31337,0.27101,-0.17203,-0.19334,-0.089764,-0.088721,0.14877,0.064873,0.52651,0.42955,-0.018343,-0.10748,0.0052866,0.03367,-0.11024,-0.087668,-0.14912,-0.11991,-0.25082,-0.19839,-0.16566,-0.074673,-0.20094,-0.065782,-0.056802,-0.052427,0.20043,0.038706,0.39672,-0.068786,0.15082,0.16496,-0.079451,-0.094132,0.030301,-0.029976,0.14622,0.034539,0.20147,0.18666,0.32988,0.081008,0.22197,0.14739
-0.27558,0.11722,-0.11321,0.042817,-0.11156,0.064392,-0.30266,-0.084024,0.06245,0.034871,-0.26858,0.011876,-0.21255,0.13847,0.11265,0.12148,-0.02758,0.14873,0.07162,0.12312,-0.029472,0.1078,-0.046447,0.089365,-0.064023,-0.013389,-0.029985,0.0067946,-0.030999,0.054018,-0.2471,-0.191,-0.19464,-0.1792,0.13028,0.077631,0.59708,1,0.35505,0.33666,0.2131,0.044111,0.16066,0.26444,-0.10934,-0.10951,0.55496,0.54329,-0.12752,-0.21618,-0.069354,-0.18354,0.24363,0.32333,0.52678,0.5611,-0.012032,0.0042775,0.1111,0.087436,-0.046133,-0.0098262,-0.094673,0.026602,-0.23946,-0.22743,0.050356,0.095035,0.052549,0.1107,-0.25049,-0.11211,0.0075048,-0.097325,0.16079,-0.27219,0.013177,0.038344,-0.29338,-0.17004,0.025912,0.29379,0.18042,0.14573,0.23528,0.45444,0.2419,0.29366,0.056372,0.3969
-0.16521,0.019781,-0.044533,-0.011762,-0.11982,-0.22472,-0.28354,-0.094836,0.10065,-0.17154,-0.17174,0.093489,-0.17454,-0.20367,0.19063,-0.050893,-0.019332,0.02812,-0.051632,-0.061497,-0.064105,-0.057042,0.072803,0.34273,0.09001,0.033797,-0.25344,-0.22795,0.086244,0.15526,0.20879,0.20773,-0.0082974,-0.072174,0.2091,0.11105,0.39095,0.35505,1,0.79061,0.63134,-0.23304,0.076826,0.21503,-0.27143,-0.091941,0.37293,0.35775,-0.19459,-0.13875,-0.078337,-0.067641,0.050294,0.065087,0.57606,0.32847,-0.10103,-0.12062,-0.018161,-0.044534,-0.12786,-0.10125,-0.068827,-0.080793,-0.17413,-0.16773,-0.054279,0.070797,-0.29067,-0.19364,-0.36943,-0.40122,-0.23592,-0.37011,-0.018078,-0.46754,-0.12387,-0.22092,-0.054153,0.041293,0.15179,0.0030607,0.63963,0.3736,0.066173,0.0097534,0.30929,0.039865,0.089159,-0.0062392
-0.1416,-0.061511,0.0056467,0.047625,-0.024017,0.021212,-0.12437,-0.10702,0.12875,-0.047683,-0.037663,0.03536,-0.016523,-0.044272,0.3016,0.15297,-0.011587,0.014229,0.039866,0.0079403,0.15847,0.19029,0.13906,0.2136,0.077946,0.1509,-0.0099141,-0.033129,0.09403,0.20477,0.29989,0.24889,-0.041074,-0.10011,0.098033,0.052775,0.19831,0.33666,0.79061,1,0.44669,0.053836,0.28398,0.20836,-0.064194,-0.078267,0.35132,0.33428,-0.091102,-0.13783,-0.061604,-0.15309,0.093403,0.15233,0.30476,0.25777,-0.043429,-0.01521,-0.019017,-0.011431,-0.1051,-0.027865,-0.1235,-0.084647,-0.078919,-0.093021,0.092636,0.051707,-0.094487,-0.1214,-0.18137,-0.16298,-0.20374,-0.25508,-0.13182,-0.30962,-0.11424,-0.1206,0.083173,0.23341,0.17488,0.17818,0.56727,0.61133,0.15554,0.14994,0.253,0.19767,0.092747,0.051473
-0.0037666,-0.02808,0.019519,-0.022727,-0.04929,-0.14541,-0.11207,-0.13807,0.11119,-0.1593,0.013142,0.065977,0.056275,-0.11476,0.17412,0.052616,0.075406,0.072133,-0.088689,-0.13208,0.057342,-0.067412,0.07614,0.26544,0.18187,0.065443,-0.15643,-0.17292,0.2184,0.25775,0.17185,0.10515,0.046902,0.019437,0.27141,0.20622,0.34103,0.2131,0.63134,0.44669,1,0.088855,-0.14026,0.18393,-0.29677,-0.12289,0.20107,0.14327,-0.1384,-0.14093,0.074165,0.048666,-0.021504,-0.067629,0.29296,0.16053,-0.021739,-0.14649,-0.18495,-0.2714,-0.1533,-0.24467,0.054559,-0.084984,-0.053438,-0.16969,-0.12582,-0.050804,-0.22408,-0.18313,-0.20076,-0.23684,0.056596,-0.12259,0.23955,-0.20777,0.096181,-0.064327,0.020556,-0.058557,0.15022,-0.018301,0.60659,0.27326,0.052766,0.048215,0.28628,0.074168,0.077497,-0.07903
0.038632,-0.34449,0.1103,-0.016112,0.19718,0.53901,0.24899,-0.11698,0.14701,0.29797,0.1098,-0.17494,0.1577,0.16095,0.11076,0.45725,-0.10889,-0.12995,0.041109,0.037389,0.62446,0.57584,0.12332,-0.24173,0.3862,0.46775,0.60218,0.51031,0.024659,0.21246,0.22498,0.087337,0.023241,-0.0044361,-0.0097289,0.13941,0.010626,0.044111,-0.23304,0.053836,0.088855,1,0.19332,0.12256,0.34785,0.22258,0.046335,0.025718,0.34753,0.13393,0.29529,0.159,0.28951,0.21146,-0.32069,-0.056989,0.06337,-0.016847,0.03217,-0.014826,0.015208,-0.03954,-0.049089,-0.083403,0.18205,0.10352,0.25003,-0.028567,0.37745,0.23382,0.51584,0.62095,0.37512,0.54882,0.24494,0.64401,0.33802,0.45157,0.2013,0.089851,-0.0080966,0.17812,0.0045516,0.20639,0.12899,0.15041,-0.051092,0.13308,0.19637,0.20483
0.012125,-0.18188,0.069376,-0.031981,-0.041727,0.0052478,0.023948,-0.28803,-0.034485,-0.11495,-0.066059,-0.3564,-0.072266,-0.18203,-0.085446,-0.15938,-0.094324,-0.18471,0.13639,0.13064,0.10227,0.18876,0.048579,-0.15367,0.17863,0.077928,0.17618,0.098591,-0.27014,-0.31838,-0.021851,-0.15521,-0.082838,-0.20689,0.15024,0.12546,0.0045952,0.16066,0.076826,0.28398,-0.14026,0.19332,1,0.63057,0.60558,0.42683,0.45882,0.50548,0.50358,0.3638,0.38164,0.22904,0.54427,0.41288,0.10373,0.06481,-0.0072351,-0.046683,0.10698,0.2094,-0.15578,-0.055005,-0.30321,-0.23099,0.0046414,0.0082725,0.3894,0.30247,0.16855,0.25644,0.073566,0.12664,-0.10283,-0.015,-0.10498,0.036854,0.054279,0.22151,0.28168,0.19096,-0.051621,0.048293,-0.13169,0.080895,0.0903,0.08045,0.014769,-0.047215,-0.025714,-0.066542
-0.14695,-0.14108,0.051079,0.01499,-0.01685,0.013307,-0.1305,-0.26524,0.080526,-0.18184,-0.2489,-0.25772,-0.25848,-0.25338,-0.038338,-0.2176,-0.15652,-0.11482,-0.011459,-0.091239,0.16031,0.15808,0.10672,0.12103,0.23936,0.16892,0.1275,0.069055,-0.2056,-0.23478,0.017297,-0.04587,-0.14479,-0.15081,0.415,0.38464,0.136,0.26444,0.21503,0.20836,0.18393,0.12256,0.63057,1,0.29,0.49459,0.57291,0.70091,0.22138,0.1881,0.35023,0.27207,0.28619,0.35008,0.30532,0.3308,-0.14645,-0.26083,-0.10812,-0.057153,-0.33274,-0.25691,-0.27801,-0.34071,-0.13203,-0.15256,0.28567,0.42057,-0.043791,0.17069,0.023872,0.049889,-0.026824,-0.051873,0.045105,-0.05179,0.11922,0.19034,-0.003105,-0.10588,-0.15509,-0.031057,0.053233,0.046404,0.070765,0.23038,0.18491,0.015445,0.012239,-0.038823
0.22431,-0.084741,0.21046,0.096635,-0.063014,0.14938,0.29109,-0.08562,-0.24227,0.091486,0.019067,-0.36827,-0.022714,-0.0059428,-0.24005,0.021912,-0.078829,-0.23906,0.34842,0.24996,0.090312,0.12285,0.069577,-0.29056,0.11144,0.037497,0.22037,0.11786,-0.18197,-0.19486,-0.043542,-0.17398,-0.04226,-0.12207,0.00036581,-0.033126,-0.17225,-0.10934,-0.27143,-0.064194,-0.29677,0.34785,0.60558,0.29,1,0.56769,0.16221,0.18299,0.80802,0.63613,0.39421,0.33815,0.47896,0.31872,-0.2965,-0.21358,0.053412,0.093222,0.16983,0.31688,0.049091,0.15779,-0.20174,-0.056111,0.24515,0.32881,0.47156,0.09025,0.3843,0.32722,0.23901,0.34126,0.069688,0.21176,-0.028396,0.35347,0.14333,0.2969,0.1103,-0.024188,-0.21946,-0.0040476,-0.20692,0.022404,-0.013491,-0.010298,-0.20675,-0.051682,-0.22421,-0.11792
0.077073,-0.20375,0.037572,0.047695,0.017096,0.11119,0.11853,0.031287,-0.067352,-0.014852,0.031693,-0.090857,-0.032387,0.0090257,-0.15907,-0.026194,-0.14967,-0.25809,0.1618,0.039272,0.19812,0.13702,0.0062959,-0.19907,0.0048959,0.094071,0.15917,0.12703,-0.14814,-0.11218,0.034682,-0.04928,-0.077737,-0.032264,-0.03195,0.12982,-0.21385,-0.10951,-0.091941,-0.078267,-0.12289,0.22258,0.42683,0.49459,0.56769,1,0.27049,0.38507,0.63551,0.7307,0.53868,0.59939,0.40551,0.43936,0.046692,-0.0042812,-0.18355,-0.19373,0.20831,0.24512,-0.054091,0.1374,-0.074342,-0.13269,0.11735,0.19917,0.38451,0.56371,0.087721,0.34193,0.19624,0.21164,-0.034547,0.07712,-0.032825,0.19985,0.13214,0.32159,-0.0068623,-0.073726,-0.16049,-0.081375,-0.08666,-0.098368,-0.072702,-0.059817,-0.19174,-0.20193,0.10837,0.054973
-0.095274,-0.0053332,-0.015214,0.0081718,-0.1623,-0.048624,-0.13407,-0.13391,0.0065002,-0.13022,-0.15292,-0.1116,-0.16336,-0.036833,0.018599,-0.050397,-0.074041,0.077862,0.23055,0.25807,0.070642,0.19263,0.036665,0.015236,0.075622,0.063654,0.0017439,-0.015134,0.0056958,0.00063693,0.0073182,-0.035833,-0.023541,-0.059432,0.14788,0.086184,0.31337,0.55496,0.37293,0.35132,0.20107,0.046335,0.45882,0.57291,0.16221,0.27049,1,0.86628,0.15944,0.11695,0.13404,-0.04703,0.5266,0.50706,0.5367,0.44798,0.010819,-0.18839,0.15553,0.063319,-0.10461,-0.087654,-0.040782,-0.077283,-0.26903,-0.28938,0.2801,0.373,0.13335,0.29357,-0.13209,-0.015018,-0.087407,-0.134,0.063162,-0.24201,-0.014626,0.017814,-0.16011,-0.10337,0.031255,0.16023,0.1674,0.081992,0.076572,0.11869,0.12026,0.084948,0.060198,0.16093
-0.14147,0.021543,-0.066091,0.05801,-0.085329,-0.00036922,-0.24483,-0.041619,0.079004,-0.060897,-0.2877,-0.057046,-0.27228,-0.038066,-0.018019,-0.1006,-0.13283,0.06944,0.1603,0.12135,0.021895,0.15459,0.015954,0.06,0.071112,0.045576,-0.023916,-0.019219,-0.12425,-0.12902,-0.10003,-0.1029,-0.11534,-0.14142,0.22008,0.15607,0.27101,0.54329,0.35775,0.33428,0.14327,0.025718,0.50548,0.70091,0.18299,0.38507,0.86628,1,0.14584,0.17888,0.0973,0.068214,0.46155,0.51283,0.50305,0.45541,-0.025363,-0.16949,0.14955,0.10734,-0.14497,-0.049254,-0.17196,-0.13009,-0.33266,-0.30189,0.3679,0.55305,0.069445,0.30389,-0.0922,-0.00082629,-0.18964,-0.19361,0.027234,-0.23509,0.019606,0.084757,-0.22424,-0.14625,-0.090127,0.10191,0.11694,0.081229,-0.0051656,0.16087,0.12924,0.11526,0.017177,0.21265
0.32528,-0.035437,0.059923,-0.091409,-0.12611,0.018869,0.15766,-0.17892,-0.31322,-0.062256,0.19373,-0.19805,0.045507,0.066968,-0.31083,-0.021176,0.08791,-0.13907,0.30219,0.29235,0.11317,0.099228,-0.075145,-0.36849,0.10209,0.047014,0.12899,0.060586,-0.058862,-0.013366,0.027485,-0.13601,0.053821,-0.022278,-0.075157,-0.027465,-0.17203,-0.12752,-0.19459,-0.091102,-0.1384,0.34753,0.50358,0.22138,0.80802,0.63551,0.15944,0.14584,1,0.83326,0.68801,0.61292,0.60525,0.35041,-0.23847,-0.22543,0.10026,0.087081,0.37138,0.45867,0.12399,0.20291,-0.053333,0.055673,0.18664,0.23341,0.47324,0.16892,0.33962,0.35562,0.18193,0.26981,0.1083,0.25739,-0.045309,0.31883,0.15458,0.31512,0.2585,0.073707,-0.0092572,0.042521,-0.07197,-0.0063019,-0.074269,-0.074013,-0.3049,-0.23469,-0.18113,-0.17369
0.33793,0.11979,-0.045624,-0.079723,-0.1097,-0.097867,0.04729,-0.0070346,-0.24804,-0.11091,0.16127,-0.038706,0.034804,0.02895,-0.31518,-0.11668,0.033269,-0.092142,0.27105,0.21269,0.0025127,-0.045011,-0.14569,-0.34585,-0.016192,-0.064617,0.0071077,-0.03568,-0.050229,-0.045652,-0.021962,-0.12882,0.090096,0.050523,-0.16236,-0.10527,-0.19334,-0.21618,-0.13875,-0.13783,-0.14093,0.13393,0.3638,0.1881,0.63613,0.7307,0.11695,0.17888,0.83326,1,0.57019,0.66769,0.5463,0.36882,-0.0938,-0.15096,0.036003,0.072149,0.41285,0.51818,0.1703,0.30699,0.016867,0.10156,0.085167,0.18908,0.32853,0.29732,0.15096,0.2927,0.12069,0.12163,0.05829,0.15293,-0.032282,0.22042,0.044973,0.18066,0.11021,0.063134,-0.048565,-0.04379,-0.086521,-0.096729,-0.21568,-0.23615,-0.34092,-0.32414,-0.17024,-0.12821
0.29371,-0.19943,0.014135,-0.29924,0.0092708,-0.02851,0.16969,-0.37606,-0.088112,-0.19196,0.34825,-0.15262,0.27253,-0.064767,-0.15282,-0.092771,-0.0099501,-0.19446,0.051438,0.074385,0.12672,0.049985,-0.11522,-0.28101,0.15353,0.071035,0.12646,0.047106,-0.094146,-0.054206,-0.0017504,-0.17436,-0.031307,0.015564,0.07099,0.30792,-0.089764,-0.069354,-0.078337,-0.061604,0.074165,0.29529,0.38164,0.35023,0.39421,0.53868,0.13404,0.0973,0.68801,0.57019,1,0.7591,0.48355,0.24876,0.045138,-0.059216,-0.028536,-0.15966,0.18605,0.15894,-0.032298,-0.025482,0.075181,-0.10596,0.30031,0.2,0.18639,0.18752,0.10425,0.1691,0.037384,0.11912,0.16259,0.24871,0.1454,0.22988,0.11874,0.27204,0.36853,0.036611,0.054498,-0.10744,-0.079269,-0.11261,0.1022,-0.03039,-0.06057,-0.34834,0.15482,-0.20437
