1,0.68835,0.69959,0.56625,0.066769,-0.11044,0.76149,0.33784,-0.018626,-0.14895,0.15101,0.30978,0.2441,0.20877,0.15695,-0.21968,-0.087074,-0.0056897,0.72236,0.83281,-0.20029,-0.18534,0.32965,0.45013,-0.093765,-0.076968,-0.17777,-0.11908,0.23879,-0.362,0.16465,-0.0098061,0.17909,0.13142,-0.20395,-0.26395,0.038618,-0.29336,0.17398,0.28384,-0.025589,-0.21506,-0.23667,-0.40472,0.036823,-0.043853,-0.15705,-0.294,0.12823,0.17538,-0.14936,-0.068754,0.42702,-0.15786,0.29018,0.12795,0.78241,0.69443,0.69852,0.60016,0.67451,0.43182,0.27709,0.36776,0.12095,0.19407,0.40537,0.2169,0.60103,0.61478,-0.08596,-0.17213,-0.03149,-0.46062,-0.060259,-0.28844,-0.40937,-0.47173,0.18537,0.11085,0.11926,-0.19869,0.19178,0.00054971,0.062733,-0.39003,0.068112,0.35949,0.10443,-0.14322
0.68835,1,0.50292,0.6059,-0.13424,-0.15024,0.42149,0.39966,-0.20711,-0.13442,-0.21254,0.22818,-0.24204,0.11708,-0.055262,-0.078606,-0.13674,0.14259,0.75699,0.7204,-0.090123,-0.052509,0.24928,0.40813,-0.11035,-0.050463,-0.23437,-0.14304,0.14545,-0.1545,0.084273,0.023474,0.10842,0.10126,-0.24849,-0.35517,-0.028623,-0.15898,0.094877,0.30359,-0.15748,-0.13685,-0.016496,-0.18263,0.22142,0.11866,-0.046297,-0.041422,0.26575,0.34091,-0.19706,0.22735,0.26149,0.21026,0.17524,0.30869,0.65141,0.88262,0.63641,0.69875,0.50809,0.56867,-0.12582,0.35754,-0.04953,0.26148,0.34486,0.032224,0.74603,0.38237,0.061806,-0.17881,-0.075981,-0.27403,-0.17876,-0.25461,-0.33118,-0.42497,0.27581,0.069588,0.010087,0.1694,0.080495,0.17781,-0.13144,-0.079073,-0.1264,0.35539,-0.16914,0.034273
0.69959,0.50292,1,0.7774,-0.21052,-0.33413,0.92513,0.53178,-0.22227,-0.31136,0.15982,0.19718,0.23943,0.18718,0.087463,-0.17081,-0.35766,-0.34297,0.66992,0.64766,-0.38552,-0.28223,0.79364,0.78344,-0.22609,-0.18288,-0.34731,-0.33919,0.076836,-0.42874,0.13313,-0.072012,0.072693,-0.050187,0.053734,0.024482,0.11684,-0.15421,0.16257,0.27248,0.050527,-0.11193,-0.20728,-0.28099,0.025092,-0.0049954,-0.25868,-0.29447,0.16771,0.15505,-0.030121,0.058433,0.043221,-0.21264,0.16727,0.1656,0.37073,0.48268,0.61756,0.55984,0.56027,0.5155,0.19127,0.41621,0.53027,0.42217,0.46841,0.28772,0.49378,0.42262,-0.1399,-0.00080118,-0.078195,-0.36166,-0.062266,-0.29114,-0.40069,-0.43345,-0.15873,-0.22177,-0.13776,-0.30362,0.25337,0.032513,0.20436,-0.022912,0.042887,0.30043,0.20182,-0.011349
0.56625,0.6059,0.7774,1,-0.33786,-0.36227,0.72908,0.85749,-0.38451,-0.26734,-0.13986,0.52182,-0.02424,0.49067,0.057286,0.033386,-0.45037,-0.12274,0.55514,0.6303,-0.18785,-0.18256,0.63226,0.84295,-0.31754,-0.20326,-0.4573,-0.39175,0.28348,-0.22035,0.13832,0.016562,0.061956,0.046577,-0.26509,-0.19416,0.22154,-0.11363,0.24843,0.31179,0.097162,-0.07731,-0.36268,-0.4048,-0.15626,-0.15084,-0.38054,-0.34135,0.04925,0.21355,-0.34714,0.21949,-0.00048025,-0.14669,0.24712,0.23691,0.28019,0.63033,0.61339,0.7127,0.44965,0.675,0.14263,0.65912,0.14678,0.49784,0.4222,0.29904,0.46337,0.44225,-0.058961,-0.070349,0.037492,-0.32323,-0.052741,-0.21472,-0.35603,-0.41437,-0.12789,-0.14185,-0.098568,0.0057252,0.2367,0.12192,-0.015931,0.20624,0.0056753,0.4031,0.14984,0.15382
0.066769,-0.13424,-0.21052,-0.33786,1,0.91454,-0.14608,-0.49694,0.93554,0.83373,-0.046191,-0.3134,0.11895,-0.18013,0.56911,0.31372,0.30811,0.15962,0.016812,0.1187,0.58768,0.58786,-0.31071,-0.33108,0.70677,0.6865,0.79337,0.87089,0.068585,0.23255,0.1523,0.15372,-0.28311,-0.23098,0.11918,0.033477,-0.041282,-0.020254,0.32683,0.28613,0.094967,0.20904,0.24292,0.016858,0.20893,0.15809,0.43994,0.34444,-0.28451,-0.37889,-0.071391,-0.53603,0.15536,0.050627,0.26517,0.19754,0.17761,-0.20757,-0.23077,-0.35131,-0.19808,-0.35774,-0.1343,-0.37522,-0.10437,-0.51616,-0.074394,0.00033081,0.043585,0.37445,0.15863,0.11871,0.11144,0.065819,0.16619,0.2536,-0.057479,0.004229,0.33602,0.049324,0.2914,0.076995,0.34867,0.36176,0.37196,-0.26754,0.5012,0.34786,0.35888,0.23316
-0.11044,-0.15024,-0.33413,-0.36227,0.91454,1,-0.31584,-0.48276,0.86902,0.92536,-0.17669,-0.37462,-0.063984,-0.22519,0.51273,0.45453,0.28431,0.14422,-0.037296,0.0026031,0.68161,0.68437,-0.39614,-0.40631,0.64829,0.65127,0.81669,0.92589,0.050134,0.34489,0.060336,0.12948,-0.28957,-0.25422,0.052141,-0.0074683,-0.00014891,0.12558,0.35159,0.34333,0.16094,0.36636,0.29036,0.10452,0.22662,0.13164,0.46393,0.39645,-0.22952,-0.37403,-0.13323,-0.47769,0.071146,0.11212,0.25268,0.27707,0.055906,-0.2389,-0.30714,-0.36431,-0.29074,-0.34598,-0.22298,-0.36602,-0.19671,-0.51248,-0.12763,-0.08713,0.04802,0.25886,0.16756,0.12259,0.16749,0.19843,0.21883,0.35065,0.092673,0.14679,0.29649,-0.045097,0.27799,0.22117,0.37738,0.50271,0.36975,-0.082671,0.52431,0.36352,0.33533,0.39705
0.76149,0.42149,0.92513,0.72908,-0.14608,-0.31584,1,0.56991,-0.17324,-0.30818,0.26326,0.32733,0.43307,0.30435,0.11495,-0.20813,-0.32381,-0.31176,0.58323,0.63206,-0.36851,-0.31403,0.69342,0.71467,-0.22558,-0.1997,-0.36619,-0.32652,0.11732,-0.46428,0.16257,-0.028228,0.12857,0.051858,-0.047152,-0.055512,0.089586,-0.25283,0.14904,0.1994,0.054455,-0.19848,-0.29502,-0.37536,-0.042802,-0.066646,-0.3005,-0.39075,0.13099,0.14801,-0.05549,0.035849,0.16629,-0.34078,0.17792,0.055373,0.42842,0.44287,0.64406,0.56128,0.63764,0.5074,0.36718,0.42429,0.41833,0.39139,0.46442,0.34988,0.38481,0.43917,-0.1702,-0.05013,-0.071954,-0.47197,-0.034512,-0.29958,-0.43634,-0.4781,-0.19864,-0.14466,-0.10962,-0.37895,0.19656,-0.067016,0.11258,-0.15871,0.021328,0.25483,0.1662,-0.1321
0.33784,0.39966,0.53178,0.85749,-0.49694,-0.48276,0.56991,1,-0.51973,-0.36585,-0.056903,0.70616,0.045449,0.65846,-0.094834,-0.010143,-0.4041,-0.037165,0.2752,0.34127,-0.19485,-0.26533,0.49597,0.73382,-0.43511,-0.3084,-0.59101,-0.51653,0.33575,-0.16501,0.16808,0.097233,0.21346,0.29501,-0.35966,-0.22327,0.096047,-0.23374,0.062466,0.032071,0.079684,-0.21562,-0.53513,-0.50709,-0.2962,-0.27553,-0.54361,-0.50359,-0.0020314,0.25739,-0.39629,0.35355,0.014581,-0.29489,0.042303,-0.040379,0.12358,0.51075,0.54432,0.69428,0.43484,0.73375,0.26921,0.70191,0.0064973,0.54724,0.35412,0.38268,0.16673,0.22677,-0.14335,-0.12899,0.0015252,-0.35987,-0.069999,-0.18329,-0.26685,-0.34634,-0.21921,-0.1291,-0.068673,0.058055,0.032922,-0.048204,-0.26313,0.19377,-0.1977,0.15916,-0.061656,-0.023381
-0.018626,-0.20711,-0.22227,-0.38451,0.93554,0.86902,-0.17324,-0.51973,1,0.8612,0.088853,-0.31167,0.24601,-0.15957,0.63788,0.43245,0.38293,0.18849,-0.029297,0.017858,0.56103,0.58465,-0.25846,-0.31712,0.61509,0.59627,0.71776,0.79638,0.028689,0.33312,0.13727,0.16312,-0.36213,-0.26282,0.070146,0.0025333,-0.075261,0.049106,0.25295,0.21225,0.048078,0.25208,0.18793,0.046335,0.10953,0.12127,0.37455,0.33356,-0.34645,-0.47748,-0.11357,-0.59321,0.081882,-0.0082234,0.21061,0.14203,0.12674,-0.29271,-0.29371,-0.40917,-0.18242,-0.33029,-0.032648,-0.38497,-0.064225,-0.59086,-0.25295,-0.15784,-0.082619,0.28398,0.17097,0.14826,0.12256,0.16801,0.21625,0.35348,0.00070202,0.056679,0.26137,0.065362,0.32391,0.10737,0.32394,0.37414,0.39912,-0.20489,0.49194,0.30951,0.35435,0.25147
-0.14895,-0.13442,-0.31136,-0.26734,0.83373,0.92536,-0.30818,-0.36585,0.8612,1,-0.13002,-0.26267,-0.011127,-0.08169,0.59752,0.61532,0.25715,0.1664,-0.046831,-0.0409,0.68402,0.68506,-0.3223,-0.29516,0.51963,0.55266,0.6905,0.82088,0.068615,0.42475,0.018334,0.12352,-0.38837,-0.29218,-0.044006,-0.058767,0.064143,0.21782,0.37624,0.37534,0.14953,0.43573,0.17986,0.061723,0.089125,0.042956,0.36789,0.357,-0.32435,-0.43084,-0.29645,-0.47682,-0.00088619,0.066785,0.31008,0.3321,0.0090019,-0.22112,-0.28143,-0.29652,-0.24576,-0.2096,-0.16943,-0.26418,-0.23476,-0.49127,-0.21511,-0.17054,-0.027286,0.21749,0.23035,0.13161,0.18459,0.25704,0.23985,0.42408,0.087585,0.1358,0.19935,-0.027009,0.26703,0.28482,0.39992,0.55821,0.33451,0.045697,0.51487,0.42613,0.35297,0.5065
0.15101,-0.21254,0.15982,-0.13986,-0.046191,-0.17669,0.26326,-0.056903,0.088853,-0.13002,1,0.27095,0.79922,0.3067,0.21956,-0.13058,0.32469,0.04575,-0.043605,-0.096244,-0.31836,-0.32058,0.33024,0.082184,-0.12309,-0.20229,-0.075525,-0.15808,0.041241,-0.23759,0.33507,0.26414,0.25239,0.22057,0.027281,-0.0051299,-0.21583,-0.32879,-0.30137,-0.37673,-0.044375,-0.28941,-0.42797,-0.39666,-0.19142,-0.29451,-0.42875,-0.48077,-0.013161,-0.11873,0.0023754,-0.20538,0.08293,-0.49128,-0.25366,-0.51313,0.094245,-0.12435,0.097374,-0.079907,0.48404,0.14013,0.58825,0.22271,0.33241,0.070985,-0.089426,-0.17845,-0.25607,-0.028954,-0.0098975,0.050695,-0.066435,-0.21749,0.084773,-0.17528,-0.088024,-0.24006,-0.18276,-0.055298,0.1765,-0.31991,-0.14142,-0.30825,-0.043308,-0.41478,-0.13353,-0.26284,-0.020272,-0.28392
0.30978,0.22818,0.19718,0.52182,-0.3134,-0.37462,0.32733,0.70616,-0.31167,-0.26267,0.27095,1,0.31688,0.86274,0.11334,0.084222,-0.077362,0.33877,-0.004561,0.18474,-0.15126,-0.28933,0.25171,0.47232,-0.38294,-0.30277,-0.48463,-0.40676,0.48718,-0.0075312,0.36079,0.31107,0.32389,0.44687,-0.5485,-0.41276,0.037049,-0.33535,-0.0068995,-0.14337,0.073099,-0.29234,-0.73362,-0.71812,-0.46383,-0.46746,-0.61892,-0.634,-0.16901,0.077462,-0.50219,0.10059,0.16256,-0.39251,0.019389,-0.29707,0.16706,0.39376,0.32366,0.40416,0.42389,0.53609,0.5446,0.74684,-0.20865,0.29448,-0.00036886,0.041833,-0.13078,0.14808,-0.14983,-0.21722,0.033619,-0.35863,0.0011157,-0.13495,-0.29437,-0.435,-0.11309,0.14171,0.21682,0.11554,-0.048224,-0.17138,-0.32827,-0.13162,-0.14638,0.069689,-0.055946,-0.21128
0.2441,-0.24204,0.23943,-0.02424,0.11895,-0.063984,0.43307,0.045449,0.24601,-0.011127,0.79922,0.31688,1,0.34287,0.37439,-0.008696,0.20053,0.012701,-0.099509,-0.0082523,-0.20779,-0.21889,0.25603,0.12323,-0.12469,-0.19462,-0.14071,-0.11546,0.090576,-0.13799,0.28378,0.20469,0.077875,0.11361,-0.12596,-0.11008,-0.072845,-0.22436,-0.060856,-0.19596,0.027756,-0.17886,-0.42908,-0.36475,-0.32104,-0.27877,-0.33021,-0.41933,-0.22324,-0.31211,-0.11563,-0.38891,0.10912,-0.56444,-0.034086,-0.37016,0.14594,-0.17214,0.028106,-0.11014,0.36609,0.030716,0.7142,0.091223,0.14381,-0.15277,-0.19449,-0.13956,-0.34525,0.038414,-0.10595,0.0023264,-0.065167,-0.21666,0.098689,-0.046086,-0.21922,-0.28657,-0.23018,0.12078,0.18029,-0.37074,0.0042226,-0.21285,0.06682,-0.44129,0.051076,-0.063555,0.10796,-0.32395
0.20877,0.11708,0.18718,0.49067,-0.18013,-0.22519,0.30435,0.65846,-0.15957,-0.08169,0.3067,0.86274,0.34287,1,0.19747,0.18176,-0.00053031,0.28777,0.025818,0.16997,-0.044941,-0.20215,0.33727,0.50895,-0.22526,-0.1434,-0.34945,-0.27373,0.45106,-0.037312,0.37735,0.39101,0.19649,0.32415,-0.38763,-0.24225,0.02934,-0.3934,0.061344,-0.12298,0.18576,-0.2303,-0.63399,-0.72119,-0.33214,-0.35946,-0.48924,-0.55507,-0.24919,0.022049,-0.53028,0.01414,0.084759,-0.37906,0.008549,-0.27784,0.097902,0.25275,0.25684,0.30223,0.34942,0.52423,0.38327,0.71498,-0.13324,0.28923,0.045472,0.10444,-0.11508,0.20776,-0.027023,-0.089777,0.054893,-0.36248,0.044823,-0.10698,-0.23295,-0.36953,-0.066724,0.044244,0.16394,0.13977,0.082685,-0.022843,-0.26191,-0.10154,-0.018863,0.12065,0.017093,-0.1065
0.15695,-0.055262,0.087463,0.057286,0.56911,0.51273,0.11495,-0.094834,0.63788,0.59752,0.21956,0.11334,0.37439,0.19747,1,0.61212,0.10692,0.051963,0.090766,0.14784,0.42422,0.42873,0.02121,-0.024543,0.10603,0.087445,0.25839,0.43824,0.50213,0.25887,-0.023929,-0.10056,-0.3359,-0.34062,-0.30481,-0.29351,0.41384,0.18061,0.60184,0.47315,0.45301,0.42361,-0.24253,-0.30309,-0.27999,-0.18526,-0.00081863,-0.044169,-0.38037,-0.43059,-0.41618,-0.53745,0.17186,-0.18147,0.51852,0.27494,0.063335,-0.017852,-0.025377,-0.099589,0.07611,-0.049518,0.23669,0.097182,-0.12346,-0.35118,-0.23174,-0.31908,-0.058075,0.33422,0.13913,0.084483,0.41839,0.15441,0.48858,0.43324,0.079318,-0.053506,0.0013504,-0.004303,0.39835,0.091848,0.68101,0.50674,0.49728,-0.065726,0.6347,0.59177,0.63129,0.34973
-0.21968,-0.078606,-0.17081,0.033386,0.31372,0.45453,-0.20813,-0.010143,0.43245,0.61532,-0.13058,0.084222,-0.008696,0.18176,0.61212,1,0.028655,0.14368,-0.09992,-0.16364,0.59746,0.60835,-0.16506,-0.034511,0.016364,0.08387,0.15056,0.38194,0.32131,0.71999,-0.11782,-0.0015924,-0.42853,-0.26748,-0.41328,-0.31858,0.27624,0.40529,0.44966,0.34931,0.39657,0.62525,-0.10816,-0.050753,-0.15433,-0.036429,0.088608,0.15106,-0.30763,-0.34469,-0.47192,-0.27138,-0.15129,0.036955,0.28309,0.31774,-0.15196,-0.11219,-0.24597,-0.138,-0.2064,0.020559,0.0068422,0.056711,-0.35343,-0.44374,-0.46787,-0.40561,-0.24609,-0.018683,0.14784,0.093515,0.35109,0.46971,0.40371,0.66606,0.20742,0.22685,0.0036838,0.088846,0.35963,0.58686,0.52634,0.71958,0.33323,0.40626,0.43639,0.39281,0.28136,0.43855
-0.087074,-0.13674,-0.35766,-0.45037,0.30811,0.28431,-0.32381,-0.4041,0.38293,0.25715,0.32469,-0.077362,0.20053,-0.00053031,0.10692,0.028655,1,0.6942,-0.09478,-0.10037,0.24728,0.14913,-0.26869,-0.30391,0.35973,0.29408,0.34727,0.2769,0.078891,0.19475,0.31464,0.36171,0.070664,0.19351,-0.025819,-0.071736,-0.4465,-0.29825,-0.29694,-0.41494,-0.16193,-0.22549,0.11461,-0.014921,0.16596,0.16018,0.1291,0.16014,-0.26934,-0.289,-0.065301,-0.39552,-0.11237,-0.10517,-0.34149,-0.4419,0.35827,-0.18174,-0.31174,-0.41784,-0.10787,-0.27952,0.045407,-0.2834,-0.20102,-0.44027,-0.36447,-0.27167,-0.14343,0.024751,0.17934,-0.046013,0.046752,0.037528,-0.0591,-0.018225,0.16706,0.091619,0.57043,0.29888,0.55342,0.27756,-0.1797,-0.037983,-0.043468,-0.38831,0.0059969,-0.21529,-0.15235,-0.20069
-0.0056897,0.14259,-0.34297,-0.12274,0.15962,0.14422,-0.31176,-0.037165,0.18849,0.1664,0.04575,0.33877,0.012701,0.28777,0.051963,0.14368,0.6942,1,-0.11154,-0.0091234,0.2879,0.12668,-0.27479,-0.10497,0.19576,0.21866,0.10981,0.13298,0.21563,0.33323,0.41008,0.45989,0.068288,0.28672,-0.29589,-0.30648,-0.38448,-0.33892,-0.20949,-0.34038,-0.17907,-0.27033,-0.089661,-0.22725,0.012629,0.030999,-0.0065322,0.058342,-0.31804,-0.16704,-0.33544,-0.20778,-0.0078587,0.015155,-0.24397,-0.34586,0.40183,0.15188,-0.18931,-0.16299,-0.081382,-0.046869,0.109,0.038446,-0.44293,-0.36484,-0.35789,-0.26308,-0.10965,0.075761,0.11888,-0.16257,-0.037696,-0.090608,-0.20175,-0.058622,-0.10685,-0.14762,0.58321,0.47649,0.52329,0.50207,-0.1978,0.030049,-0.26153,-0.30459,-0.088585,-0.096705,-0.26405,-0.178
0.72236,0.75699,0.66992,0.55514,0.016812,-0.037296,0.58323,0.2752,-0.029297,-0.046831,-0.043605,-0.004561,-0.099509,0.025818,0.090766,-0.09992,-0.09478,-0.11154,1,0.80286,-0.15438,-0.073026,0.39787,0.41252,-0.066123,-0.038516,-0.11899,-0.057773,0.076662,-0.35887,-0.032353,-0.1303,0.036468,-0.01497,-0.0062835,-0.09865,0.037106,-0.14448,0.14546,0.35733,-0.040324,-0.044009,0.063946,-0.19155,0.34043,0.23675,0.02983,-0.021979,0.26869,0.29299,-0.049478,0.10185,0.30807,0.15367,0.23071,0.3115,0.63472,0.6995,0.6793,0.62835,0.54773,0.51441,-0.13797,0.29458,0.25621,0.24425,0.5078,0.24311,0.79879,0.58629,0.096158,0.04213,-0.0020894,-0.29861,-0.05419,-0.21496,-0.22691,-0.30823,0.19085,-0.16263,-0.049099,-0.068146,0.28371,0.27072,0.095776,-0.10648,0.087503,0.40007,0.05966,0.13322
0.83281,0.7204,0.64766,0.6303,0.1187,0.0026031,0.63206,0.34127,0.017858,-0.0409,-0.096244,0.18474,-0.0082523,0.16997,0.14784,-0.16364,-0.10037,-0.0091234,0.80286,1,-0.14152,-0.1059,0.33841,0.45657,0.032495,0.055093,-0.056238,-0.032854,0.20686,-0.32108,0.093842,-0.046869,0.11941,0.030969,-0.15769,-0.19891,0.13511,-0.18455,0.22397,0.36613,-0.021021,-0.12337,-0.034313,-0.24362,0.14626,0.081058,-0.027081,-0.11774,0.14673,0.19265,-0.093999,-0.019471,0.3493,0.062006,0.31588,0.26799,0.65318,0.65595,0.57493,0.52794,0.44773,0.37256,0.051263,0.3412,0.13203,0.20472,0.41483,0.25143,0.74153,0.72557,-0.021647,-0.073056,0.017707,-0.31913,-0.019141,-0.22879,-0.30858,-0.34729,0.23877,0.046262,0.072335,-0.06757,0.22321,0.10486,0.14001,-0.19812,0.13335,0.41564,0.16617,0.011883
-0.20029,-0.090123,-0.38552,-0.18785,0.58768,0.68161,-0.36851,-0.19485,0.56103,0.68402,-0.31836,-0.15126,-0.20779,-0.044941,0.42422,0.59746,0.24728,0.2879,-0.15438,-0.14152,1,0.88354,-0.40899,-0.23223,0.48095,0.53323,0.57521,0.72092,0.28332,0.56727,0.060769,0.1464,-0.36452,-0.18728,-0.1124,-0.10315,-0.044487,0.068686,0.36855,0.22584,0.30138,0.34274,0.10562,0.01326,0.061521,0.14675,0.32291,0.39309,-0.40734,-0.32802,-0.38156,-0.36058,-0.1455,0.060918,0.17709,0.20118,-0.0058976,-0.17356,-0.25655,-0.22604,-0.3437,-0.22552,-0.31542,-0.28771,-0.43036,-0.45105,-0.19061,-0.10486,-0.074307,0.13501,0.31653,0.16158,0.38068,0.29022,0.26346,0.43989,0.27674,0.29476,0.39513,0.017765,0.40454,0.47104,0.36967,0.52833,0.2428,0.1009,0.38339,0.33182,0.25288,0.38684
-0.18534,-0.052509,-0.28223,-0.18256,0.58786,0.68437,-0.31403,-0.26533,0.58465,0.68506,-0.32058,-0.28933,-0.21889,-0.20215,0.42873,0.60835,0.14913,0.12668,-0.073026,-0.1059,0.88354,1,-0.35199,-0.21704,0.48127,0.53886,0.60433,0.72955,0.21439,0.59667,0.032771,0.090625,-0.4546,-0.33796,-0.072232,-0.087892,-0.032855,0.21388,0.37841,0.35988,0.23161,0.45937,0.18552,0.15186,0.10757,0.14238,0.33157,0.45144,-0.30229,-0.34109,-0.27556,-0.35973,-0.1667,0.16413,0.21027,0.35088,-0.066306,-0.17103,-0.22826,-0.19706,-0.33821,-0.23947,-0.3621,-0.32302,-0.29794,-0.42103,-0.16235,-0.15635,0.025214,0.13661,0.24901,0.25926,0.3666,0.40663,0.29758,0.48847,0.25518,0.30602,0.33403,-0.052048,0.36852,0.47854,0.40957,0.58956,0.40363,0.24344,0.39491,0.39765,0.32513,0.50374
0.32965,0.24928,0.79364,0.63226,-0.31071,-0.39614,0.69342,0.49597,-0.25846,-0.3223,0.33024,0.25171,0.25603,0.33727,0.02121,-0.16506,-0.26869,-0.27479,0.39787,0.33841,-0.40899,-0.35199,1,0.83949,-0.13035,-0.10477,-0.26838,-0.34934,-0.032259,-0.45094,0.29403,0.16569,0.16253,0.063878,0.26253,0.23978,-0.016103,-0.2614,-0.050651,0.0086009,0.010952,-0.21479,-0.25878,-0.32811,-0.040342,-0.072011,-0.37458,-0.33423,0.017719,0.030059,-0.022459,0.055729,-0.21093,-0.31267,-0.10137,-0.09729,0.060047,0.20588,0.36608,0.31408,0.42144,0.50761,0.13898,0.45588,0.68076,0.51431,0.32902,0.20413,0.24609,0.18349,-0.036505,0.10726,-0.14468,-0.36488,-0.1086,-0.35688,-0.3114,-0.39376,-0.25418,-0.35799,-0.19725,-0.30235,0.077882,-0.097623,0.099248,0.044413,-0.093387,0.080561,0.11858,-0.0208
0.45013,0.40813,0.78344,0.84295,-0.33108,-0.40631,0.71467,0.73382,-0.31712,-0.29516,0.082184,0.47232,0.12323,0.50895,-0.024543,-0.034511,-0.30391,-0.10497,0.41252,0.45657,-0.23223,-0.21704,0.83949,1,-0.14721,-0.035936,-0.34872,-0.3778,0.1472,-0.23939,0.36023,0.27192,0.14988,0.17631,0.046519,0.12704,-0.028551,-0.26883,0.016805,0.053892,-0.024368,-0.2153,-0.38515,-0.42091,-0.14253,-0.14772,-0.44125,-0.36902,-0.10525,0.022085,-0.24743,0.084998,-0.22628,-0.32682,-0.027226,-0.043469,0.19146,0.36661,0.44549,0.48867,0.40751,0.63172,0.13431,0.56378,0.41857,0.52632,0.33927,0.31928,0.26766,0.26802,-0.08016,-0.008693,-0.075633,-0.36306,-0.13199,-0.27425,-0.36183,-0.39671,-0.10856,-0.19292,-0.066079,-0.062406,0.068133,-0.058139,0.0193,0.14311,-0.12132,0.19199,0.067141,-0.0021514
-0.093765,-0.11035,-0.22609,-0.31754,0.70677,0.64829,-0.22558,-0.43511,0.61509,0.51963,-0.12309,-0.38294,-0.12469,-0.22526,0.10603,0.016364,0.35973,0.19576,-0.066123,0.032495,0.48095,0.48127,-0.13035,-0.14721,1,0.95005,0.81095,0.69837,-0.074343,0.18205,0.41426,0.41007,-0.089374,-0.052627,0.40926,0.29352,-0.4042,-0.29018,-0.059107,-0.064796,-0.16674,-0.12769,0.39794,0.15631,0.4057,0.27522,0.39831,0.39169,-0.17268,-0.24698,0.12849,-0.30477,-0.14782,0.039256,-0.16809,-0.067032,0.095632,-0.28459,-0.29191,-0.3974,-0.30012,-0.35101,-0.3782,-0.42247,0.094877,-0.2184,0.070066,0.13563,0.13281,0.19978,0.18863,0.14238,0.015816,0.051039,-0.031533,-0.0057594,0.038548,0.095518,0.49815,-0.069526,0.19499,0.17997,-0.065056,0.069287,0.17334,-0.14825,0.088741,0.019452,0.039379,0.088637
-0.076968,-0.050463,-0.18288,-0.20326,0.6865,0.65127,-0.1997,-0.3084,0.59627,0.55266,-0.20229,-0.30277,-0.19462,-0.1434,0.087445,0.08387,0.29408,0.21866,-0.038516,0.055093,0.53323,0.53886,-0.10477,-0.035936,0.95005,1,0.78538,0.69701,-0.032844,0.24107,0.47064,0.47256,-0.096791,-0.028445,0.38789,0.32484,-0.41786,-0.29381,-0.050276,-0.040108,-0.17886,-0.11691,0.32487,0.098657,0.37886,0.24147,0.33282,0.35651,-0.19355,-0.22114,0.060864,-0.26295,-0.17737,0.041107,-0.15778,-0.033543,0.091389,-0.20517,-0.23227,-0.29577,-0.27707,-0.22355,-0.40493,-0.32266,0.086483,-0.14787,0.12533,0.23276,0.14433,0.25387,0.17291,0.12925,0.0026158,0.016826,-0.058801,0.0026972,-0.042841,0.050419,0.50361,-0.096477,0.23469,0.26008,-0.052872,0.098811,0.1884,-0.060058,0.076984,0.063389,0.036652,0.1515
-0.17777,-0.23437,-0.34731,-0.4573,0.79337,0.81669,-0.36619,-0.59101,0.71776,0.6905,-0.075525,-0.48463,-0.14071,-0.34945,0.25839,0.15056,0.34727,0.10981,-0.11899,-0.056238,0.57521,0.60433,-0.26838,-0.34872,0.81095,0.78538,1,0.90289,-0.11305,0.18616,0.22461,0.26144,-0.16313,-0.17305,0.35348,0.24612,-0.20209,-0.023061,0.091242,0.10865,-0.0015929,0.16606,0.35002,0.1935,0.29576,0.14779,0.40855,0.41541,-0.15222,-0.29406,0.095708,-0.37313,-0.1217,0.093792,0.0038526,0.082833,-0.030891,-0.36868,-0.32516,-0.44063,-0.32043,-0.42297,-0.34476,-0.43164,0.050047,-0.30452,-0.0014722,0.01843,0.055816,0.21421,0.19433,0.22077,0.061329,0.1674,0.072966,0.13522,0.13167,0.21034,0.34384,-0.1282,0.20885,0.1273,0.11279,0.20572,0.29802,-0.081714,0.30576,0.097818,0.2612,0.32388
-0.11908,-0.14304,-0.33919,-0.39175,0.87089,0.92589,-0.32652,-0.51653,0.79638,0.82088,-0.15808,-0.40676,-0.11546,-0.27373,0.43824,0.38194,0.2769,0.13298,-0.057773,-0.032854,0.72092,0.72955,-0.34934,-0.3778,0.69837,0.69701,0.90289,1,0.02833,0.27702,0.09642,0.15447,-0.26043,-0.2286,0.18121,0.097733,-0.081613,0.024913,0.32411,0.29678,0.20882,0.32704,0.31055,0.10374,0.29168,0.19173,0.4672,0.41973,-0.19329,-0.30982,-0.050291,-0.41264,0.014976,0.1092,0.16662,0.22061,0.03229,-0.2574,-0.29163,-0.37049,-0.29479,-0.35677,-0.31476,-0.3977,-0.12553,-0.4402,-0.056099,-0.043467,0.057291,0.22312,0.19957,0.15863,0.1395,0.14596,0.18811,0.28955,0.10968,0.15938,0.34459,-0.096195,0.27089,0.20955,0.35547,0.46848,0.35994,-0.09803,0.45352,0.29125,0.29468,0.36852
0.23879,0.14545,0.076836,0.28348,0.068585,0.050134,0.11732,0.33575,0.028689,0.068615,0.041241,0.48718,0.090576,0.45106,0.50213,0.32131,0.078891,0.21563,0.076662,0.20686,0.28332,0.21439,-0.032259,0.1472,-0.074343,-0.032844,-0.11305,0.02833,1,0.27222,0.13516,0.014745,0.11028,0.10124,-0.51137,-0.39643,0.25033,-0.17322,0.35307,0.16816,0.4749,0.06084,-0.47203,-0.55799,-0.2684,-0.25743,-0.27531,-0.37464,-0.17477,-0.042161,-0.4149,-0.13358,0.25524,-0.25106,0.2002,-0.044373,0.13861,0.27282,0.18585,0.19935,0.16886,0.1985,0.23103,0.43627,-0.27517,0.036581,-0.0095933,-0.033641,0.059423,0.3105,0.0020664,-0.16682,0.48729,0.01386,0.38397,0.23464,0.21885,-0.0097251,0.28477,0.045475,0.63891,0.38648,0.42434,0.25044,0.28211,-0.053303,0.23761,0.32047,0.24518,0.031052
-0.362,-0.1545,-0.42874,-0.22035,0.23255,0.34489,-0.46428,-0.16501,0.33312,0.42475,-0.23759,-0.0075312,-0.13799,-0.037312,0.25887,0.71999,0.19475,0.33323,-0.35887,-0.32108,0.56727,0.59667,-0.45094,-0.23939,0.18205,0.24107,0.18616,0.27702,0.27222,1,0.014893,0.1191,-0.32691,-0.1147,-0.35382,-0.28571,-0.026357,0.34493,0.072687,-0.0084503,0.028769,0.36322,0.025331,0.21001,-0.12732,0.017002,0.12388,0.28043,-0.26046,-0.29632,-0.2604,-0.19715,-0.25853,0.13224,-0.013893,0.088106,-0.16562,-0.21714,-0.40909,-0.29163,-0.39139,-0.21799,-0.058323,-0.21187,-0.46155,-0.50841,-0.57169,-0.40237,-0.36221,-0.17099,0.045205,-0.020252,0.27273,0.65661,0.20189,0.57636,0.27182,0.36981,0.24486,0.34408,0.47946,0.71636,0.06143,0.33924,0.18754,0.35992,0.093456,0.042604,0.014998,0.2047
0.16465,0.084273,0.13313,0.13832,0.1523,0.060336,0.16257,0.16808,0.13727,0.018334,0.33507,0.36079,0.28378,0.37735,-0.023929,-0.11782,0.31464,0.41008,-0.032353,0.093842,0.060769,0.032771,0.29403,0.36023,0.41426,0.47064,0.22461,0.09642,0.13516,0.014893,1,0.88892,0.37663,0.4513,0.073819,0.061452,-0.56324,-0.61637,-0.36729,-0.42172,-0.23855,-0.48605,-0.32126,-0.44806,-0.0096443,-0.22331,-0.35889,-0.32638,-0.22548,-0.15266,-0.21973,-0.1776,-0.19355,-0.40342,-0.46476,-0.5345,0.22164,0.035959,-0.0037721,-0.026706,0.15774,0.15374,0.17163,0.26288,0.17368,0.13967,0.066504,0.11521,-0.013908,0.14728,0.0048654,0.0043006,-0.10985,-0.30235,-0.14282,-0.26153,-0.29556,-0.35828,0.31256,-0.040348,0.36207,0.11934,-0.28212,-0.2644,-0.11044,-0.2911,-0.23262,-0.18466,-0.19302,-0.23842
-0.0098061,0.023474,-0.072012,0.016562,0.15372,0.12948,-0.028228,0.097233,0.16312,0.12352,0.26414,0.31107,0.20469,0.39101,-0.10056,-0.0015924,0.36171,0.45989,-0.1303,-0.046869,0.1464,0.090625,0.16569,0.27192,0.41007,0.47256,0.26144,0.15447,0.014745,0.1191,0.88892,1,0.28948,0.46648,0.071282,0.088685,-0.61598,-0.53298,-0.42251,-0.46489,-0.30963,-0.42754,-0.24431,-0.35817,0.017975,-0.18355,-0.27262,-0.21808,-0.2784,-0.22595,-0.2518,-0.18279,-0.2537,-0.3059,-0.49588,-0.5204,0.13349,-0.083419,-0.15275,-0.12513,0.018532,0.11673,0.069261,0.1628,0.015169,0.021127,-0.10205,0.014682,-0.11652,-0.007807,0.083575,0.017882,-0.21477,-0.25989,-0.23865,-0.2385,-0.26884,-0.27704,0.31202,0.031086,0.28117,0.21203,-0.34846,-0.21494,-0.22981,-0.23629,-0.24819,-0.2246,-0.29557,-0.2005
0.17909,0.10842,0.072693,0.061956,-0.28311,-0.28957,0.12857,0.21346,-0.36213,-0.38837,0.25239,0.32389,0.077875,0.19649,-0.3359,-0.42853,0.070664,0.068288,0.036468,0.11941,-0.36452,-0.4546,0.16253,0.14988,-0.089374,-0.096791,-0.16313,-0.26043,0.11028,-0.32691,0.37663,0.28948,1,0.84103,0.008247,0.026695,-0.25875,-0.46862,-0.46726,-0.46165,-0.10674,-0.47713,-0.2793,-0.36059,0.0060711,-0.19882,-0.37119,-0.50483,0.13693,0.162,0.058725,0.13268,0.11274,-0.30272,-0.46079,-0.57201,0.21718,0.13536,0.080435,0.063441,0.30568,0.19367,0.25963,0.3114,0.15736,0.3138,0.15334,0.19222,0.041863,-0.082756,-0.19819,-0.23595,-0.056595,-0.3053,-0.054039,-0.28856,-0.021402,-0.13337,0.095271,-0.06163,0.20126,-0.090499,-0.41728,-0.45257,-0.24403,-0.35046,-0.47638,-0.46081,-0.44769,-0.50281
0.13142,0.10126,-0.050187,0.046577,-0.23098,-0.25422,0.051858,0.29501,-0.26282,-0.29218,0.22057,0.44687,0.11361,0.32415,-0.34062,-0.26748,0.19351,0.28672,-0.01497,0.030969,-0.18728,-0.33796,0.063878,0.17631,-0.052627,-0.028445,-0.17305,-0.2286,0.10124,-0.1147,0.4513,0.46648,0.84103,1,-0.084409,-0.018022,-0.43073,-0.53662,-0.54977,-0.56504,-0.24001,-0.50602,-0.3744,-0.43181,-0.07182,-0.17635,-0.40165,-0.46692,-0.085941,0.055703,-0.1417,0.07706,0.067813,-0.37757,-0.51552,-0.65376,0.29847,0.12555,0.062926,0.097379,0.28119,0.27723,0.27962,0.25737,-0.043843,0.14901,-0.0056867,0.22722,-0.14204,-0.096267,-0.14816,-0.23831,-0.1197,-0.3194,-0.17492,-0.23938,-0.07589,-0.12419,0.18368,0.10664,0.27285,0.060946,-0.49,-0.40585,-0.44759,-0.37445,-0.5375,-0.46239,-0.56816,-0.54466
-0.20395,-0.24849,0.053734,-0.26509,0.11918,0.052141,-0.047152,-0.35966,0.070146,-0.044006,0.027281,-0.5485,-0.12596,-0.38763,-0.30481,-0.41328,-0.025819,-0.29589,-0.0062835,-0.15769,-0.1124,-0.072232,0.26253,0.046519,0.40926,0.38789,0.35348,0.18121,-0.51137,-0.35382,0.073819,0.071282,0.008247,-0.084409,1,0.89693,-0.27179,-0.15665,-0.24846,-0.19174,-0.17536,-0.15583,0.37941,0.25479,0.37203,0.31089,0.23848,0.26086,-0.002329,-0.051205,0.49585,-0.0079495,-0.29055,0.071851,-0.29697,-0.12784,-0.21734,-0.36057,-0.20603,-0.3128,-0.22445,-0.21945,-0.46687,-0.38654,0.63833,0.17129,0.30042,0.3588,0.023376,-0.13756,0.043764,0.18364,-0.25841,-0.13558,-0.22966,-0.25838,-0.00058004,0.093862,0.03136,-0.29975,-0.34731,-0.38848,-0.18161,-0.23823,0.14553,-0.061235,-0.127,-0.26819,-0.056455,-0.052731
-0.26395,-0.35517,0.024482,-0.19416,0.033477,-0.0074683,-0.055512,-0.22327,0.0025333,-0.058767,-0.0051299,-0.41276,-0.11008,-0.24225,-0.29351,-0.31858,-0.071736,-0.30648,-0.09865,-0.19891,-0.10315,-0.087892,0.23978,0.12704,0.29352,0.32484,0.24612,0.097733,-0.39643,-0.28571,0.061452,0.088685,0.026695,-0.018022,0.89693,1,-0.18375,-0.11607,-0.20271,-0.20249,-0.09615,-0.10479,0.22825,0.17566,0.20888,0.18463,0.10217,0.12901,-0.11901,-0.11957,0.38708,-0.033036,-0.33771,-0.037451,-0.2784,-0.17965,-0.31544,-0.42084,-0.26431,-0.3099,-0.28847,-0.16101,-0.37684,-0.27835,0.54039,0.20184,0.23495,0.45023,-0.12071,-0.16572,-0.012672,0.1405,-0.22518,-0.12679,-0.19176,-0.17817,0.060566,0.18761,-0.047618,-0.27977,-0.2649,-0.33094,-0.14946,-0.24351,0.15491,0.031409,-0.098876,-0.26441,-0.028391,-0.066527
0.038618,-0.028623,0.11684,0.22154,-0.041282,-0.00014891,0.089586,0.096047,-0.075261,0.064143,-0.21583,0.037049,-0.072845,0.02934,0.41384,0.27624,-0.4465,-0.38448,0.037106,0.13511,-0.044487,-0.032855,-0.016103,-0.028551,-0.4042,-0.41786,-0.20209,-0.081613,0.25033,-0.026357,-0.56324,-0.61598,-0.25875,-0.43073,-0.27179,-0.18375,1,0.64975,0.68633,0.64282,0.56742,0.60496,-0.10752,0.010293,-0.35088,-0.22713,0.032605,-0.070514,-0.019258,-0.058689,-0.11895,-0.0010256,0.16219,0.06813,0.69964,0.57804,-0.27244,0.044426,0.039754,0.08595,-0.071418,-0.046785,0.09745,0.19306,-0.11612,0.035648,-0.060349,-0.1558,-0.002626,0.081348,0.039241,0.037693,0.39788,0.27692,0.44228,0.38153,0.19524,0.16381,-0.37,-0.012822,-0.1586,-0.1241,0.53883,0.28634,0.32703,0.30077,0.49288,0.45424,0.53968,0.32958
-0.29336,-0.15898,-0.15421,-0.11363,-0.020254,0.12558,-0.25283,-0.23374,0.049106,0.21782,-0.32879,-0.33535,-0.22436,-0.3934,0.18061,0.40529,-0.29825,-0.33892,-0.14448,-0.18455,0.068686,0.21388,-0.2614,-0.26883,-0.29018,-0.29381,-0.023061,0.024913,-0.17322,0.34493,-0.61637,-0.53298,-0.46862,-0.53662,-0.15665,-0.11607,0.64975,1,0.37945,0.50275,0.14035,0.75964,0.20946,0.52752,-0.23077,-0.066649,0.2133,0.3505,0.0070691,-0.18611,0.065574,-0.017703,-0.16635,0.33193,0.50127,0.65186,-0.41622,-0.21058,-0.24214,-0.14134,-0.3392,-0.24847,-0.10298,-0.23305,-0.1679,-0.21193,-0.32962,-0.38286,-0.14432,-0.19815,0.051875,0.11939,0.23935,0.66846,0.26737,0.52852,0.29089,0.40471,-0.36264,0.11487,-0.22574,0.055763,0.23265,0.27329,0.29895,0.57833,0.32912,0.26055,0.37851,0.49763
0.17398,0.094877,0.16257,0.24843,0.32683,0.35159,0.14904,0.062466,0.25295,0.37624,-0.30137,-0.0068995,-0.060856,0.061344,0.60184,0.44966,-0.29694,-0.20949,0.14546,0.22397,0.36855,0.37841,-0.050651,0.016805,-0.059107,-0.050276,0.091242,0.32411,0.35307,0.072687,-0.36729,-0.42251,-0.46726,-0.54977,-0.24846,-0.20271,0.68633,0.37945,1,0.8512,0.69251,0.63328,-0.024841,-0.089482,-0.15289,-0.017012,0.2177,0.12007,-0.16678,-0.14522,-0.29168,-0.24096,0.18943,0.077558,0.81604,0.68459,-0.032062,0.12507,0.099017,0.10549,-0.073649,-0.059854,-0.060614,0.052366,-0.21478,-0.14579,0.042955,-0.070425,0.18077,0.28824,-0.055514,-0.030241,0.30551,0.10959,0.35443,0.35754,0.058538,0.0036446,-0.098461,-0.025143,0.013386,0.0391,0.86484,0.67067,0.45214,0.17849,0.79462,0.82559,0.71598,0.47703
0.28384,0.30359,0.27248,0.31179,0.28613,0.34333,0.1994,0.032071,0.21225,0.37534,-0.37673,-0.14337,-0.19596,-0.12298,0.47315,0.34931,-0.41494,-0.34038,0.35733,0.36613,0.22584,0.35988,0.0086009,0.053892,-0.064796,-0.040108,0.10865,0.29678,0.16816,-0.0084503,-0.42172,-0.46489,-0.46165,-0.56504,-0.19174,-0.20249,0.64282,0.50275,0.8512,1,0.41581,0.64341,0.075664,0.047219,-0.083381,-0.04632,0.21637,0.17843,-0.01553,-0.091618,-0.209,-0.1664,0.24231,0.19651,0.84409,0.86627,0.0373,0.28109,0.25974,0.28151,0.049977,0.068488,-0.14382,0.044945,-0.11189,-0.027728,0.16157,-0.059746,0.41448,0.34188,0.0072487,0.053766,0.22256,0.11728,0.26247,0.25789,-0.021435,-0.039906,-0.13634,-0.091879,-0.13394,-0.02679,0.73999,0.63602,0.41909,0.25392,0.64379,0.85706,0.6404,0.60897
-0.025589,-0.15748,0.050527,0.097162,0.094967,0.16094,0.054455,0.079684,0.048078,0.14953,-0.044375,0.073099,0.027756,0.18576,0.45301,0.39657,-0.16193,-0.17907,-0.040324,-0.021021,0.30138,0.23161,0.010952,-0.024368,-0.16674,-0.17886,-0.0015929,0.20882,0.4749,0.028769,-0.23855,-0.30963,-0.10674,-0.24001,-0.17536,-0.09615,0.56742,0.14035,0.69251,0.41581,1,0.52319,-0.187,-0.28445,-0.11454,-0.062428,0.046169,-0.15887,-0.089629,-0.066461,-0.22631,-0.13452,0.079395,-0.13367,0.34001,0.19683,-0.19011,-0.082002,-0.050715,-0.086559,-0.10152,-0.10268,0.016305,0.19323,-0.088664,-0.085621,-0.038053,-0.10087,-0.075486,0.059177,0.02643,0.075122,0.46215,0.13225,0.53193,0.40154,0.30448,0.19553,-0.071696,-0.1573,0.1988,0.10574,0.73606,0.52579,0.42136,0.08996,0.58001,0.36482,0.45491,0.17688
-0.21506,-0.13685,-0.11193,-0.07731,0.20904,0.36636,-0.19848,-0.21562,0.25208,0.43573,-0.28941,-0.29234,-0.17886,-0.2303,0.42361,0.62525,-0.22549,-0.27033,-0.044009,-0.12337,0.34274,0.45937,-0.21479,-0.2153,-0.12769,-0.11691,0.16606,0.32704,0.06084,0.36322,-0.48605,-0.42754,-0.47713,-0.50602,-0.15583,-0.10479,0.60496,0.75964,0.63328,0.64341,0.52319,1,0.13557,0.25046,-0.077772,0.033236,0.28798,0.30635,-0.060622,-0.19376,-0.11449,-0.15434,-0.067427,0.24105,0.54076,0.64187,-0.2918,-0.17351,-0.19594,-0.14589,-0.27137,-0.18871,-0.13448,-0.12856,-0.14968,-0.28054,-0.26014,-0.31851,-0.10102,-0.037446,0.015626,0.13927,0.35289,0.57462,0.42469,0.65316,0.31811,0.3727,-0.19102,0.010648,0.0057994,0.20152,0.60792,0.63862,0.46622,0.45455,0.58686,0.46434,0.51228,0.55576
-0.23667,-0.016496,-0.20728,-0.36268,0.24292,0.29036,-0.29502,-0.53513,0.18793,0.17986,-0.42797,-0.73362,-0.42908,-0.63399,-0.24253,-0.10816,0.11461,-0.089661,0.063946,-0.034313,0.10562,0.18552,-0.25878,-0.38515,0.39794,0.32487,0.35002,0.31055,-0.47203,0.025331,-0.32126,-0.24431,-0.2793,-0.3744,0.37941,0.22825,-0.10752,0.20946,-0.024841,0.075664,-0.187,0.13557,1,0.82033,0.73519,0.7512,0.86504,0.85546,0.3035,0.16166,0.52823,0.099849,-0.12208,0.6521,-0.019055,0.34725,-0.010303,-0.18877,-0.30309,-0.32214,-0.44583,-0.43509,-0.59486,-0.63162,0.0088623,-0.27363,0.05034,-0.03521,0.26399,-0.067554,0.068183,0.028184,-0.13892,0.21462,-0.13539,-0.010195,0.12031,0.24029,0.25537,-0.022258,-0.25729,0.039763,-0.08049,0.13494,0.14064,0.11501,0.063447,-0.066492,-0.084507,0.14397
-0.40472,-0.18263,-0.28099,-0.4048,0.016858,0.10452,-0.37536,-0.50709,0.046335,0.061723,-0.39666,-0.71812,-0.36475,-0.72119,-0.30309,-0.050753,-0.014921,-0.22725,-0.19155,-0.24362,0.01326,0.15186,-0.32811,-0.42091,0.15631,0.098657,0.1935,0.10374,-0.55799,0.21001,-0.44806,-0.35817,-0.36059,-0.43181,0.25479,0.17566,0.010293,0.52752,-0.089482,0.047219,-0.28445,0.25046,0.82033,1,0.353,0.47705,0.62977,0.76207,0.22639,0.027757,0.50266,0.11279,-0.30567,0.53187,-0.0019944,0.36231,-0.26001,-0.35206,-0.38925,-0.35076,-0.51334,-0.49085,-0.42621,-0.69832,-0.053115,-0.27061,-0.17171,-0.18068,-0.0075318,-0.30985,-0.022769,0.056676,-0.11802,0.49798,-0.10497,0.14087,0.24877,0.4336,-0.028719,0.106,-0.31138,0.021425,-0.22643,-0.015982,0.1134,0.36434,-0.040908,-0.16657,-0.062633,0.17668
0.036823,0.22142,0.025092,-0.15626,0.20893,0.22662,-0.042802,-0.2962,0.10953,0.089125,-0.19142,-0.46383,-0.32104,-0.33214,-0.27999,-0.15433,0.16596,0.012629,0.34043,0.14626,0.061521,0.10757,-0.040342,-0.14253,0.4057,0.37886,0.29576,0.29168,-0.2684,-0.12732,-0.0096443,0.017975,0.0060711,-0.07182,0.37203,0.20888,-0.35088,-0.23077,-0.15289,-0.083381,-0.11454,-0.077772,0.73519,0.353,1,0.81523,0.6504,0.532,0.53563,0.4424,0.45638,0.25139,-0.0016049,0.48863,-0.24911,0.085324,0.25029,0.092137,0.021383,-0.04448,-0.07771,-0.083051,-0.51419,-0.26488,0.17924,-0.052625,0.34391,0.20132,0.42681,0.1228,0.078206,0.038511,-0.21829,-0.12345,-0.21891,-0.21465,-0.085663,-0.039958,0.40623,-0.19163,-0.088561,0.11468,-0.044204,0.17062,0.039646,-0.1249,-0.058295,-0.12655,-0.27699,-0.062785
-0.043853,0.11866,-0.0049954,-0.15084,0.15809,0.13164,-0.066646,-0.27553,0.12127,0.042956,-0.29451,-0.46746,-0.27877,-0.35946,-0.18526,-0.036429,0.16018,0.030999,0.23675,0.081058,0.14675,0.14238,-0.072011,-0.14772,0.27522,0.24147,0.14779,0.19173,-0.25743,0.017002,-0.22331,-0.18355,-0.19882,-0.17635,0.31089,0.18463,-0.22713,-0.066649,-0.017012,-0.04632,-0.062428,0.033236,0.7512,0.47705,0.81523,1,0.71492,0.70107,0.30097,0.35447,0.41501,0.13588,-0.093903,0.53932,-0.12205,0.16383,0.20936,-0.00044241,-0.10053,-0.14332,-0.21706,-0.18092,-0.45628,-0.44215,0.073934,-0.2791,0.096099,0.13269,0.24478,0.082625,0.039334,-0.005713,-0.17119,0.016602,-0.19094,-0.062532,0.0046067,0.10582,0.36335,0.048181,-0.077596,0.11509,0.038936,0.22087,0.080766,-0.074759,0.050426,-0.041185,-0.15827,-0.088229
-0.15705,-0.046297,-0.25868,-0.38054,0.43994,0.46393,-0.3005,-0.54361,0.37455,0.36789,-0.42875,-0.61892,-0.33021,-0.48924,-0.00081863,0.088608,0.1291,-0.0065322,0.02983,-0.027081,0.32291,0.33157,-0.37458,-0.44125,0.39831,0.33282,0.40855,0.4672,-0.27531,0.12388,-0.35889,-0.27262,-0.37119,-0.40165,0.23848,0.10217,0.032605,0.2133,0.2177,0.21637,0.046169,0.28798,0.86504,0.62977,0.6504,0.71492,1,0.85209,0.13331,0.071395,0.31705,-0.087111,0.031915,0.59523,0.19305,0.4314,0.065068,-0.17084,-0.30498,-0.35108,-0.43481,-0.4671,-0.51738,-0.59698,-0.16568,-0.46875,-0.053564,-0.076966,0.16556,0.028132,0.084569,0.00097854,-0.050811,0.19848,-0.03459,0.14981,0.094622,0.22304,0.29306,0.07273,-0.12478,0.09813,0.15662,0.32065,0.20367,-0.026565,0.29395,0.10501,0.056263,0.14196
-0.294,-0.041422,-0.29447,-0.34135,0.34444,0.39645,-0.39075,-0.50359,0.33356,0.357,-0.48077,-0.634,-0.41933,-0.55507,-0.044169,0.15106,0.16014,0.058342,-0.021979,-0.11774,0.39309,0.45144,-0.33423,-0.36902,0.39169,0.35651,0.41541,0.41973,-0.37464,0.28043,-0.32638,-0.21808,-0.50483,-0.46692,0.26086,0.12901,-0.070514,0.3505,0.12007,0.17843,-0.15887,0.30635,0.85546,0.76207,0.532,0.70107,0.85209,1,0.0022704,-0.026001,0.25261,-0.085678,-0.25542,0.66039,0.14122,0.46922,-0.032435,-0.21185,-0.35042,-0.34019,-0.51691,-0.43659,-0.603,-0.65981,-0.16098,-0.43193,-0.11318,-0.13942,0.13691,-0.01335,0.13818,0.062153,-0.051667,0.3557,-0.12117,0.15134,0.12504,0.26948,0.26958,0.088831,-0.16481,0.16141,0.029888,0.27169,0.14547,0.19787,0.19874,0.11619,0.10606,0.34144
0.12823,0.26575,0.16771,0.04925,-0.28451,-0.22952,0.13099,-0.0020314,-0.34645,-0.32435,-0.013161,-0.16901,-0.22324,-0.24919,-0.38037,-0.30763,-0.26934,-0.31804,0.26869,0.14673,-0.40734,-0.30229,0.017719,-0.10525,-0.17268,-0.19355,-0.15222,-0.19329,-0.17477,-0.26046,-0.22548,-0.2784,0.13693,-0.085941,-0.002329,-0.11901,-0.019258,0.0070691,-0.16678,-0.01553,-0.089629,-0.060622,0.3035,0.22639,0.53563,0.30097,0.13331,0.0022704,1,0.78845,0.57857,0.66397,0.28419,0.34899,-0.1102,0.11244,0.028608,0.30524,0.39502,0.34712,0.29986,0.19351,-0.054699,0.16323,0.25963,0.37231,0.43147,0.12587,0.38557,0.056114,-0.12546,-0.043947,-0.16858,-0.05732,-0.06236,-0.21481,-0.083687,-0.099571,-0.13308,-0.24378,-0.28021,-0.066476,-0.14373,-0.098457,-0.090801,0.081721,-0.22654,-0.18668,-0.245,-0.072691
0.17538,0.34091,0.15505,0.21355,-0.37889,-0.37403,0.14801,0.25739,-0.47748,-0.43084,-0.11873,0.077462,-0.31211,0.022049,-0.43059,-0.34469,-0.289,-0.16704,0.29299,0.19265,-0.32802,-0.34109,0.030059,0.022085,-0.24698,-0.22114,-0.29406,-0.30982,-0.042161,-0.29632,-0.15266,-0.22595,0.162,0.055703,-0.051205,-0.11957,-0.058689,-0.18611,-0.14522,-0.091618,-0.066461,-0.19376,0.16166,0.027757,0.4424,0.35447,0.071395,-0.026001,0.78845,1,0.33529,0.79087,0.31341,0.37628,-0.09901,0.070398,0.1098,0.46864,0.52847,0.5354,0.35164,0.37712,-0.1156,0.32634,0.12367,0.46737,0.54681,0.34799,0.36696,0.15832,-0.12276,-0.12858,-0.17291,-0.21941,-0.14516,-0.27337,-0.13129,-0.17287,-0.043978,-0.14334,-0.27851,-0.0086658,-0.13553,-0.13208,-0.32036,0.036315,-0.28185,-0.14144,-0.29984,-0.10704
-0.14936,-0.19706,-0.030121,-0.34714,-0.071391,-0.13323,-0.05549,-0.39629,-0.11357,-0.29645,0.0023754,-0.50219,-0.11563,-0.53028,-0.41618,-0.47192,-0.065301,-0.33544,-0.049478,-0.093999,-0.38156,-0.27556,-0.022459,-0.24743,0.12849,0.060864,0.095708,-0.050291,-0.4149,-0.2604,-0.21973,-0.2518,0.058725,-0.1417,0.49585,0.38708,-0.11895,0.065574,-0.29168,-0.209,-0.22631,-0.11449,0.52823,0.50266,0.45638,0.41501,0.31705,0.25261,0.57857,0.33529,1,0.35623,0.086312,0.34588,-0.21106,-0.054516,-0.20039,-0.22956,-0.11944,-0.23164,-0.13244,-0.29088,-0.18594,-0.36174,0.46503,0.12965,0.19103,0.17116,0.059061,-0.11076,-0.1248,0.05248,-0.22681,0.061747,-0.065011,-0.12551,0.04043,0.12369,-0.05106,-0.088274,-0.27539,-0.2516,-0.30202,-0.34444,0.15654,0.031019,-0.18422,-0.39944,-0.14169,-0.21236
