1,0.68764,0.47098,0.46943,-0.27786,-0.25405,0.53469,0.40997,-0.15649,-0.2355,0.46848,0.17281,0.37226,0.018485,-0.021232,-0.20111,0.20598,0.055894,0.41555,0.58833,-0.2133,-0.044855,0.16645,0.19529,-0.41196,-0.34299,-0.068784,-0.15154,0.086673,-0.011046,-0.27944,-0.28289,-0.057229,-0.10299,-0.12332,-0.19517,0.14188,0.23312,0.17386,-0.038463,0.048084,0.036658,-0.0024318,-0.082264,-0.0033956,-0.091046,0.10542,0.088613,0.16422,0.14972,0.062303,-0.070153,0.087125,0.059795,0.32155,0.084882,0.75078,0.57985,0.59573,0.4967,0.47544,0.39472,0.2001,0.22726,0.072524,-0.073207,0.039216,0.0036697,0.038009,0.45241,-0.21657,-0.23201,0.10482,-0.08902,-0.093168,-0.058111,0.052181,0.030679,-0.19651,-0.19048,0.0040784,-0.20156,0.10863,0.12037,0.027011,-0.21118,0.093796,-0.074839,0.071548,-0.24306
0.68764,1,0.2516,0.69512,-0.23773,-0.29635,0.32993,0.60569,-0.24827,-0.27529,0.10006,0.30967,0.027405,0.099518,-0.22247,-0.088493,0.24562,0.33795,0.19477,0.63966,-0.07637,0.066573,0.13953,0.34944,-0.21878,-0.19841,0.0071355,-0.10992,0.16795,0.12943,-0.164,-0.15132,-0.10762,0.00091924,-0.15821,-0.27868,0.25545,0.22072,0.3307,-0.054477,0.15011,0.15853,0.093105,0.089909,0.11903,0.060675,0.1208,0.12108,0.13496,0.16054,-0.048654,-0.035101,0.033985,0.13156,0.231,0.056976,0.77322,0.90224,0.65773,0.70264,0.3773,0.50538,0.1526,0.40683,-0.058816,0.031837,0.21653,0.20471,0.16984,0.58259,-0.22055,-0.16891,0.072368,0.08597,-0.078644,-0.012001,0.034646,0.0017184,-0.0049533,-0.021872,0.11751,0.055381,0.13892,0.25013,-0.20801,-0.048135,0.081246,0.064126,-0.11549,-0.20895
0.47098,0.2516,1,0.3772,-0.2902,-0.18985,0.77253,0.024997,-0.33268,-0.29098,0.28481,-0.29927,0.37997,-0.11191,0.20495,0.14344,-0.33474,-0.29435,0.38685,0.29065,-0.26513,-0.20997,0.76972,0.68572,-0.19809,-0.099652,-0.26193,-0.19333,-0.24367,-0.21793,0.046095,0.19385,-0.099192,-0.25011,0.571,0.43421,0.02758,0.15537,0.11502,0.10039,-0.18605,-0.069378,-0.10228,-0.13505,-0.11155,-0.48593,-0.1362,-0.20765,0.06689,-0.13715,0.32822,0.045636,-0.37985,-0.33568,-0.032349,-0.19866,0.32537,0.17992,0.098304,0.09919,0.068196,-0.007729,-0.31004,-0.32797,0.71597,0.54321,0.42903,0.028326,0.079441,0.13816,0.090935,0.0058623,-0.19121,-0.45654,-0.26932,-0.095767,0.010224,-0.059851,-0.24878,-0.15049,-0.36789,-0.36098,0.097521,0.20506,0.63776,0.32908,0.47662,0.11655,0.25391,-0.082148
0.46943,0.69512,0.3772,1,-0.32209,-0.30083,0.54906,0.70159,-0.32175,-0.34617,-0.14086,0.1458,-0.0685,0.1349,-0.24386,0.00017014,0.098383,0.071892,0.11785,0.56958,-0.016279,0.073237,0.37134,0.59762,-0.072751,-0.14818,-0.042489,-0.17163,0.022864,0.084661,-0.068094,0.084769,0.13876,0.19445,-0.0093403,-0.012076,0.24081,0.22011,0.35057,0.10363,0.093603,0.1833,-0.0041611,0.032333,0.24869,0.19767,0.0051319,-0.026904,0.13484,0.077595,0.071107,0.17377,-0.14972,-0.15151,0.082057,0.050672,0.61308,0.69703,0.68239,0.717,0.39206,0.58023,0.055219,0.28079,0.12496,0.37262,0.51221,0.58488,0.13271,0.45128,-0.23508,-0.06141,0.0045117,-0.058144,-0.09416,-0.074622,0.18581,0.13679,0.026193,0.019908,0.081855,0.074258,0.087131,0.23331,-0.061837,0.20559,0.059477,0.07111,0.059404,0.038269
-0.27786,-0.23773,-0.2902,-0.32209,1,0.38534,-0.16399,-0.362,0.76006,0.60385,-0.011867,0.032679,0.26325,0.26733,0.3235,-0.013464,-0.090375,-0.053772,-0.079368,-0.4913,-0.041103,-0.24798,-0.13759,-0.31664,0.25324,0.015137,0.17828,0.23473,-0.2949,-0.30381,0.085518,-0.15029,0.036635,-0.20443,0.035551,-0.011731,0.15469,-0.34426,-0.047899,0.094583,-0.1923,-0.021934,0.47581,0.43189,0.15907,0.087039,0.39478,0.43344,0.46542,0.32724,0.34749,0.35608,0.19523,0.16103,0.27828,0.2172,-0.5105,-0.30294,-0.22669,-0.26651,-0.30223,-0.3986,-0.32214,-0.39833,-0.099699,-0.31159,0.025748,-0.20239,-0.21885,-0.32492,0.085791,-0.2123,0.13521,-0.071764,0.17546,-0.0077118,-0.25767,-0.25181,-0.06175,0.035949,-0.29608,-0.17758,-0.4103,-0.47683,0.0019943,-0.090164,-0.077618,0.057141,0.21118,0.12882
-0.25405,-0.29635,-0.18985,-0.30083,0.38534,1,-0.21899,0.028551,0.69305,0.81836,-0.087735,-0.011177,0.1065,0.045232,0.61021,0.32157,-0.059298,-0.15406,-0.31264,-0.38948,0.38543,0.095985,0.026763,-0.12678,0.32736,0.70094,0.26336,0.70018,-0.10743,-0.060819,0.1285,0.13847,-0.28423,-0.31676,0.041761,0.087497,0.049558,-0.025165,-0.10941,0.31053,0.027226,0.25815,-0.22932,-0.1722,-0.08094,-0.11243,-0.15932,-0.064411,-0.21672,0.12699,-0.19286,-0.12076,-0.09597,-0.15059,-0.03909,0.17635,-0.32295,-0.24322,-0.24625,-0.12364,-0.044541,-0.034386,0.03143,0.015147,0.085862,0.014707,-0.28761,-0.2732,-0.48458,-0.415,0.14118,0.12671,-0.10897,0.065796,0.12317,-0.068802,-0.23157,-0.1619,-0.067353,-0.013832,-0.065008,0.094512,-0.046276,-0.16655,0.13678,-0.01935,0.29832,0.10964,0.23186,0.30668
0.53469,0.32993,0.77253,0.54906,-0.16399,-0.21899,1,0.16102,-0.17454,-0.29191,0.37441,-0.087376,0.49324,-0.072529,0.09692,-0.1199,-0.25688,-0.26482,0.36109,0.27096,-0.3162,-0.25395,0.56467,0.47626,-0.26777,-0.23521,-0.3084,-0.23869,-0.23352,-0.29166,-0.015905,0.095387,0.13307,-0.11287,0.3134,0.20418,-0.0048226,0.033069,0.028288,0.058321,-0.24657,-0.10809,-0.02755,-0.063237,0.10272,-0.23147,-0.052623,-0.11259,0.27826,0.0091947,0.37306,0.17351,-0.23832,-0.25862,0.072933,-0.034499,0.30694,0.26759,0.3584,0.24387,0.33734,0.21305,-0.15015,-0.19862,0.58099,0.37613,0.49244,0.13681,0.032544,0.16427,-0.098679,-0.13115,-0.040381,-0.44745,-0.24902,-0.17767,-0.039449,-0.13372,-0.28245,-0.17869,-0.37354,-0.32552,-0.043662,0.034951,0.43143,0.16818,0.27034,0.13371,0.30303,0.06148
0.40997,0.60569,0.024997,0.70159,-0.362,0.028551,0.16102,1,-0.048091,-0.04353,-0.050714,0.43391,-0.075245,0.21542,-0.1435,-0.018232,0.40142,0.28411,-0.04475,0.50027,0.13999,0.1752,0.027539,0.22356,-0.1483,0.035922,0.11996,0.045207,0.19661,0.26296,-0.15034,-0.086329,0.011587,0.18439,-0.34384,-0.29027,0.082625,0.16781,0.1925,0.098821,0.19625,0.18412,-0.28317,-0.23807,0.13577,0.33991,-0.11049,-0.066179,-0.10944,0.26178,-0.3108,-0.03509,0.07401,0.024407,0.082237,0.1742,0.59546,0.67177,0.65843,0.74924,0.61072,0.80707,0.487,0.68763,-0.13228,0.15151,0.011738,0.35839,-0.019729,0.4097,-0.28587,-0.051711,0.0092253,0.20791,-0.044735,-0.093601,0.14792,0.21353,0.072942,0.016677,0.35406,0.32114,0.10546,0.19159,-0.32544,-0.17367,-0.04075,0.021727,-0.052929,0.10401
-0.15649,-0.24827,-0.33268,-0.32175,0.76006,0.69305,-0.17454,-0.048091,1,0.7779,0.067826,0.16652,0.30677,0.29149,0.52922,-0.056184,0.19921,0.032691,-0.06885,-0.37825,0.1186,-0.12918,-0.22819,-0.40585,0.19119,0.19929,0.25231,0.39185,-0.12633,-0.12866,0.02698,-0.1737,0.0063577,-0.12578,-0.16011,-0.15047,0.048845,-0.27846,-0.18477,0.091026,-0.060644,0.014781,0.13898,0.11544,0.12137,0.18143,0.22847,0.31301,0.20956,0.42357,0.037078,0.14415,0.22276,0.18286,0.21195,0.28806,-0.37651,-0.27217,-0.12043,-0.12439,-0.052109,-0.1311,0.032682,-0.034068,-0.181,-0.35266,-0.25546,-0.26428,-0.34633,-0.28973,0.0054508,-0.14806,0.080442,0.091374,0.18222,-0.094592,-0.22322,-0.15048,-0.057753,0.0069362,-0.057199,-0.029269,-0.31078,-0.4786,-0.079394,-0.29135,-0.090173,-0.054479,0.15399,0.17824
-0.2355,-0.27529,-0.29098,-0.34617,0.60385,0.81836,-0.29191,-0.04353,0.7779,1,-0.002669,0.10675,0.15086,0.28622,0.56532,0.28993,0.015828,-0.043795,-0.20927,-0.38776,0.23392,0.020814,-0.14198,-0.24527,0.28157,0.39331,0.33008,0.52787,-0.069723,-0.021066,0.11902,-0.05001,-0.2611,-0.31823,-0.062673,-0.034374,0.14019,-0.088861,-0.021535,0.21938,-0.017636,0.18728,0.031851,-0.0042907,-0.061185,-0.010796,0.077597,0.13548,0.0015408,0.25852,-0.069131,-0.018053,0.11627,0.025915,0.089155,0.233,-0.38619,-0.26024,-0.21703,-0.15406,-0.12248,-0.16239,-0.039957,-0.099366,-0.077788,-0.19083,-0.35663,-0.38241,-0.39288,-0.42526,0.14248,-0.016486,0.022074,0.10783,0.18033,-0.043507,-0.23659,-0.17396,-0.001627,0.068631,-0.063879,0.03237,-0.14715,-0.32692,0.071454,-0.07862,0.075155,0.05666,0.22025,0.30668
0.46848,0.10006,0.28481,-0.14086,-0.011867,-0.087735,0.37441,-0.050714,0.067826,-0.002669,1,0.31022,0.71086,0.099297,0.22183,-0.23923,0.013518,0.012492,0.30216,0.032826,-0.41171,-0.35592,-0.0047325,-0.18508,-0.38287,-0.24166,-0.23739,-0.1905,0.079567,-0.12759,0.11279,-0.038693,-0.15389,-0.30479,-0.0030096,-0.10055,-0.32428,-0.19546,-0.32219,-0.14802,-0.32279,-0.32142,-0.13534,-0.26622,-0.10523,-0.33598,-0.15735,-0.17555,0.16494,0.096614,0.092309,-0.076484,-0.014781,-0.050098,0.011525,-0.13584,0.043094,-0.003759,-0.028527,-0.16717,0.23772,0.01161,0.15995,-0.051621,0.25316,-0.12354,-0.2868,-0.52995,-0.085481,-0.0038037,0.12509,-0.13162,0.10419,-0.13752,-0.23796,-0.16282,-0.25668,-0.31742,-0.13872,-0.0026296,-0.16998,-0.17744,-0.070714,-0.1761,0.21782,-0.31174,0.066596,0.020581,0.031228,-0.12805
0.17281,0.30967,-0.29927,0.1458,0.032679,-0.011177,-0.087376,0.43391,0.16652,0.10675,0.31022,1,0.15593,0.58992,-0.15204,-0.23037,0.34637,0.38356,0.13004,0.15514,-0.22097,-0.21889,-0.32044,-0.29016,-0.31637,-0.20337,-0.16134,-0.16534,0.1105,0.036236,0.079049,-0.1105,0.10685,0.12087,-0.37924,-0.34739,-0.19126,-0.29349,-0.19343,-0.080682,-0.15203,-0.18105,-0.089094,-0.1362,0.26118,0.23356,-0.079824,-0.050596,0.17186,0.42833,-0.13733,0.14804,0.13359,0.064748,-0.056449,0.0031915,0.043276,0.25007,0.22832,0.20767,0.23158,0.34114,0.30322,0.38439,-0.26819,-0.20359,-0.23019,-0.10062,-0.059744,0.063167,-0.068495,-0.04275,0.17025,0.22662,-0.14928,-0.12234,-0.21609,-0.20932,0.067197,0.10767,0.13424,0.27456,-0.24318,-0.23826,-0.35925,-0.32938,-0.33554,-0.0946,-0.18593,0.08017
0.37226,0.027405,0.37997,-0.0685,0.26325,0.1065,0.49324,-0.075245,0.30677,0.15086,0.71086,0.15593,1,0.1092,0.42372,-0.15424,-0.074771,-0.11801,0.26563,-0.15054,-0.35276,-0.38525,0.24417,-0.083391,-0.24515,-0.21004,-0.1506,-0.078518,-0.21581,-0.28545,0.059475,-0.097847,-0.10633,-0.39503,0.24909,0.15329,-0.19096,-0.2259,-0.21669,0.048493,-0.32979,-0.22661,0.028701,-0.11351,0.010132,-0.37259,0.028362,0.0031558,0.43578,0.2615,0.35691,0.20512,-0.0048498,-0.082327,0.18531,0.020858,-0.1061,-0.048367,0.0016406,-0.17004,0.23596,-0.052539,-0.079556,-0.25632,0.41769,-0.020049,0.034055,-0.36995,-0.15155,-0.10632,0.053873,-0.21533,0.017781,-0.32156,-0.22694,-0.21582,-0.18073,-0.24106,-0.18673,-0.047114,-0.28194,-0.18139,-0.20672,-0.19777,0.34928,-0.18525,0.18699,0.1568,0.28936,0.053763
0.018485,0.099518,-0.11191,0.1349,0.26733,0.045232,-0.072529,0.21542,0.29149,0.28622,0.099297,0.58992,0.1092,1,0.048082,0.046304,0.29135,0.21482,0.16268,0.060365,-0.24793,-0.34158,-0.057981,0.0040395,-0.12275,-0.21946,-0.10661,-0.15779,-0.066785,-0.072,0.19872,0.010048,0.22331,0.17801,-0.0065801,0.078582,-0.06645,-0.36637,-0.057009,0.0010424,-0.23323,-0.1739,0.18079,0.099407,0.33426,0.22554,0.056845,0.073273,0.28509,0.35696,0.17044,0.32374,0.063341,-0.049857,-0.0015804,-0.039824,-0.075557,0.015253,0.063429,0.050803,-0.12652,-0.044691,-0.046393,0.0075159,-0.1662,-0.079621,-0.04109,0.0068462,-0.14436,-0.080058,0.094932,0.038893,0.20488,0.097364,-0.089064,-0.027205,-0.23852,-0.17121,0.077183,0.14951,0.037577,0.18539,-0.31663,-0.37574,-0.045162,-0.0063952,-0.23424,-0.15552,-0.084444,-0.03616
-0.021232,-0.22247,0.20495,-0.24386,0.3235,0.61021,0.09692,-0.1435,0.52922,0.56532,0.22183,-0.15204,0.42372,0.048082,1,0.48222,-0.099977,-0.16929,-0.088208,-0.31215,0.33499,0.14192,0.12037,0.012598,0.39525,0.49344,0.34321,0.45785,0.14037,0.13811,0.1115,0.10338,-0.4124,-0.4971,0.14755,0.1422,0.07555,0.069509,-0.11128,0.26756,0.14098,0.20704,-0.10674,-0.13553,-0.13419,-0.30651,-0.048668,-0.02102,-0.14113,-0.041303,-0.080637,-0.16954,-0.11148,-0.061521,-0.0038172,0.093688,-0.19246,-0.18085,-0.2586,-0.13813,-0.10548,-0.091984,-0.018591,-0.10004,0.20949,0.049237,-0.17187,-0.33541,-0.31388,-0.26021,0.19599,0.085187,0.02337,0.023436,0.24965,0.051291,-0.028002,-0.029107,0.068721,0.1072,0.02033,-0.060159,0.28366,-0.037364,0.57221,0.15496,0.37529,0.18684,0.31494,0.22551
-0.20111,-0.088493,0.14344,0.00017014,-0.013464,0.32157,-0.1199,-0.018232,-0.056184,0.28993,-0.23923,-0.23037,-0.15424,0.046304,0.48222,1,-0.24345,-0.08213,-0.3247,-0.20626,0.40754,0.36808,0.3024,0.39044,0.48726,0.55706,0.29253,0.41533,0.156,0.31903,0.18198,0.32437,-0.41528,-0.3058,0.2741,0.31681,0.22341,0.33003,0.21123,0.45669,0.27623,0.46713,-0.065434,-0.0044918,-0.18666,-0.29083,-0.061462,-0.062934,-0.27482,-0.27974,-0.095718,-0.19228,-0.22614,-0.23125,-0.11471,0.037903,-0.034907,0.007386,-0.25285,-0.037723,-0.21991,-0.060592,-0.1346,-0.062699,0.16848,0.31989,0.0068974,-0.015563,-0.14915,-0.25048,0.22221,0.25361,-0.075147,0.11455,0.18721,0.21616,0.099653,0.13266,0.21362,0.20208,0.10388,0.18777,0.48142,0.39243,0.42532,0.53509,0.44175,0.37825,0.17456,0.2434
0.20598,0.24562,-0.33474,0.098383,-0.090375,-0.059298,-0.25688,0.40142,0.19921,0.015828,0.013518,0.34637,-0.074771,0.29135,-0.099977,-0.24345,1,0.64442,0.063013,0.28855,0.083181,0.16936,-0.39156,-0.2901,-0.10175,-0.24119,0.23525,-0.095466,0.42317,0.433,-0.13647,-0.28763,0.17015,0.34926,-0.41843,-0.35722,-0.084132,-0.024137,-0.052782,-0.24007,0.2455,-0.0092643,-0.013442,-0.10385,0.1349,0.40143,0.1238,0.15306,-0.018847,0.26842,-0.25145,-0.091822,0.32099,0.29588,0.1037,0.12142,0.36171,0.24046,0.32407,0.30695,0.23139,0.27636,0.44082,0.53438,-0.4798,-0.34802,-0.3134,0.096628,0.0088243,0.28933,-0.198,-0.013495,0.27265,0.497,0.15839,0.076041,0.12957,0.23947,0.32133,0.15653,0.64537,0.33516,0.089644,-0.075725,-0.40878,-0.39226,-0.39808,-0.304,-0.18766,-0.14235
0.055894,0.33795,-0.29435,0.071892,-0.053772,-0.15406,-0.26482,0.28411,0.032691,-0.043795,0.012492,0.38356,-0.11801,0.21482,-0.16929,-0.08213,0.64442,1,-0.039018,0.16945,-0.023045,0.066684,-0.3051,-0.16923,-0.093571,-0.14276,0.057958,-0.15406,0.41692,0.40981,0.067813,-0.051614,0.074367,0.23117,-0.29444,-0.3525,-0.12628,-0.038821,-0.072049,-0.16512,0.12466,-0.066092,0.050032,0.035806,0.10845,0.19832,0.069004,0.098947,-0.0027732,0.088719,-0.21085,-0.15971,0.14084,0.28632,-0.03077,0.024155,0.29639,0.34927,0.071476,0.16326,0.044304,0.13867,0.22946,0.43327,-0.38069,-0.26152,-0.20622,-0.019984,0.11779,0.19576,0.051987,0.093172,0.21618,0.53962,0.033807,0.082512,0.058977,0.11069,0.36026,0.31921,0.45091,0.40522,0.10228,0.026089,-0.41995,-0.16881,-0.21882,0.024102,-0.34397,-0.10806
0.41555,0.19477,0.38685,0.11785,-0.079368,-0.31264,0.36109,-0.04475,-0.06885,-0.20927,0.30216,0.13004,0.26563,0.16268,-0.088208,-0.3247,0.063013,-0.039018,1,0.52723,-0.40217,-0.24479,0.048772,0.073557,-0.37203,-0.46917,-0.19251,-0.32839,-0.11478,-0.16996,-0.19759,-0.25223,0.31169,0.22125,0.013017,-0.046742,-0.022951,-0.085427,-0.049329,-0.3138,-0.09954,-0.27845,-0.015699,-0.109,-0.086768,-0.11207,0.047219,-0.042703,0.20886,0.16395,0.2406,0.16167,-0.13442,-0.046648,-0.074493,-0.38634,0.14074,-0.0076081,0.22084,0.083286,0.064282,-0.099514,-0.073774,-0.17708,0.078782,-0.028194,0.15208,-0.024999,0.457,0.39993,-0.072547,-0.025988,0.20637,-0.1468,-0.032432,0.013937,0.066813,0.049558,-0.19948,-0.18803,-0.16563,-0.30279,-0.11945,-0.11171,0.084289,-0.14779,-0.17904,-0.37176,-0.14976,-0.41054
0.58833,0.63966,0.29065,0.56958,-0.4913,-0.38948,0.27096,0.50027,-0.37825,-0.38776,0.032826,0.15514,-0.15054,0.060365,-0.31215,-0.20626,0.28855,0.16945,0.52723,1,-0.10403,0.068273,0.046519,0.34077,-0.30123,-0.29962,-0.013116,-0.19714,0.15355,0.11519,-0.31968,-0.19442,0.22181,0.37245,-0.16991,-0.19527,0.1627,0.23749,0.27624,-0.22379,0.13018,0.029077,-0.20835,-0.21868,-0.069765,0.049864,-0.095316,-0.13592,-0.16922,-0.056869,-0.19237,-0.14833,-0.12514,-0.057923,0.041508,-0.17521,0.67326,0.50768,0.52762,0.50281,0.31204,0.38217,0.29035,0.37791,-0.060525,0.11003,0.086425,0.24186,0.22117,0.61942,-0.33672,-0.026171,0.15417,0.099056,0.04899,0.077634,0.20139,0.23612,-0.075372,-0.15202,0.16044,-0.035857,0.11633,0.2096,-0.19565,-0.0937,-0.082343,-0.2584,-0.19542,-0.41439
-0.2133,-0.07637,-0.26513,-0.016279,-0.041103,0.38543,-0.3162,0.13999,0.1186,0.23392,-0.41171,-0.22097,-0.35276,-0.24793,0.33499,0.40754,0.083181,-0.023045,-0.40217,-0.10403,1,0.82199,-0.15644,-0.01765,0.56154,0.58504,0.70036,0.68713,0.34855,0.43349,-0.21372,-0.0081032,-0.17876,-0.062193,-0.18059,-0.11264,0.36671,0.3848,0.26531,0.32409,0.6824,0.57198,-0.12961,-0.13024,-0.11462,0.10517,0.057705,0.053323,-0.44893,-0.17307,-0.47465,-0.2763,0.091281,0.098564,0.081781,0.26746,0.074544,0.03388,0.003785,0.15196,0.034955,0.20257,0.21413,0.28509,-0.25009,-0.011459,-0.12807,0.13606,-0.15794,-0.051486,-0.017507,0.1597,0.11866,0.274,0.48834,0.20839,0.40145,0.38097,0.17,-0.016775,0.43131,0.2864,0.60653,0.46021,0.013504,0.18124,0.22742,0.23886,0.2177,0.31989
-0.044855,0.066573,-0.20997,0.073237,-0.24798,0.095985,-0.25395,0.1752,-0.12918,0.020814,-0.35592,-0.21889,-0.38525,-0.34158,0.14192,0.36808,0.16936,0.066684,-0.24479,0.068273,0.82199,1,-0.24207,-0.028922,0.43491,0.33765,0.70563,0.50362,0.50566,0.63592,-0.33528,-0.16741,-0.21198,-0.031133,-0.30641,-0.25878,0.40476,0.56033,0.37648,0.16472,0.87717,0.60471,-0.090107,-0.11665,-0.24806,0.099417,0.16594,0.087118,-0.40638,-0.19258,-0.42158,-0.32522,0.12281,0.17716,0.04777,0.18551,0.24297,0.19066,0.1791,0.27673,0.146,0.25328,0.27152,0.35437,-0.32017,-0.09908,-0.11849,0.19378,0.089609,0.16149,-0.083838,0.13921,0.14082,0.35481,0.49474,0.30018,0.50879,0.48459,0.21771,0.017934,0.57542,0.27695,0.79798,0.63677,-0.020677,0.15083,0.0742,0.13898,0.12409,0.20251
0.16645,0.13953,0.76972,0.37134,-0.13759,0.026763,0.56467,0.027539,-0.22819,-0.14198,-0.0047325,-0.32044,0.24417,-0.057981,0.12037,0.3024,-0.39156,-0.3051,0.048772,0.046519,-0.15644,-0.24207,1,0.81423,-0.0075406,0.13938,-0.29495,-0.028262,-0.44943,-0.34184,0.24686,0.42955,-0.10238,-0.23154,0.77978,0.65509,0.059263,0.078203,0.19401,0.2961,-0.30271,0.054257,0.0080965,0.027967,0.038127,-0.42355,-0.097418,-0.12422,0.15536,-0.027435,0.42196,0.25537,-0.41815,-0.46307,-0.038339,-0.081109,0.14587,0.096225,-0.046831,-0.00045878,-0.070634,-0.090595,-0.49517,-0.4233,0.78576,0.68749,0.52118,0.14805,-0.099168,-0.11774,0.14867,0.14062,-0.33353,-0.48468,-0.36342,-0.19085,-0.12269,-0.14483,-0.21092,-0.10418,-0.45173,-0.24092,-0.081334,0.15844,0.47688,0.44686,0.58316,0.24615,0.32251,0.10429
0.19529,0.34944,0.68572,0.59762,-0.31664,-0.12678,0.47626,0.22356,-0.40585,-0.24527,-0.18508,-0.29016,-0.083391,0.0040395,0.012598,0.39044,-0.2901,-0.16923,0.073557,0.34077,-0.01765,-0.028922,0.81423,1,0.094255,0.15872,-0.14677,-0.048191,-0.18792,-0.077937,0.19548,0.4614,-0.12555,-0.084036,0.58428,0.51494,0.16088,0.23195,0.33628,0.18402,-0.065994,0.15346,-0.033442,0.022877,0.039375,-0.26865,-0.13892,-0.1787,-0.017638,-0.17,0.21519,0.10635,-0.43271,-0.40827,-0.11884,-0.17035,0.361,0.32566,0.12145,0.25255,-0.084816,0.061919,-0.35539,-0.19148,0.54498,0.69068,0.55514,0.33472,0.057594,0.1405,0.049429,0.17674,-0.23959,-0.29598,-0.22706,-0.084902,0.0074923,-0.016422,-0.043142,-0.014167,-0.22902,-0.11944,0.12805,0.32129,0.34217,0.57423,0.47742,0.20529,0.10645,-0.024474
-0.41196,-0.21878,-0.19809,-0.072751,0.25324,0.32736,-0.26777,-0.1483,0.19119,0.28157,-0.38287,-0.31637,-0.24515,-0.12275,0.39525,0.48726,-0.10175,-0.093571,-0.37203,-0.30123,0.56154,0.43491,-0.0075406,0.094255,1,0.5935,0.58983,0.30354,0.36021,0.49856,0.32212,0.27227,-0.26276,-0.22566,0.087495,0.12434,0.088287,0.096931,0.069791,0.030581,0.33455,0.27927,0.16712,0.19953,0.086695,0.058537,0.046909,0.046634,-0.11167,-0.13816,-0.020577,0.031276,-0.13072,-0.036243,-0.17283,-0.05061,-0.25516,-0.17704,-0.2042,-0.067211,-0.27381,-0.14042,-0.13953,-0.095804,-0.029054,0.090732,0.083996,0.16556,-0.051774,-0.18446,0.20081,0.2104,0.079862,0.22715,0.35359,0.23473,0.23492,0.21092,0.57214,0.49983,0.32351,0.13698,0.32738,0.041318,0.057384,0.37877,-0.0071978,0.033801,-0.018683,0.048027
-0.34299,-0.19841,-0.099652,-0.14818,0.015137,0.70094,-0.23521,0.035922,0.19929,0.39331,-0.24166,-0.20337,-0.21004,-0.21946,0.49344,0.55706,-0.24119,-0.14276,-0.46917,-0.29962,0.58504,0.33765,0.13938,0.15872,0.5935,1,0.2805,0.6461,0.12879,0.18987,0.28326,0.47296,-0.4145,-0.30729,0.11275,0.17277,0.048863,0.2117,-0.020893,0.32662,0.20569,0.40628,-0.34032,-0.18948,-0.13425,-0.18728,-0.34853,-0.27142,-0.49162,-0.25057,-0.34998,-0.29889,-0.33125,-0.28072,-0.27521,-0.0025197,-0.1573,-0.10343,-0.34005,-0.1001,-0.15219,0.02629,0.012949,0.07899,0.13815,0.23814,-0.15621,-0.11079,-0.29584,-0.31721,0.21615,0.36569,-0.15563,0.14821,0.1358,0.051686,-0.052787,-0.015378,0.16595,0.16292,0.056752,0.21035,0.31604,0.19586,0.1687,0.29199,0.452,0.23292,0.022727,0.24423
-0.068784,0.0071355,-0.26193,-0.042489,0.17828,0.26336,-0.3084,0.11996,0.25231,0.33008,-0.23739,-0.16134,-0.1506,-0.10661,0.34321,0.29253,0.23525,0.057958,-0.19251,-0.013116,0.70036,0.70563,-0.29495,-0.14677,0.58983,0.2805,1,0.54284,0.47055,0.56562,-0.28982,-0.32175,-0.20724,-0.15391,-0.29114,-0.28633,0.40063,0.34631,0.3308,0.067667,0.64242,0.43313,0.063047,-0.016094,-0.18952,0.10881,0.24484,0.20362,-0.21688,0.026093,-0.31264,-0.20185,0.24019,0.26881,0.20686,0.16598,0.053372,0.045823,0.12492,0.1816,0.1341,0.15944,0.24382,0.22848,-0.3019,-0.20187,-0.19569,0.020533,-0.061925,0.058748,-0.046953,-0.025292,0.30765,0.34013,0.60093,0.31289,0.47418,0.45227,0.27043,0.10425,0.53652,0.15314,0.48703,0.30195,-0.063383,0.0084024,-0.021736,0.030748,0.17319,0.069694
-0.15154,-0.10992,-0.19333,-0.17163,0.23473,0.70018,-0.23869,0.045207,0.39185,0.52787,-0.1905,-0.16534,-0.078518,-0.15779,0.45785,0.41533,-0.095466,-0.15406,-0.32839,-0.19714,0.68713,0.50362,-0.028262,-0.048191,0.30354,0.6461,0.54284,1,-0.020372,0.0090119,-0.25606,-0.040208,-0.21239,-0.20763,-0.0524,-0.041509,0.40752,0.27982,0.25643,0.46722,0.37256,0.54506,-0.1951,-0.17574,-0.28333,-0.17296,0.02651,0.042749,-0.37617,-0.096916,-0.35524,-0.27923,0.027813,-0.043517,0.195,0.3008,-0.086015,-0.035102,-0.10756,-0.0080661,0.070684,0.086236,0.13838,0.13435,-0.054538,-0.029471,-0.22919,-0.18434,-0.41476,-0.22341,-0.0020829,0.097252,0.087684,0.11851,0.41421,0.14107,0.059924,0.067279,-0.21444,-0.27805,0.022372,0.079144,0.29557,0.31622,0.13327,0.039505,0.45967,0.33066,0.40556,0.34346
0.086673,0.16795,-0.24367,0.022864,-0.2949,-0.10743,-0.23352,0.19661,-0.12633,-0.069723,0.079567,0.1105,-0.21581,-0.066785,0.14037,0.156,0.42317,0.41692,-0.11478,0.15355,0.34855,0.50566,-0.44943,-0.18792,0.36021,0.12879,0.47055,-0.020372,1,0.87622,0.08701,-0.055333,-0.22966,-0.026958,-0.41595,-0.39274,-0.093353,0.23032,-0.064999,-0.28606,0.51769,0.1134,-0.093278,-0.096707,-0.020934,0.13399,-0.080468,-0.087904,-0.32602,-0.15803,-0.44931,-0.39499,0.066179,0.24346,-0.19939,-0.13611,0.27018,0.21613,0.13753,0.24024,0.13607,0.28119,0.39951,0.47374,-0.38566,-0.2055,-0.31641,0.02184,0.18316,0.24843,0.1525,0.16466,0.37406,0.6745,0.29466,0.33163,0.33157,0.30647,0.67715,0.54972,0.7865,0.33451,0.62666,0.18785,-0.12976,0.030931,-0.24438,-0.10322,-0.28109,-0.14194
-0.011046,0.12943,-0.21793,0.084661,-0.30381,-0.060819,-0.29166,0.26296,-0.12866,-0.021066,-0.12759,0.036236,-0.28545,-0.072,0.13811,0.31903,0.433,0.40981,-0.16996,0.11519,0.43349,0.63592,-0.34184,-0.077937,0.49856,0.18987,0.56562,0.0090119,0.87622,1,0.11622,-0.0044836,-0.29335,-0.0061954,-0.34581,-0.29179,-0.056739,0.29471,0.015155,-0.20474,0.60221,0.21523,-0.081819,-0.096669,-0.023234,0.18475,-0.033236,-0.055021,-0.28733,-0.10527,-0.3536,-0.29472,0.058774,0.20769,-0.23771,-0.10347,0.23139,0.20806,0.14038,0.28461,0.10844,0.28258,0.36667,0.46941,-0.3305,-0.086553,-0.2313,0.14996,0.22089,0.21001,0.084621,0.1809,0.20479,0.65989,0.29523,0.33476,0.39722,0.41488,0.72748,0.60398,0.84734,0.43166,0.65964,0.27386,-0.11178,0.12498,-0.27569,-0.098756,-0.27218,-0.062623
-0.27944,-0.164,0.046095,-0.068094,0.085518,0.1285,-0.015905,-0.15034,0.02698,0.11902,0.11279,0.079049,0.059475,0.19872,0.1115,0.18198,-0.13647,0.067813,-0.19759,-0.31968,-0.21372,-0.33528,0.24686,0.19548,0.32212,0.28326,-0.28982,-0.25606,0.08701,0.11622,1,0.74356,-0.25601,-0.18128,0.36106,0.39569,-0.52237,-0.3557,-0.38112,-0.19093,-0.42573,-0.22993,-0.01616,0.071797,0.3024,-0.081246,-0.36882,-0.31747,0.118,-0.031384,0.24543,0.18076,-0.39943,-0.34564,-0.53019,-0.34409,-0.2833,-0.18015,-0.35311,-0.24196,-0.42282,-0.28501,-0.30548,-0.27403,0.2718,0.22259,0.065631,-0.06534,-0.014002,-0.23492,0.38693,0.34667,-0.2646,0.00038604,-0.46882,-0.17339,-0.47023,-0.41491,0.49327,0.60341,-0.066758,0.12922,-0.17576,-0.38105,0.078057,0.29506,-0.04676,-0.050608,-0.30166,-0.012211
-0.28289,-0.15132,0.19385,0.084769,-0.15029,0.13847,0.095387,-0.086329,-0.1737,-0.05001,-0.038693,-0.1105,-0.097847,0.010048,0.10338,0.32437,-0.28763,-0.051614,-0.25223,-0.19442,-0.0081032,-0.16741,0.42955,0.4614,0.27227,0.47296,-0.32175,-0.040208,-0.055333,-0.0044836,0.74356,1,-0.20437,-0.084907,0.4618,0.52473,-0.35331,-0.14967,-0.26097,0.02513,-0.28067,-0.067128,-0.26916,-0.1474,0.13022,-0.23349,-0.52514,-0.49227,-0.15682,-0.28089,0.062236,0.00058004,-0.55193,-0.49954,-0.56617,-0.32248,-0.15996,-0.074567,-0.36456,-0.18439,-0.3326,-0.14145,-0.23269,-0.16052,0.40419,0.51883,0.17667,0.060968,-0.074511,-0.23768,0.23612,0.42012,-0.3316,-0.10396,-0.37317,-0.14151,-0.33918,-0.28109,0.24577,0.29973,-0.17384,0.12535,-0.018215,-0.053063,0.21656,0.42039,0.25598,0.14473,-0.17453,0.083732
-0.057229,-0.10762,-0.099192,0.13876,0.036635,-0.28423,0.13307,0.011587,0.0063577,-0.2611,-0.15389,0.10685,-0.10633,0.22331,-0.4124,-0.41528,0.17015,0.074367,0.31169,0.22181,-0.17876,-0.21198,-0.10238,-0.12555,-0.26276,-0.4145,-0.20724,-0.21239,-0.22966,-0.29335,-0.25601,-0.20437,1,0.75804,-0.073867,-0.043823,-0.0074776,-0.26415,-0.028296,-0.035244,-0.10425,-0.22279,0.091186,0.10852,0.20066,0.26472,0.13043,0.11606,0.1593,0.0074586,0.15135,0.28431,0.06565,-0.00012814,0.16031,0.046841,-0.061168,-0.16862,0.1258,-0.063431,0.084209,-0.033832,0.015533,-0.032,-0.20525,-0.10393,0.21675,0.3468,0.050122,0.076161,-0.17562,-0.005955,0.3503,0.023641,0.099042,0.12847,0.19127,0.20026,-0.20755,-0.23412,-0.099072,-0.047232,-0.29561,-0.15105,-0.24855,-0.099194,-0.24466,-0.12879,-0.003033,-0.081875
-0.10299,0.00091924,-0.25011,0.19445,-0.20443,-0.31676,-0.11287,0.18439,-0.12578,-0.31823,-0.30479,0.12087,-0.39503,0.17801,-0.4971,-0.3058,0.34926,0.23117,0.22125,0.37245,-0.062193,-0.031133,-0.23154,-0.084036,-0.22566,-0.30729,-0.15391,-0.20763,-0.026958,-0.0061954,-0.18128,-0.084907,0.75804,1,-0.23943,-0.13804,-0.055322,-0.16794,-0.03252,-0.15135,0.015784,-0.12168,-0.09582,-0.043515,0.13318,0.37227,-0.035244,-0.022066,-0.10849,-0.11377,-0.12965,0.045732,0.025459,0.026232,-0.048903,-0.050699,0.098484,-0.0074013,0.16025,0.0908,0.062604,0.13601,0.26645,0.30579,-0.36792,-0.06653,0.032047,0.4042,0.13413,0.24259,-0.2815,0.037009,0.13933,0.18724,0.079745,0.070019,0.15409,0.22164,-0.028238,-0.13454,0.1742,0.16105,-0.16217,-0.05768,-0.40115,-0.13609,-0.36634,-0.22764,-0.26226,-0.18827
-0.12332,-0.15821,0.571,-0.0093403,0.035551,0.041761,0.3134,-0.34384,-0.16011,-0.062673,-0.0030096,-0.37924,0.24909,-0.0065801,0.14755,0.2741,-0.41843,-0.29444,0.013017,-0.16991,-0.18059,-0.30641,0.77978,0.58428,0.087495,0.11275,-0.29114,-0.0524,-0.41595,-0.34581,0.36106,0.4618,-0.073867,-0.23943,1,0.87352,-0.11256,-0.16032,0.030054,0.15356,-0.36016,-0.11623,0.052525,0.03629,0.12724,-0.49343,-0.19567,-0.2261,0.12636,-0.13304,0.43649,0.26362,-0.50033,-0.52053,-0.16595,-0.23748,-0.18054,-0.22888,-0.37865,-0.34228,-0.34064,-0.42574,-0.57825,-0.60941,0.77325,0.63404,0.47727,0.0062482,-0.10632,-0.32571,0.2588,0.18085,-0.23605,-0.44273,-0.33141,-0.12859,-0.21723,-0.26081,-0.10105,-0.005563,-0.45574,-0.13617,-0.14283,0.019257,0.56565,0.55853,0.47711,0.16505,0.23582,0.017888
-0.19517,-0.27868,0.43421,-0.012076,-0.011731,0.087497,0.20418,-0.29027,-0.15047,-0.034374,-0.10055,-0.34739,0.15329,0.078582,0.1422,0.31681,-0.35722,-0.3525,-0.046742,-0.19527,-0.11264,-0.25878,0.65509,0.51494,0.12434,0.17277,-0.28633,-0.041509,-0.39274,-0.29179,0.39569,0.52473,-0.043823,-0.13804,0.87352,1,-0.14878,-0.14609,-0.0055468,0.19673,-0.32063,-0.069909,-0.056521,-0.03083,0.14332,-0.35691,-0.28286,-0.30554,0.060583,-0.16533,0.38409,0.2748,-0.48414,-0.58479,-0.21638,-0.20845,-0.21703,-0.29829,-0.35544,-0.30683,-0.36513,-0.37136,-0.48652,-0.52707,0.63791,0.59467,0.41251,0.12892,-0.13411,-0.35201,0.14943,0.19982,-0.26169,-0.38122,-0.30843,-0.1289,-0.20809,-0.18217,-0.0093085,0.024034,-0.34751,-0.030223,-0.1328,-0.027886,0.5314,0.54907,0.379,0.080334,0.19316,0.055021
0.14188,0.25545,0.02758,0.24081,0.15469,0.049558,-0.0048226,0.082625,0.048845,0.14019,-0.32428,-0.19126,-0.19096,-0.06645,0.07555,0.22341,-0.084132,-0.12628,-0.022951,0.1627,0.36671,0.40476,0.059263,0.16088,0.088287,0.048863,0.40063,0.40752,-0.093353,-0.056739,-0.52237,-0.35331,-0.0074776,-0.055322,-0.11256,-0.14878,1,0.5828,0.74338,0.39155,0.48414,0.6392,0.20003,0.21482,-0.24316,-0.019337,0.39409,0.34165,-0.079825,-0.03505,-0.11214,-0.075049,0.084716,0.08915,0.45124,0.31572,0.23629,0.24377,0.20807,0.22046,0.037137,0.084378,-0.10524,-0.028351,-0.16414,-0.066006,0.083816,0.072891,-0.078025,0.079145,-0.18615,-0.18809,0.11717,-0.055943,0.42109,0.15325,0.39595,0.32007,-0.26285,-0.32745,-0.026993,-0.086784,0.25882,0.40408,0.050817,0.14033,0.29206,0.1712,0.34327,0.13457
0.23312,0.22072,0.15537,0.22011,-0.34426,-0.025165,0.033069,0.16781,-0.27846,-0.088861,-0.19546,-0.29349,-0.2259,-0.36637,0.069509,0.33003,-0.024137,-0.038821,-0.085427,0.23749,0.3848,0.56033,0.078203,0.23195,0.096931,0.2117,0.34631,0.27982,0.23032,0.29471,-0.3557,-0.14967,-0.26415,-0.16794,-0.16032,-0.14609,0.5828,1,0.52419,0.39793,0.57032,0.6766,-0.14898,-0.065362,-0.39622,-0.15956,0.099189,0.072205,-0.37611,-0.26998,-0.32018,-0.40674,-0.018659,0.068242,0.22696,0.26421,0.42665,0.29864,0.15349,0.23986,0.17087,0.22803,0.08392,0.16118,-0.097843,0.0078031,-0.096877,0.017134,0.058799,0.1748,-0.10886,0.019173,-0.021849,0.10059,0.2895,0.1406,0.47596,0.44036,-0.015373,-0.11501,0.2143,0.031848,0.59117,0.65579,0.083723,0.17305,0.30743,0.20585,0.17211,0.10154
0.17386,0.3307,0.11502,0.35057,-0.047899,-0.10941,0.028288,0.1925,-0.18477,-0.021535,-0.32219,-0.19343,-0.21669,-0.057009,-0.11128,0.21123,-0.052782,-0.072049,-0.049329,0.27624,0.26531,0.37648,0.19401,0.33628,0.069791,-0.020893,0.3308,0.25643,-0.064999,0.015155,-0.38112,-0.26097,-0.028296,-0.03252,0.030054,-0.0055468,0.74338,0.52419,1,0.31658,0.36926,0.48641,0.14333,0.15589,-0.19791,-0.017278,0.28973,0.21492,-0.092991,-0.081037,-0.071009,-0.032845,0.041168,-0.0027574,0.36239,0.20328,0.30261,0.31368,0.23042,0.23891,0.077352,0.10788,-0.10633,-0.018244,-0.033213,0.072958,0.16598,0.16458,-0.0081279,0.11964,-0.18593,-0.13876,0.02017,-0.089778,0.22638,0.068416,0.35392,0.29667,-0.10359,-0.18263,0.010399,-0.07506,0.2424,0.45963,-0.031263,0.18591,0.25234,0.12982,0.24685,0.069561
-0.038463,-0.054477,0.10039,0.10363,0.094583,0.31053,0.058321,0.098821,0.091026,0.21938,-0.14802,-0.080682,0.048493,0.0010424,0.26756,0.45669,-0.24007,-0.16512,-0.3138,-0.22379,0.32409,0.16472,0.2961,0.18402,0.030581,0.32662,0.067667,0.46722,-0.28606,-0.20474,-0.19093,0.02513,-0.035244,-0.15135,0.15356,0.19673,0.39155,0.39793,0.31658,1,0.12756,0.47724,-0.018902,0.050475,-0.084893,-0.14932,0.1314,0.1774,-0.10204,-0.10886,-0.058557,-0.023346,0.066955,-0.089871,0.39618,0.58468,0.01084,0.055,-0.10426,-0.026769,0.041145,0.10125,-0.12929,-0.061966,0.079855,0.13003,0.051366,-0.0099297,-0.31417,-0.29378,-0.053878,-0.0079389,-0.098353,-0.15755,0.12765,-0.050409,0.09821,0.065547,-0.29546,-0.26899,-0.21237,0.02777,0.15773,0.34479,0.25635,0.21818,0.53083,0.5473,0.48941,0.51887
0.048084,0.15011,-0.18605,0.093603,-0.1923,0.027226,-0.24657,0.19625,-0.060644,-0.017636,-0.32279,-0.15203,-0.32979,-0.23323,0.14098,0.27623,0.2455,0.12466,-0.09954,0.13018,0.6824,0.87717,-0.30271,-0.065994,0.33455,0.20569,0.64242,0.37256,0.51769,0.60221,-0.42573,-0.28067,-0.10425,0.015784,-0.36016,-0.32063,0.48414,0.57032,0.36926,0.12756,1,0.57509,-0.0059961,0.014579,-0.17058,0.16636,0.26131,0.18917,-0.30643,-0.12043,-0.37021,-0.26464,0.13866,0.26797,0.12289,0.15729,0.30905,0.24176,0.23608,0.32963,0.13202,0.26287,0.26456,0.37811,-0.42249,-0.16201,-0.061639,0.24135,0.16925,0.2499,-0.085611,0.033057,0.23328,0.39854,0.50043,0.37163,0.55932,0.53212,0.19537,0.0022246,0.57106,0.2583,0.78464,0.62711,-0.047486,0.13099,0.064644,0.081464,0.019842,0.060981
0.036658,0.15853,-0.069378,0.1833,-0.021934,0.25815,-0.10809,0.18412,0.014781,0.18728,-0.32142,-0.18105,-0.22661,-0.1739,0.20704,0.46713,-0.0092643,-0.066092,-0.27845,0.029077,0.57198,0.60471,0.054257,0.15346,0.27927,0.40628,0.43313,0.54506,0.1134,0.21523,-0.22993,-0.067128,-0.22279,-0.12168,-0.11623,-0.069909,0.6392,0.6766,0.48641,0.47724,0.57509,1,-0.08868,0.0026375,-0.22668,-0.055538,0.11475,0.10767,-0.2824,-0.18243,-0.25874,-0.22466,-0.065839,-0.061313,0.20874,0.37392,0.227,0.23623,0.1247,0.25083,0.051427,0.2061,0.061382,0.17924,-0.15836,0.011926,-0.033138,0.097669,-0.14077,0.006858,-0.13255,0.037618,-0.041849,0.12585,0.29076,0.10768,0.27746,0.26028,-0.022333,-0.1122,0.20659,0.24687,0.47617,0.54559,0.084965,0.26293,0.35272,0.32737,0.26648,0.32894
-0.0024318,0.093105,-0.10228,-0.0041611,0.47581,-0.22932,-0.02755,-0.28317,0.13898,0.031851,-0.13534,-0.089094,0.028701,0.18079,-0.10674,-0.065434,-0.013442,0.050032,-0.015699,-0.20835,-0.12961,-0.090107,0.0080965,-0.033442,0.16712,-0.34032,0.063047,-0.1951,-0.093278,-0.081819,-0.01616,-0.26916,0.091186,-0.09582,0.052525,-0.056521,0.20003,-0.14898,0.14333,-0.018902,-0.0059961,-0.08868,1,0.86848,0.41957,0.29784,0.81332,0.77733,0.71861,0.3616,0.6112,0.51436,0.46392,0.47237,0.42603,0.24879,-0.055056,-0.0072624,0.059354,-0.04369,-0.29127,-0.34119,-0.49073,-0.38874,-0.18425,-0.30286,0.29893,0.11168,0.10133,-0.040815,0.086826,-0.2693,0.15534,-0.079641,0.067255,0.059468,-0.014271,-0.067596,0.030233,0.081245,-0.10807,-0.21145,-0.13879,-0.17034,-0.12235,0.077724,-0.17994,0.042328,-0.0074429,-0.12701
-0.082264,0.089909,-0.13505,0.032333,0.43189,-0.1722,-0.063237,-0.23807,0.11544,-0.0042907,-0.26622,-0.1362,-0.11351,0.099407,-0.13553,-0.0044918,-0.10385,0.035806,-0.109,-0.21868,-0.13024,-0.11665,0.027967,0.022877,0.19953,-0.18948,-0.016094,-0.17574,-0.096707,-0.096669,0.071797,-0.1474,0.10852,-0.043515,0.03629,-0.03083,0.21482,-0.065362,0.15589,0.050475,0.014579,0.0026375,0.86848,1,0.40858,0.33498,0.71147,0.75199,0.59126,0.20116,0.53417,0.47612,0.30493,0.36056,0.37013,0.2422,-0.041392,0.02191,0.0011678,-0.016333,-0.36275,-0.29968,-0.48811,-0.3253,-0.23044,-0.27371,0.37057,0.24404,0.10568,-0.015052,0.088252,-0.20979,0.060513,-0.038279,0.023603,0.031546,-0.048668,-0.063775,0.054627,0.12933,-0.13584,-0.14228,-0.1342,-0.11117,-0.1885,0.17479,-0.095864,0.08419,-0.15232,-0.16959
-0.0033956,0.11903,-0.11155,0.24869,0.15907,-0.08094,0.10272,0.13577,0.12137,-0.061185,-0.10523,0.26118,0.010132,0.33426,-0.13419,-0.18666,0.1349,0.10845,-0.086768,-0.069765,-0.11462,-0.24806,0.038127,0.039375,0.086695,-0.13425,-0.18952,-0.28333,-0.020934,-0.023234,0.3024,0.13022,0.20066,0.13318,0.12724,0.14332,-0.24316,-0.39622,-0.19791,-0.084893,-0.17058,-0.22668,0.41957,0.40858,1,0.60075,0.13905,0.18501,0.50613,0.41166,0.36273,0.55563,0.067725,0.057601,-0.058,0.021538,0.013405,0.046414,0.2062,0.19521,-0.068457,0.10146,-0.14829,-0.02417,0.0023959,0.11916,0.4269,0.41006,0.04214,-0.048547,0.03704,-0.070333,0.068631,-0.02237,-0.29412,-0.18518,-0.16372,-0.20282,0.17305,0.21022,0.0083019,0.19339,-0.23688,-0.30814,-0.15657,0.23275,-0.25691,-0.085665,-0.20756,0.01457
-0.091046,0.060675,-0.48593,0.19767,0.087039,-0.11243,-0.23147,0.33991,0.18143,-0.010796,-0.33598,0.23356,-0.37259,0.22554,-0.30651,-0.29083,0.40143,0.19832,-0.11207,0.049864,0.10517,0.099417,-0.42355,-0.26865,0.058537,-0.18728,0.10881,-0.17296,0.13399,0.18475,-0.081246,-0.23349,0.26472,0.37227,-0.49343,-0.35691,-0.019337,-0.15956,-0.017278,-0.14932,0.16636,-0.055538,0.29784,0.33498,0.60075,1,0.31863,0.37956,0.27499,0.47238,0.035399,0.35711,0.46484,0.4247,0.11079,0.23743,0.077496,0.098614,0.42376,0.42755,0.13421,0.28975,0.22861,0.33654,-0.52236,-0.27117,0.10765,0.52214,0.20928,0.21616,-0.19045,-0.15762,0.06925,0.1911,0.039133,-0.10932,0.073375,0.15973,0.15145,0.077427,0.32142,0.22919,-0.1193,-0.21477,-0.53905,-0.20538,-0.57009,-0.3012,-0.29388,0.030828
0.10542,0.1208,-0.1362,0.0051319,0.39478,-0.15932,-0.052623,-0.11049,0.22847,0.077597,-0.15735,-0.079824,0.028362,0.056845,-0.048668,-0.061462,0.1238,0.069004,0.047219,-0.095316,0.057705,0.16594,-0.097418,-0.13892,0.046909,-0.34853,0.24484,0.02651,-0.080468,-0.033236,-0.36882,-0.52514,0.13043,-0.035244,-0.19567,-0.28286,0.39409,0.099189,0.28973,0.1314,0.26131,0.11475,0.81332,0.71147,0.13905,0.31863,1,0.93871,0.56797,0.38602,0.39689,0.35986,0.66193,0.6497,0.65321,0.49787,0.080368,0.073502,0.20133,0.09111,-0.064788,-0.15008,-0.25941,-0.1647,-0.35533,-0.45702,0.14842,0.098093,0.11674,0.0905,-0.14074,-0.38696,0.16553,-0.037452,0.22247,0.049409,0.18981,0.18781,-0.13085,-0.14804,-0.01682,-0.24361,0.024959,0.071046,-0.20414,-0.1508,-0.14128,0.12162,0.13007,0.017564
0.088613,0.12108,-0.20765,-0.026904,0.43344,-0.064411,-0.11259,-0.066179,0.31301,0.13548,-0.17555,-0.050596,0.0031558,0.073273,-0.02102,-0.062934,0.15306,0.098947,-0.042703,-0.13592,0.053323,0.087118,-0.12422,-0.1787,0.046634,-0.27142,0.20362,0.042749,-0.087904,-0.055021,-0.31747,-0.49227,0.11606,-0.022066,-0.2261,-0.30554,0.34165,0.072205,0.21492,0.1774,0.18917,0.10767,0.77733,0.75199,0.18501,0.37956,0.93871,1,0.53097,0.40027,0.337,0.33738,0.69278,0.68981,0.6895,0.59896,0.075269,0.095069,0.17279,0.11447,-0.064309,-0.10686,-0.20481,-0.078697,-0.41855,-0.5006,0.084725,0.093226,0.048906,0.078129,-0.15884,-0.39643,0.11685,-0.013388,0.19145,-0.0032353,0.10971,0.13931,-0.10849,-0.115,-0.015485,-0.20409,-0.038527,-0.0053567,-0.27649,-0.19889,-0.13594,0.13154,0.079157,0.026956
0.16422,0.13496,0.06689,0.13484,0.46542,-0.21672,0.27826,-0.10944,0.20956,0.0015408,0.16494,0.17186,0.43578,0.28509,-0.14113,-0.27482,-0.018847,-0.0027732,0.20886,-0.16922,-0.44893,-0.40638,0.15536,-0.017638,-0.11167,-0.49162,-0.21688,-0.37617,-0.32602,-0.28733,0.118,-0.15682,0.1593,-0.10849,0.12636,0.060583,-0.079825,-0.37611,-0.092991,-0.10204,-0.30643,-0.2824,0.71861,0.59126,0.50613,0.27499,0.56797,0.53097,1,0.61714,0.83781,0.78659,0.33558,0.25874,0.29643,0.13326,-0.12312,0.021019,0.2447,0.076593,-0.039253,-0.16203,-0.39426,-0.375,0.074058,-0.12643,0.46644,0.18563,0.16975,0.0214,0.0038632,-0.3005,0.013272,-0.27132,-0.26183,-0.18342,-0.20397,-0.23251,-0.076584,0.048248,-0.29314,-0.20647,-0.42299,-0.36751,-0.096555,-0.049404,-0.24207,-0.001246,0.0098594,-0.024734
0.14972,0.16054,-0.13715,0.077595,0.32724,0.12699,0.0091947,0.26178,0.42357,0.25852,0.096614,0.42833,0.2615,0.35696,-0.041303,-0.27974,0.26842,0.088719,0.16395,-0.056869,-0.17307,-0.19258,-0.027435,-0.17,-0.13816,-0.25057,0.026093,-0.096916,-0.15803,-0.10527,-0.031384,-0.28089,0.0074586,-0.11377,-0.13304,-0.16533,-0.03505,-0.26998,-0.081037,-0.10886,-0.12043,-0.18243,0.3616,0.20116,0.41166,0.47238,0.38602,0.40027,0.61714,1,0.33873,0.55902,0.42382,0.37554,0.22717,0.16685,-0.038506,0.083736,0.33958,0.30014,0.21548,0.14317,-0.054459,-0.0010605,-0.036633,-0.12292,0.043966,0.069068,0.071991,0.050824,-0.053547,-0.22754,0.019268,-0.07235,-0.1635,-0.21076,-0.17511,-0.12022,-0.070304,-0.031985,-0.013097,-0.02076,-0.33985,-0.35176,-0.27845,-0.36519,-0.29792,-0.24746,0.033412,0.079982
0.062303,-0.048654,0.32822,0.071107,0.34749,-0.19286,0.37306,-0.3108,0.037078,-0.069131,0.092309,-0.13733,0.35691,0.17044,-0.080637,-0.095718,-0.25145,-0.21085,0.2406,-0.19237,-0.47465,-0.42158,0.42196,0.21519,-0.020577,-0.34998,-0.31264,-0.35524,-0.44931,-0.3536,0.24543,0.062236,0.15135,-0.12965,0.43649,0.38409,-0.11214,-0.32018,-0.071009,-0.058557,-0.37021,-0.25874,0.6112,0.53417,0.36273,0.035399,0.39689,0.337,0.83781,0.33873,1,0.77898,0.043388,-0.021194,0.11733,-0.036164,-0.20672,-0.17114,0.043425,-0.10567,-0.2291,-0.39296,-0.58322,-0.61727,0.35914,0.11371,0.5739,0.2117,0.12059,-0.071326,0.097967,-0.13,-0.1079,-0.38108,-0.30182,-0.12374,-0.21992,-0.22924,-0.10316,0.040595,-0.43506,-0.31793,-0.36571,-0.31764,0.21519,0.1914,-0.063487,-0.049571,0.071462,-0.092884
