1,0.38863,0.50252,0.29589,-0.24107,-0.24906,0.60809,0.2159,-0.10244,-0.22093,0.39489,0.057636,0.33529,-0.13353,-0.094768,-0.24921,0.31398,-0.064862,0.5546,0.40739,-0.3538,-0.34047,0.23763,0.27969,-0.2341,-0.29256,-0.33662,-0.28316,0.11415,-0.056444,-0.01528,0.0048948,0.17135,0.21469,-0.099873,-0.15233,-0.092264,0.064643,-0.088894,0.012778,-0.079983,0.042696,0.12387,0.23567,0.20794,0.33892,0.038702,-0.028825,0.48987,0.17606,0.34855,0.094258,0.18374,-0.22722,0.044846,-0.084628,0.86834,0.33352,0.62548,0.42853,0.66597,0.39823,0.42186,0.18752,0.30579,0.16141,0.16234,0.28181,-0.27938,0.19888,-0.14378,-0.17945,-0.17618,-0.026594,-0.2174,-0.30561,0.026896,0.02894,0.27545,0.083324,0.2841,-0.068166,-0.060059,-0.17996,0.40155,-0.23856,-0.018384,0.061499,-0.0088264,-0.31191
0.38863,1,0.13311,0.41823,-0.25448,-0.12236,0.08925,0.56886,-0.36679,0.033315,-0.0035475,0.53529,-0.24274,0.39114,-0.32231,0.091777,0.097594,0.42654,0.48766,0.14045,-0.37679,-0.30326,0.11893,0.011965,-0.22253,-0.19697,-0.16672,-0.10812,-0.018888,0.14438,0.096177,0.050128,0.12816,-0.059287,-0.10729,-0.25154,-0.13482,-0.057812,-0.1616,-0.092354,0.015425,-0.075514,0.011539,0.021868,0.088478,0.11784,-0.094763,-0.13858,0.29318,0.19509,0.030103,0.26037,0.17913,-0.062696,-0.10729,-0.083735,0.27389,0.86681,0.23195,0.43395,0.19189,0.44871,-0.1889,0.52807,-0.15115,0.24381,0.24407,-0.21078,-0.0019478,-0.011705,-0.19358,-0.039844,-0.041341,-0.022998,-0.31525,-0.1144,0.10023,0.036915,0.16827,0.19084,-0.0070371,0.50884,-0.28447,-0.011603,-0.24195,0.12247,-0.22536,-0.14978,-0.33182,0.0021107
0.50252,0.13311,1,0.63169,-0.15689,-0.27113,0.75145,0.32715,-0.11465,-0.28063,0.31669,-0.18126,0.3115,-0.10832,-0.078611,-0.44837,-0.16768,-0.31919,0.55605,0.26116,-0.23173,-0.31,0.69679,0.64647,0.13185,-0.040862,-0.23322,-0.28624,-0.1518,-0.16813,0.12453,0.09623,0.051829,0.098483,0.29626,0.16704,-0.22679,-0.18113,-0.070052,-0.090492,-0.19077,-0.16823,0.32927,0.31772,0.42546,0.4684,0.16518,0.038881,0.41684,0.36792,0.4814,0.26642,0.0096956,0.028524,-0.0033161,-0.17551,0.22634,0.018605,0.66785,0.4612,0.51671,0.11275,0.035166,-0.2908,0.61646,0.40281,0.41971,0.42113,-0.37609,-0.029233,0.099972,0.043872,-0.31773,-0.26761,-0.31843,-0.36943,0.010915,0.002488,-0.055931,-0.02391,-0.10304,-0.31754,-0.020275,-0.060482,0.36562,-0.070656,0.05127,0.089897,0.19562,-0.079147
0.29589,0.41823,0.63169,1,-0.07249,-0.040355,0.45188,0.78433,-0.0088494,0.21155,0.12111,0.26742,0.032333,0.41188,-0.18299,-0.031576,-0.21779,-0.10455,0.51557,0.14788,-0.31014,-0.36812,0.58408,0.65576,0.032307,0.017838,-0.10818,-0.12,-0.23628,-0.17886,0.20524,0.32947,-0.037477,0.033517,0.2023,0.082754,-0.25219,-0.11394,-0.16805,-0.11751,-0.15226,-0.24445,0.078091,0.15566,0.2611,0.38586,-0.11819,-0.14524,0.23172,0.37112,0.14436,0.41826,-0.13542,-0.041315,-0.041796,-0.13137,0.055908,0.25005,0.51614,0.65634,0.35729,0.4775,-0.094176,0.14893,0.47001,0.71072,0.4458,0.38975,-0.26036,-0.07216,0.024493,0.073623,-0.22466,-0.24593,-0.35954,-0.24388,-0.082757,-0.076805,-0.1204,-0.076729,-0.21625,-0.033461,-0.24476,-0.1703,0.069481,0.16606,-0.012375,-0.0033196,0.052481,0.14752
-0.24107,-0.25448,-0.15689,-0.07249,1,0.84866,-0.37284,-0.2858,0.79632,0.58884,-0.2385,-0.22314,-0.013515,-4.6491e-006,0.61783,0.40073,-0.25065,-0.23724,-0.45095,-0.32914,0.56824,0.42359,-0.11296,-0.0078075,0.63429,0.78779,0.80823,0.79397,-0.062052,-0.14369,0.048313,0.11497,-0.31431,-0.22467,0.11797,0.026191,0.27467,0.052055,0.21897,0.085649,0.29292,0.035805,0.1483,0.018176,-0.12967,0.018955,0.13314,0.041411,-0.24052,-0.14308,0.020097,0.026384,0.018139,-0.034245,0.21712,0.071085,-0.16313,-0.26493,-0.12997,-0.079637,-0.13346,-0.030489,-0.13805,-0.23685,-0.018732,0.041212,-0.099629,0.074253,-0.058653,-0.081065,0.40913,0.11515,0.26637,0.037496,0.35027,0.3135,-0.18967,-0.22897,-0.069682,-0.11405,-0.076139,-0.070807,0.27017,0.0044577,-0.11581,0.079829,0.40829,0.031593,0.26499,0.12039
-0.24906,-0.12236,-0.27113,-0.040355,0.84866,1,-0.38602,-0.16871,0.66286,0.74633,-0.2624,-0.063562,-0.10187,0.13064,0.38919,0.65414,-0.21485,-0.068049,-0.43422,-0.45019,0.41627,0.48019,-0.16149,-0.15703,0.56195,0.73103,0.75827,0.88636,-0.080066,-0.030592,0.017844,0.096181,-0.25257,-0.22074,0.079514,-0.0029623,0.27123,0.25379,0.21073,0.26549,0.28446,0.21398,0.10763,-0.063028,-0.12381,-0.14297,0.013085,0.005234,-0.17354,-0.17881,-0.07346,-0.076733,0.1136,-0.045752,0.13593,0.19694,-0.1869,-0.10935,-0.18428,-0.050216,-0.17178,0.057386,-0.26619,-0.060454,-0.0712,0.079626,0.0055919,-0.057788,-0.0040042,-0.2306,0.22217,0.12651,0.2509,0.21111,0.35317,0.51401,-0.11294,-0.13132,-0.10286,-0.16072,-0.13258,0.050164,0.20224,0.1156,-0.25545,0.10782,0.1922,-0.0035785,0.014717,0.2562
0.60809,0.08925,0.75145,0.45188,-0.37284,-0.38602,1,0.41447,-0.10172,-0.28591,0.49577,0.0023708,0.56332,-0.19192,-0.17096,-0.35674,0.060564,-0.21279,0.5946,0.35151,-0.40154,-0.33699,0.53232,0.58027,-0.20449,-0.34027,-0.42288,-0.37702,0.060189,-0.035746,0.10998,0.056337,0.17897,0.25733,0.0037495,-0.065571,-0.12034,0.065861,-0.080825,0.069635,-0.25918,0.02359,0.12923,0.18413,0.37182,0.33297,0.12708,0.04377,0.52373,0.32675,0.36757,0.17618,0.10684,-0.0039692,0.04808,-0.053497,0.32954,0.026631,0.64586,0.4941,0.63672,0.36885,0.34178,0.085716,0.5907,0.28019,0.38889,0.41902,-0.4022,-0.086245,-0.10193,-0.095494,-0.22394,-0.015022,-0.2209,-0.29687,0.048163,0.091833,-0.0013415,-0.088802,0.090249,-0.30232,-0.040757,-0.097386,0.42919,-0.13863,-0.13665,0.11311,0.10538,-0.085156
0.2159,0.56886,0.32715,0.78433,-0.2858,-0.16871,0.41447,1,-0.18537,0.26239,0.14836,0.62632,-0.016408,0.55306,-0.34413,0.12497,-0.09292,0.19752,0.48393,0.10693,-0.43544,-0.4027,0.34271,0.36007,-0.31131,-0.24535,-0.27816,-0.2179,-0.080553,0.058668,0.17368,0.28535,0.1054,0.12583,-0.11001,-0.12925,-0.16644,0.023322,-0.21054,-0.10982,-0.14359,-0.16833,-0.16285,-0.026056,0.074622,0.20358,-0.18239,-0.12347,0.19088,0.35152,-0.047967,0.30154,-0.016317,-0.0028346,-0.083425,-0.10306,-0.013848,0.42987,0.34019,0.60141,0.30457,0.63171,0.031572,0.57531,0.18518,0.46762,0.25505,0.1385,-0.29914,-0.20794,-0.15949,-0.023664,-0.070185,-0.0091209,-0.30174,-0.070405,0.028261,0.048188,-0.10597,-0.047153,-0.093624,0.21093,-0.3311,-0.11741,-0.12809,0.13238,-0.28443,-0.12078,-0.14242,0.17163
-0.10244,-0.36679,-0.11465,-0.0088494,0.79632,0.66286,-0.10172,-0.18537,1,0.61858,-0.1103,-0.19742,0.21531,-0.064064,0.7385,0.36703,-0.14227,-0.37061,-0.31967,-0.1601,0.3925,0.37027,-0.072861,0.17264,0.33079,0.50528,0.56774,0.52892,0.059018,-0.18826,-0.0051029,0.072829,-0.36263,-0.15116,-0.12791,-0.20306,0.25484,0.13731,0.15683,0.10221,0.11033,0.0096917,-0.11506,-0.14898,-0.25167,-0.078075,-0.010808,-0.096766,-0.20026,-0.19931,-0.09027,-0.044066,-0.083945,-0.077447,0.20612,0.081651,-0.043558,-0.39388,-0.057083,0.027335,-0.010671,0.19645,0.10273,-0.068109,0.16412,0.14241,-0.17012,0.15208,-0.10881,-0.012274,0.31696,0.070003,0.22346,0.07413,0.33491,0.19999,-0.30547,-0.27755,-0.031479,-0.23739,0.0047107,-0.23538,0.24604,-0.12031,0.057571,-0.059821,0.34502,0.05728,0.3186,0.048728
-0.22093,0.033315,-0.28063,0.21155,0.58884,0.74633,-0.28591,0.26239,0.61858,1,-0.18594,0.28792,-0.12939,0.44001,0.34807,0.75434,-0.17971,0.057112,-0.2201,-0.3388,0.21428,0.27117,-0.15357,-0.065129,0.16801,0.40449,0.48396,0.55539,-0.042366,-0.0024912,-0.0141,0.1645,-0.24157,-0.20735,-0.18451,-0.22725,0.20885,0.2384,0.11483,0.13285,0.17266,0.042967,-0.25262,-0.24081,-0.30937,-0.19651,-0.203,-0.1369,-0.23847,-0.088363,-0.26618,-0.027872,-0.079281,-0.012733,0.080834,0.12003,-0.19162,0.0094278,-0.15451,0.11583,-0.086269,0.33031,-0.13481,0.27891,-0.048214,0.18486,-0.12811,-0.12007,-0.097822,-0.20618,0.1314,0.16673,0.25416,0.19052,0.23637,0.44716,-0.15371,-0.14497,-0.15601,-0.22277,-0.1351,0.13116,0.0036211,0.00229,-0.3011,0.14829,0.087431,-0.033175,-0.026801,0.33368
0.39489,-0.0035475,0.31669,0.12111,-0.2385,-0.2624,0.49577,0.14836,-0.1103,-0.18594,1,0.17917,0.78349,0.1645,0.050242,-0.29167,0.3312,-0.059826,0.24464,0.088649,-0.37585,-0.26956,0.22491,0.14784,-0.26158,-0.26909,-0.36789,-0.26265,0.24809,-0.040535,0.31629,0.26879,0.22058,0.2398,0.0631,-0.049575,-0.13452,0.006441,-0.12363,0.041235,-0.14683,-0.0033667,-0.062103,0.056097,0.14855,0.17982,-0.098433,-0.14636,0.15241,0.28036,0.23331,0.14963,0.116,-0.15812,0.033724,-0.11192,0.18199,-0.084508,0.29163,0.14861,0.56353,0.15495,0.45346,0.097006,0.38974,0.097156,0.099129,0.17726,-0.24388,0.0098517,-0.039918,-0.016047,-0.22085,-0.15824,-0.24443,-0.3256,-0.080754,-0.16242,0.065855,0.021957,0.083549,-0.11181,-0.11175,-0.2056,0.19008,-0.21121,-0.10826,0.099607,0.1072,-0.10375
0.057636,0.53529,-0.18126,0.26742,-0.22314,-0.063562,0.0023708,0.62632,-0.19742,0.28792,0.17917,1,0.006659,0.71882,-0.24751,0.40242,0.29378,0.67617,0.18997,0.044962,-0.3786,-0.24694,-0.036835,-0.060518,-0.3903,-0.25412,-0.20552,-0.1192,0.27886,0.41993,0.33347,0.39774,0.22235,0.18131,-0.28384,-0.28104,-0.10663,0.038352,-0.17833,-0.02841,-0.036703,0.019102,-0.34843,-0.17328,-0.16385,-0.16013,-0.38301,-0.26424,-0.06392,0.040196,-0.32865,-0.037476,0.00021465,-0.14696,-0.11893,-0.054899,0.045142,0.4305,-0.11136,0.12405,0.01735,0.3256,0.13168,0.72727,-0.26915,0.018438,-0.094626,-0.27166,-0.13046,-0.15954,-0.18342,-0.069151,0.059361,0.18675,-0.091793,0.13765,-0.021284,-0.071985,0.22139,0.2287,0.26395,0.6111,-0.2248,0.049825,-0.35069,0.018776,-0.34219,-0.19453,-0.28534,0.099276
0.33529,-0.24274,0.3115,0.032333,-0.013515,-0.10187,0.56332,-0.016408,0.21531,-0.12939,0.78349,0.006659,1,-0.021363,0.25728,-0.25757,0.36621,-0.14299,0.14419,0.15518,-0.25584,-0.1411,0.17228,0.30637,-0.1575,-0.12959,-0.24665,-0.14285,0.34136,-0.037115,0.27952,0.25653,0.11379,0.25191,-0.040956,-0.099397,-0.10836,0.026913,-0.11939,0.058521,-0.1962,0.069808,0.035579,0.11275,0.10286,0.10553,-0.051969,-0.10253,0.1538,0.16443,0.13984,0.078506,0.098655,-0.11973,0.03961,-0.068158,0.19895,-0.21688,0.25133,0.14119,0.51213,0.20069,0.48142,0.031543,0.40837,0.074152,0.098751,0.31633,-0.28632,0.046782,0.12082,0.0059056,-0.12243,-0.021255,-0.056349,-0.25102,-0.1245,-0.13528,0.18791,0.095692,0.22363,-0.14571,0.026376,-0.21459,0.26977,-0.17452,-0.030648,0.14958,0.25515,-0.073166
-0.13353,0.39114,-0.10832,0.41188,-4.6491e-006,0.13064,-0.19192,0.55306,-0.064064,0.44001,0.1645,0.71882,-0.021363,1,-0.12637,0.39977,-0.009648,0.36886,0.066204,-0.19019,-0.24529,-0.20565,0.11062,-0.0663,-0.17231,-0.032346,-0.021442,0.034848,-0.040925,0.067807,0.3732,0.4226,0.060314,-0.044091,0.045557,-0.011829,-0.19123,-0.10624,-0.20673,-0.11146,-0.0014078,-0.16483,-0.20901,-0.036079,-0.1546,-0.0057884,-0.42188,-0.29407,-0.20009,0.21199,-0.24564,0.18925,-0.11501,-0.094235,-0.12847,-0.084534,-0.19869,0.27387,-0.10141,0.15153,0.038394,0.2532,-0.14944,0.39246,-0.070544,0.27887,0.031071,-0.13916,-0.024841,-0.1012,-0.043727,0.042032,-0.061289,-0.14088,-0.21018,0.03187,-0.14051,-0.25059,-0.04691,0.12726,-0.1479,0.45549,-0.30864,-0.091082,-0.42242,0.16682,-0.18691,-0.18913,-0.14519,0.25169
-0.094768,-0.32231,-0.078611,-0.18299,0.61783,0.38919,-0.17096,-0.34413,0.7385,0.34807,0.050242,-0.24751,0.25728,-0.12637,1,0.22997,-0.029997,-0.28364,-0.18589,0.0034314,0.50841,0.43503,-0.083331,0.10397,0.2804,0.42067,0.41975,0.27707,0.33903,0.030596,0.028413,-0.0094345,-0.31466,-0.17087,-0.16871,-0.24144,0.30039,-0.004686,0.23033,0.036079,0.20082,0.081488,-0.051424,-0.1107,-0.20374,-0.0068246,0.11771,-0.013545,-0.17479,-0.12553,-0.026893,-0.03201,-0.058551,0.015847,0.23925,0.052437,-0.032948,-0.30362,-0.074711,-0.077461,-0.032873,-0.0054867,0.13833,-0.15447,0.024052,-0.046437,-0.30945,0.0052974,-0.087632,0.1345,0.41545,0.14588,0.25307,0.017559,0.34022,0.08221,-0.18255,-0.20174,0.17475,0.03267,0.18534,-0.10257,0.46628,0.061777,0.1397,-0.018039,0.38846,0.078108,0.41044,-0.033341
-0.24921,0.091777,-0.44837,-0.031576,0.40073,0.65414,-0.35674,0.12497,0.36703,0.75434,-0.29167,0.40242,-0.25757,0.39977,0.22997,1,-0.015116,0.34362,-0.21901,-0.31316,0.305,0.42315,-0.1888,-0.28061,0.13871,0.29331,0.48331,0.55006,0.18372,0.38483,0.026408,0.050271,-0.12371,-0.21783,-0.22468,-0.20106,0.3389,0.3218,0.24343,0.29506,0.28477,0.31067,-0.15201,-0.18831,-0.23589,-0.31393,-0.12783,0.020836,-0.17371,-0.2158,-0.36088,-0.23982,0.028061,0.022279,0.1156,0.30401,-0.13817,0.11496,-0.29442,-0.042209,-0.26939,0.16056,-0.17118,0.34541,-0.27257,-0.040998,-0.11545,-0.29972,-0.040644,-0.32667,0.0084529,0.032572,0.34915,0.40072,0.4277,0.68209,0.073801,0.042708,0.041292,-0.029215,0.10724,0.37218,0.2384,0.35673,-0.36056,0.2227,-0.07678,-0.18335,-0.13522,0.3642
0.31398,0.097594,-0.16768,-0.21779,-0.25065,-0.21485,0.060564,-0.09292,-0.14227,-0.17971,0.3312,0.29378,0.36621,-0.009648,-0.029997,-0.015116,1,0.56221,0.076339,0.29248,-0.27621,-0.084221,-0.20448,-0.073652,-0.37447,-0.30634,-0.30002,-0.20842,0.52758,0.26405,0.11992,0.17925,0.13956,0.14061,-0.37761,-0.22735,-0.10219,0.065889,-0.12046,0.075387,-0.0038495,0.23183,-0.12514,0.029144,-0.1689,-0.21971,-0.28042,-0.16693,0.064461,-0.21454,-0.29308,-0.25958,-0.024417,-0.21256,-0.048644,0.064519,0.5068,0.18264,-0.087629,-0.1167,-0.023335,0.0076211,0.2706,0.23556,-0.24609,-0.27743,-0.2003,-0.092384,-0.033616,0.21831,-0.091093,-0.065893,0.030552,0.26578,0.071618,-0.041325,0.027686,0.0033645,0.5861,0.41577,0.59711,0.39823,0.0074163,-0.078986,0.093518,-0.12865,-0.18119,-0.014998,-0.036162,-0.090838
-0.064862,0.42654,-0.31919,-0.10455,-0.23724,-0.068049,-0.21279,0.19752,-0.37061,0.057112,-0.059826,0.67617,-0.14299,0.36886,-0.28364,0.34362,0.56221,1,0.12249,0.056488,-0.15124,0.021393,-0.25026,-0.28611,-0.24383,-0.16473,-0.11278,-0.06596,0.38816,0.6085,0.17652,0.14935,0.098896,-0.095059,-0.29963,-0.1621,-0.13508,-0.039522,-0.095456,0.022841,0.029313,0.1952,-0.14678,-0.11708,-0.12205,-0.30299,-0.28171,-0.10126,-0.045282,-0.087072,-0.40302,-0.16887,0.073867,0.047713,-0.18477,0.065249,0.10125,0.5333,-0.25073,-0.077246,-0.33028,-0.052614,-0.14734,0.42076,-0.53146,-0.33026,-0.078131,-0.3998,-0.002194,-0.10949,-0.077585,0.091707,0.13409,0.35082,0.070314,0.26155,0.20476,0.17946,0.39223,0.49962,0.41642,0.77441,-0.051569,0.27278,-0.40394,0.16341,-0.37959,-0.25675,-0.32748,0.22958
0.5546,0.48766,0.55605,0.51557,-0.45095,-0.43422,0.5946,0.48393,-0.31967,-0.2201,0.24464,0.18997,0.14419,0.066204,-0.18589,-0.21901,0.076339,0.12249,1,0.52795,-0.31987,-0.27007,0.46319,0.42002,-0.18617,-0.29318,-0.35843,-0.4264,0.10845,0.12555,0.15948,0.0069569,0.10928,0.026305,-0.0026011,-0.10266,-0.2743,-0.18297,-0.17299,-0.13484,-0.25166,-0.12132,0.13664,0.14193,0.31288,0.28006,-0.0058017,-0.027875,0.40487,0.30591,0.14352,0.281,0.039053,0.10312,-0.12897,-0.097427,0.36585,0.47359,0.56445,0.5388,0.40905,0.31702,0.042181,0.20738,0.27554,0.27839,0.48092,0.21461,-0.22462,0.17014,-0.030399,0.10255,-0.17309,-0.12075,-0.29825,-0.30564,0.16182,0.15599,0.1751,0.19717,0.11869,0.14773,-0.082184,0.042333,0.17327,0.08558,-0.22184,-0.082314,-0.080738,0.055024
0.40739,0.14045,0.26116,0.14788,-0.32914,-0.45019,0.35151,0.10693,-0.1601,-0.3388,0.088649,0.044962,0.15518,-0.19019,0.0034314,-0.31316,0.29248,0.056488,0.52795,1,-0.1722,-0.13003,0.099511,0.38951,-0.23657,-0.25093,-0.39308,-0.42426,0.26842,0.18427,0.030598,-0.0051116,-0.0059758,0.20273,-0.15218,-0.04906,-0.24313,-0.18866,-0.29589,-0.2379,-0.25796,-0.057374,-0.030385,0.070819,0.13259,0.24439,-0.05454,-0.14393,0.23331,0.0027212,0.027321,0.039833,-0.14218,-0.17635,-0.11216,-0.22472,0.45874,0.15463,0.30246,0.1855,0.20046,0.1314,0.37861,0.10812,0.10772,-0.02685,0.019836,0.30492,0.2189,0.57151,0.076603,0.00069482,-0.12378,-0.044325,-0.12559,-0.3473,0.018442,0.11714,0.38701,0.30101,0.4342,0.074117,-0.022269,-0.12564,0.31357,-0.096581,-0.056587,0.0047459,0.015153,-0.35385
-0.3538,-0.37679,-0.23173,-0.31014,0.56824,0.41627,-0.40154,-0.43544,0.3925,0.21428,-0.37585,-0.3786,-0.25584,-0.24529,0.50841,0.305,-0.27621,-0.15124,-0.31987,-0.1722,1,0.69882,-0.19497,-0.17314,0.5003,0.52815,0.69584,0.43932,0.044334,0.11737,-0.17652,-0.26185,-0.25403,-0.29663,0.056868,0.15488,0.37611,-0.066492,0.4261,0.054198,0.37861,0.21194,0.083048,-0.10451,-0.038928,0.002585,0.28551,0.29918,-0.24321,-0.053934,-0.079645,-0.087508,-0.10839,0.33088,0.20502,0.196,-0.21303,-0.25741,-0.20965,-0.22577,-0.30287,-0.30168,-0.14673,-0.33964,-0.18509,-0.25473,-0.17276,-0.018196,0.038078,-0.078143,0.3816,0.10787,0.33937,0.066614,0.47861,0.34374,0.10484,0.046249,-0.070912,-0.039603,0.087077,-0.10069,0.57245,0.40069,-0.0025558,0.2296,0.28094,-0.061944,0.30405,0.22193
-0.34047,-0.30326,-0.31,-0.36812,0.42359,0.48019,-0.33699,-0.4027,0.37027,0.27117,-0.26956,-0.24694,-0.1411,-0.20565,0.43503,0.42315,-0.084221,0.021393,-0.27007,-0.13003,0.69882,1,-0.21417,-0.20789,0.3969,0.48453,0.4915,0.4691,0.20025,0.30809,-0.041737,-0.15622,-0.35889,-0.37689,-0.14456,-0.085144,0.22085,0.10163,0.14814,0.14258,0.1055,0.33619,-0.12193,-0.34468,-0.19581,-0.23109,0.039324,0.095505,-0.20971,-0.20879,-0.25548,-0.26704,-0.00034639,0.24107,0.054538,0.25564,-0.23073,-0.17562,-0.24411,-0.18972,-0.3346,-0.20928,-0.1618,-0.16878,-0.2401,-0.28018,-0.13825,-0.14399,0.086195,-0.096443,0.33236,0.28958,0.24866,0.28028,0.44728,0.37875,0.013561,0.079635,0.017651,0.090152,0.18272,0.039999,0.36477,0.33106,-0.073063,0.052331,-0.02048,-0.10608,0.13719,0.26751
0.23763,0.11893,0.69679,0.58408,-0.11296,-0.16149,0.53232,0.34271,-0.072861,-0.15357,0.22491,-0.036835,0.17228,0.11062,-0.083331,-0.1888,-0.20448,-0.25026,0.46319,0.099511,-0.19497,-0.21417,1,0.67917,0.23628,0.065999,-0.059,-0.094831,-0.11159,-0.11008,0.47607,0.34431,0.22277,0.13987,0.29698,0.033523,-0.20921,-0.19195,-0.10987,-0.095941,-0.20194,-0.17005,0.24079,0.21143,0.24193,0.21895,-0.0049203,-0.077402,0.11642,0.082341,0.18738,0.099479,-0.15868,-0.069163,-0.070616,-0.15903,-0.004308,-0.07712,0.29031,0.17825,0.222,-0.011959,-0.1192,-0.25043,0.44909,0.38684,0.3558,0.17334,-0.27317,-0.061346,0.11035,0.090883,-0.16594,-0.1659,-0.20257,-0.2078,-0.059644,-0.071664,-0.06347,-0.00046855,-0.18379,-0.1771,-0.034882,-0.044191,0.18458,-0.041749,-0.025992,-0.02163,0.092917,0.0065134
0.27969,0.011965,0.64647,0.65576,-0.0078075,-0.15703,0.58027,0.36007,0.17264,-0.065129,0.14784,-0.060518,0.30637,-0.0663,0.10397,-0.28061,-0.073652,-0.28611,0.42002,0.38951,-0.17314,-0.20789,0.67917,1,0.1603,0.12037,-0.11846,-0.16156,-0.037369,-0.15576,0.29512,0.38002,-0.078334,0.17685,0.036281,-0.078994,-0.22866,-0.16445,-0.16749,-0.14916,-0.26759,-0.13813,0.061961,0.08103,0.22186,0.34979,-0.03551,-0.18499,0.23457,0.13593,0.18787,0.25477,-0.17131,-0.1004,0.010839,-0.20713,0.098553,-0.11816,0.42727,0.387,0.23006,0.23609,0.10437,-0.11003,0.44927,0.45637,0.24833,0.46085,-0.2773,0.08815,0.20766,0.16506,-0.16075,-0.11313,-0.22561,-0.36872,-0.21459,-0.099605,0.024888,-0.030582,-0.031041,-0.251,-0.052818,-0.20824,0.29868,0.0126,0.14011,0.15137,0.25955,-0.086899
-0.2341,-0.22253,0.13185,0.032307,0.63429,0.56195,-0.20449,-0.31131,0.33079,0.16801,-0.26158,-0.3903,-0.1575,-0.17231,0.2804,0.13871,-0.37447,-0.24383,-0.18617,-0.23657,0.5003,0.3969,0.23628,0.1603,1,0.89773,0.61455,0.57391,-0.075126,0.027689,0.23014,0.13118,-0.18818,-0.17345,0.50605,0.36791,0.093646,-0.10679,0.11297,-0.0036391,0.11279,-0.0005755,0.46117,0.24873,0.27476,0.151,0.26068,0.19018,-0.12207,-0.08254,0.21684,0.033264,0.018469,0.063323,0.0304,-0.052368,-0.22469,-0.22586,-0.043199,-0.088636,-0.19716,-0.31202,-0.38231,-0.54024,0.13489,0.17932,0.26011,0.20698,-0.017478,-0.082932,0.46284,0.30825,0.18247,0.027328,0.28051,0.25139,0.081601,0.043252,-0.0016273,0.030776,-0.12066,-0.11565,0.27612,0.21076,0.041343,0.221,0.28793,0.010562,0.13751,0.064762
-0.29256,-0.19697,-0.040862,0.017838,0.78779,0.73103,-0.34027,-0.24535,0.50528,0.40449,-0.26909,-0.25412,-0.12959,-0.032346,0.42067,0.29331,-0.30634,-0.16473,-0.29318,-0.25093,0.52815,0.48453,0.065999,0.12037,0.89773,1,0.68711,0.70787,-0.012555,0.039466,0.25964,0.23538,-0.29071,-0.20069,0.31962,0.19964,0.082468,-0.096137,0.052619,-0.035286,0.11322,0.0054078,0.28746,0.090086,0.11797,0.080359,0.12636,0.059472,-0.19735,-0.11974,0.068869,0.044449,0.0062588,0.01151,0.033028,-0.050073,-0.25234,-0.19626,-0.13667,-0.078329,-0.23325,-0.1675,-0.31365,-0.36088,0.031642,0.16605,0.096326,0.13698,-0.0080463,-0.057498,0.51742,0.34747,0.22455,0.08101,0.29761,0.27914,-0.070747,-0.080274,0.0015257,0.072173,-0.084764,0.0022083,0.23613,0.14613,-0.10614,0.18909,0.28649,-0.004238,0.15163,0.10839
-0.33662,-0.16672,-0.23322,-0.10818,0.80823,0.75827,-0.42288,-0.27816,0.56774,0.48396,-0.36789,-0.20552,-0.24665,-0.021442,0.41975,0.48331,-0.30002,-0.11278,-0.35843,-0.39308,0.69584,0.4915,-0.059,-0.11846,0.61455,0.68711,1,0.85039,-0.14768,-0.061151,0.055379,0.025591,-0.23176,-0.28812,0.14746,0.071427,0.29855,-0.025878,0.37102,0.13085,0.36932,0.10079,0.18028,-0.041759,-0.07692,-0.096154,0.14284,0.10418,-0.21768,-0.18314,-0.027364,-0.0043664,0.09486,0.10433,0.18929,0.14366,-0.24948,-0.18136,-0.22447,-0.14805,-0.30395,-0.15545,-0.29837,-0.23684,-0.1047,-0.026821,-0.015154,-0.07655,-0.030385,-0.19489,0.27405,0.070343,0.33617,0.089852,0.37846,0.4206,-0.074364,-0.14341,-0.13128,-0.16223,-0.13786,-0.018354,0.37718,0.2672,-0.21766,0.16361,0.24745,-0.12431,0.11635,0.26663
-0.28316,-0.10812,-0.28624,-0.12,0.79397,0.88636,-0.37702,-0.2179,0.52892,0.55539,-0.26265,-0.1192,-0.14285,0.034848,0.27707,0.55006,-0.20842,-0.06596,-0.4264,-0.42426,0.43932,0.4691,-0.094831,-0.16156,0.57391,0.70787,0.85039,1,-0.16073,-0.093259,0.10312,0.14043,-0.15844,-0.18974,0.13991,0.029468,0.2779,0.22413,0.20359,0.25671,0.30984,0.22268,0.1819,-0.012318,-0.10686,-0.12459,0.11397,0.080882,-0.16937,-0.22526,-0.013429,-0.041972,0.19176,-0.030737,0.22493,0.22656,-0.22492,-0.14383,-0.22564,-0.12862,-0.22302,-0.040729,-0.24658,-0.11772,-0.080957,0.031172,0.025038,-0.083638,0.011901,-0.21735,0.15349,0.0283,0.26294,0.18637,0.33767,0.4592,-0.1414,-0.14855,-0.15114,-0.17289,-0.17475,0.031409,0.17351,0.090405,-0.22697,0.11139,0.18883,0.034605,0.076898,0.28078
0.11415,-0.018888,-0.1518,-0.23628,-0.062052,-0.080066,0.060189,-0.080553,0.059018,-0.042366,0.24809,0.27886,0.34136,-0.040925,0.33903,0.18372,0.52758,0.38816,0.10845,0.26842,0.044334,0.20025,-0.11159,-0.037369,-0.075126,-0.012555,-0.14768,-0.16073,1,0.72086,0.26293,0.098974,0.050909,0.11657,-0.31986,-0.28067,0.10795,-0.0094346,0.030513,0.067114,-0.044867,0.22671,-0.023267,-0.024837,0.01683,-0.23321,-0.059205,-0.0067284,0.00012403,-0.18736,-0.26621,-0.3155,0.046066,-0.132,-0.087006,-0.011261,0.21877,0.048358,-0.10745,-0.079849,-0.012185,0.0037466,0.29696,0.25074,-0.23224,-0.28765,-0.18236,-0.10728,-0.10855,0.035097,0.30197,0.24334,0.35211,0.39787,0.39175,0.19585,0.28798,0.25333,0.66507,0.58605,0.71616,0.41034,0.38539,0.30496,0.026729,-0.061194,-0.11738,-0.18997,-0.019353,-0.15648
-0.056444,0.14438,-0.16813,-0.17886,-0.14369,-0.030592,-0.035746,0.058668,-0.18826,-0.0024912,-0.040535,0.41993,-0.037115,0.067807,0.030596,0.38483,0.26405,0.6085,0.12555,0.18427,0.11737,0.30809,-0.11008,-0.15576,0.027689,0.039466,-0.061151,-0.093259,0.72086,1,0.21833,0.04952,0.0077215,-0.02908,-0.23871,-0.15014,0.050982,-0.073598,0.059587,0.038615,-0.067195,0.25021,0.016605,-0.088735,0.12288,-0.20676,-0.038867,0.086498,0.083964,-0.093535,-0.21909,-0.30294,0.1446,0.041665,-0.22304,-0.04374,0.027717,0.22745,-0.16355,-0.083636,-0.2106,-0.096469,0.03282,0.2815,-0.36228,-0.36663,-0.076208,-0.2406,-0.11334,-0.18562,0.18577,0.23099,0.21162,0.44064,0.28496,0.37618,0.38937,0.41099,0.51741,0.60944,0.64871,0.56307,0.39188,0.63768,-0.21715,0.048901,-0.32707,-0.39577,-0.28773,-0.038626
-0.01528,0.096177,0.12453,0.20524,0.048313,0.017844,0.10998,0.17368,-0.0051029,-0.0141,0.31629,0.33347,0.27952,0.3732,0.028413,0.026408,0.11992,0.17652,0.15948,0.030598,-0.17652,-0.041737,0.47607,0.29512,0.23014,0.25964,0.055379,0.10312,0.26293,0.21833,1,0.82326,0.092297,0.050734,0.17426,-0.045214,-0.39341,-0.36969,-0.32413,-0.24203,-0.29746,-0.21912,-0.0040373,0.019447,0.07049,-0.031263,-0.35827,-0.38984,-0.074933,-0.055214,-0.056438,0.022909,0.00016666,-0.16683,-0.227,-0.27308,-0.10545,-0.035235,-0.061355,-0.020443,-0.025555,-0.08714,0.024535,0.038036,0.06371,0.14673,0.12567,-0.014869,-0.15112,0.010176,0.3561,0.2681,-0.094862,-0.10109,-0.17319,-0.22068,-0.29467,-0.31586,0.23109,0.41782,0.12495,0.30325,-0.062304,-0.010522,-0.17662,-0.088246,-0.090424,-0.1843,0.0029984,0.017375
0.0048948,0.050128,0.09623,0.32947,0.11497,0.096181,0.056337,0.28535,0.072829,0.1645,0.26879,0.39774,0.25653,0.4226,-0.0094345,0.050271,0.17925,0.14935,0.0069569,-0.0051116,-0.26185,-0.15622,0.34431,0.38002,0.13118,0.23538,0.025591,0.14043,0.098974,0.04952,0.82326,1,0.030706,0.13226,0.073417,-0.057642,-0.35697,-0.22429,-0.3222,-0.19245,-0.22398,-0.18369,-0.14247,-0.031294,-0.09471,-0.031139,-0.41023,-0.41005,-0.14384,-0.085599,-0.10342,-0.0015333,-0.0683,-0.25936,-0.11726,-0.24325,-0.064588,-0.094551,-0.060749,0.0040608,-0.024223,0.016279,0.14173,0.10573,0.051647,0.19732,-0.03393,0.053009,-0.21417,0.04457,0.25199,0.18806,-0.15394,-0.085881,-0.22043,-0.22074,-0.44755,-0.3915,0.13419,0.26124,0.12603,0.20944,-0.1894,-0.18313,-0.11227,-0.14919,-0.001247,-0.010322,0.088753,0.027202
0.17135,0.12816,0.051829,-0.037477,-0.31431,-0.25257,0.17897,0.1054,-0.36263,-0.24157,0.22058,0.22235,0.11379,0.060314,-0.31466,-0.12371,0.13956,0.098896,0.10928,-0.0059758,-0.25403,-0.35889,0.22277,-0.078334,-0.18818,-0.29071,-0.23176,-0.15844,0.050909,0.0077215,0.092297,0.030706,1,0.75377,0.11235,0.035415,0.11101,0.1584,0.088614,0.10417,0.13542,0.13272,0.11172,0.24299,0.033055,-0.042377,0.08678,0.15528,-0.12201,-0.048082,-0.043794,-0.20316,-0.10361,-0.16321,0.047394,0.02464,0.1971,0.053117,-0.16516,-0.27239,0.24961,-0.059296,0.21415,0.16469,-0.0064804,-0.054848,-0.038896,-0.12315,-0.048307,-0.080089,-0.30329,-0.3825,0.071232,0.068386,-0.012202,0.045677,0.15636,0.05966,0.15253,0.048098,0.098711,0.093417,-0.0046221,-0.027111,0.12822,-0.11506,-0.050882,0.14323,-0.076971,-0.15049
0.21469,-0.059287,0.098483,0.033517,-0.22467,-0.22074,0.25733,0.12583,-0.15116,-0.20735,0.2398,0.18131,0.25191,-0.044091,-0.17087,-0.21783,0.14061,-0.095059,0.026305,0.20273,-0.29663,-0.37689,0.13987,0.17685,-0.17345,-0.20069,-0.28812,-0.18974,0.11657,-0.02908,0.050734,0.13226,0.75377,1,0.0046306,0.017097,0.07566,0.15424,0.011058,0.04525,0.024935,0.088353,-0.0079131,0.17021,0.038061,0.053509,0.017978,0.036405,-0.055862,-0.099091,0.00078561,-0.17531,-0.11169,-0.36858,0.024431,-0.13157,0.24518,-0.15178,-0.024529,-0.16551,0.28673,0.10144,0.43106,0.21001,0.076448,0.030618,-0.12648,0.1563,-0.13171,0.017725,-0.26209,-0.37998,0.018687,0.10278,-0.008068,-0.054892,-0.0095238,0.013403,0.19318,-0.0011963,0.18169,-0.061483,0.0028433,-0.14257,0.23404,-0.25756,0.010788,0.15557,-0.038688,-0.40844
-0.099873,-0.10729,0.29626,0.2023,0.11797,0.079514,0.0037495,-0.11001,-0.12791,-0.18451,0.0631,-0.28384,-0.040956,0.045557,-0.16871,-0.22468,-0.37761,-0.29963,-0.0026011,-0.15218,0.056868,-0.14456,0.29698,0.036281,0.50605,0.31962,0.14746,0.13991,-0.31986,-0.23871,0.17426,0.073417,0.11235,0.0046306,1,0.77543,-0.084759,-0.18425,0.025712,0.0010401,0.075849,-0.14487,0.55069,0.46679,0.57271,0.33004,0.25712,0.18355,-0.043725,0.19707,0.36295,0.26135,-0.070207,0.018879,0.016866,-0.054746,-0.197,-0.15088,0.099116,-0.0068235,0.11707,-0.25984,-0.24409,-0.45936,0.44694,0.37415,0.53309,0.38852,0.18973,0.030582,-0.012511,-0.034264,-0.24825,-0.46015,-0.14549,-0.11363,0.057779,-0.086367,-0.17366,-0.047858,-0.33602,-0.17673,0.029516,0.045286,0.15042,0.28142,0.20515,0.11024,0.067117,0.011534
-0.15233,-0.25154,0.16704,0.082754,0.026191,-0.0029623,-0.065571,-0.12925,-0.20306,-0.22725,-0.049575,-0.28104,-0.099397,-0.011829,-0.24144,-0.20106,-0.22735,-0.1621,-0.10266,-0.04906,0.15488,-0.085144,0.033523,-0.078994,0.36791,0.19964,0.071427,0.029468,-0.28067,-0.15014,-0.045214,-0.057642,0.035415,0.017097,0.77543,1,-0.1032,-0.15834,0.018395,-0.017172,0.1193,-0.067316,0.42507,0.46752,0.47141,0.37556,0.16827,0.23369,-0.057009,0.27691,0.23684,0.18261,-0.15738,0.10906,-0.049833,-0.0015176,-0.13885,-0.15933,0.1078,0.024977,-0.01562,-0.30159,-0.16428,-0.4414,0.22992,0.18121,0.41938,0.5176,0.15157,0.053091,-0.047291,-0.12918,-0.24166,-0.39348,-0.073096,-0.03905,0.10483,0.028255,-0.16956,-0.0033935,-0.16825,-0.13581,0.061216,0.07971,0.13039,0.35291,0.10686,0.033922,0.060824,0.058777
-0.092264,-0.13482,-0.22679,-0.25219,0.27467,0.27123,-0.12034,-0.16644,0.25484,0.20885,-0.13452,-0.10663,-0.10836,-0.19123,0.30039,0.3389,-0.10219,-0.13508,-0.2743,-0.24313,0.37611,0.22085,-0.20921,-0.22866,0.093646,0.082468,0.29855,0.2779,0.10795,0.050982,-0.39341,-0.35697,0.11101,0.07566,-0.084759,-0.1032,1,0.66791,0.74766,0.68083,0.76911,0.64403,0.10879,-0.012985,-0.089673,-0.066257,0.55929,0.51984,-0.072983,-0.073765,-0.0042476,-0.12475,0.089737,0.10861,0.73728,0.60705,-0.05191,-0.12272,-0.15216,-0.14931,0.02087,0.080103,0.07519,0.081933,-0.09077,-0.11587,-0.2154,-0.18758,-0.053406,-0.23547,-0.1637,-0.25646,0.44691,0.28134,0.52951,0.5134,0.29107,0.1694,-0.026565,-0.30324,0.088525,-0.14742,0.45746,0.277,0.20588,0.092517,0.31763,0.32041,0.31981,0.060718
0.064643,-0.057812,-0.18113,-0.11394,0.052055,0.25379,0.065861,0.023322,0.13731,0.2384,0.006441,0.038352,0.026913,-0.10624,-0.004686,0.3218,0.065889,-0.039522,-0.18297,-0.18866,-0.066492,0.10163,-0.19195,-0.16445,-0.10679,-0.096137,-0.025878,0.22413,-0.0094346,-0.073598,-0.36969,-0.22429,0.1584,0.15424,-0.18425,-0.15834,0.66791,1,0.35394,0.74261,0.45711,0.6882,-0.065136,-0.075659,-0.20215,-0.10206,0.31642,0.38187,0.0076614,-0.06431,-0.075174,-0.16682,0.094069,-0.0060056,0.5959,0.66705,0.051309,-0.059807,-0.027596,-0.013268,0.10733,0.2145,0.17365,0.22007,-0.027313,-0.013023,-0.11565,-0.1093,-0.030112,-0.19138,-0.37506,-0.2963,0.26035,0.38177,0.34702,0.45049,0.076854,0.083736,-0.13345,-0.39364,-0.002868,-0.14442,0.032458,-0.079541,0.2177,-0.010319,0.081378,0.43777,0.21095,0.17516
-0.088894,-0.1616,-0.070052,-0.16805,0.21897,0.21073,-0.080825,-0.21054,0.15683,0.11483,-0.12363,-0.17833,-0.11939,-0.20673,0.23033,0.24343,-0.12046,-0.095456,-0.17299,-0.29589,0.4261,0.14814,-0.10987,-0.16749,0.11297,0.052619,0.37102,0.20359,0.030513,0.059587,-0.32413,-0.3222,0.088614,0.011058,0.025712,0.018395,0.74766,0.35394,1,0.70534,0.74622,0.54236,0.22833,0.012311,0.12549,-0.069194,0.43351,0.38721,0.030105,0.024197,0.081771,-0.079681,0.066873,0.16005,0.61188,0.53492,-0.076233,-0.11255,-0.096569,-0.1339,-0.060486,-0.052564,-0.072316,-0.063541,-0.042859,-0.11086,-0.058274,-0.17529,-0.14568,-0.32631,-0.11737,-0.15718,0.20495,0.088449,0.32137,0.36613,0.25814,0.12001,-0.038977,-0.2153,0.023668,-0.15147,0.66777,0.55171,0.12573,0.11014,0.39484,0.21826,0.23274,0.10423
0.012778,-0.092354,-0.090492,-0.11751,0.085649,0.26549,0.069635,-0.10982,0.10221,0.13285,0.041235,-0.02841,0.058521,-0.11146,0.036079,0.29506,0.075387,0.022841,-0.13484,-0.2379,0.054198,0.14258,-0.095941,-0.14916,-0.0036391,-0.035286,0.13085,0.25671,0.067114,0.038615,-0.24203,-0.19245,0.10417,0.04525,0.0010401,-0.017172,0.68083,0.74261,0.70534,1,0.62544,0.79227,0.16774,-0.009106,0.080893,-0.091281,0.33537,0.35909,0.11348,0.015132,-0.016761,-0.10479,0.081013,0.02412,0.63961,0.75782,-0.01271,-0.052717,-0.016042,-0.029667,0.037944,0.080207,0.002136,0.074317,0.0126,-0.010069,0.075412,-0.12326,-0.03584,-0.26341,-0.3159,-0.18922,0.11617,0.2355,0.30937,0.39347,0.13675,0.056891,-0.06506,-0.23203,0.043192,-0.077103,0.37708,0.29572,0.17656,0.041197,0.1934,0.39723,0.18024,0.19282
-0.079983,0.015425,-0.19077,-0.15226,0.29292,0.28446,-0.25918,-0.14359,0.11033,0.17266,-0.14683,-0.036703,-0.1962,-0.0014078,0.20082,0.28477,-0.0038495,0.029313,-0.25166,-0.25796,0.37861,0.1055,-0.20194,-0.26759,0.11279,0.11322,0.36932,0.30984,-0.044867,-0.067195,-0.29746,-0.22398,0.13542,0.024935,0.075849,0.1193,0.76911,0.45711,0.74622,0.62544,1,0.60754,0.18765,0.086888,0.014459,0.064906,0.41737,0.36286,-0.067148,0.073201,-0.0027746,0.0087602,-0.010062,0.17178,0.68881,0.58601,-0.012987,0.065716,-0.093423,-0.087616,-0.046067,-0.011745,-0.087341,0.020898,-0.19896,-0.07711,-0.10633,-0.1455,0.011162,-0.1639,-0.19369,-0.29718,0.29547,0.06418,0.32571,0.38493,0.13647,-0.04456,-0.0044552,-0.17873,0.029919,0.062808,0.42145,0.28408,0.095192,0.25922,0.36188,0.32365,0.30647,0.18413
0.042696,-0.075514,-0.16823,-0.24445,0.035805,0.21398,0.02359,-0.16833,0.0096917,0.042967,-0.0033667,0.019102,0.069808,-0.16483,0.081488,0.31067,0.23183,0.1952,-0.12132,-0.057374,0.21194,0.33619,-0.17005,-0.13813,-0.0005755,0.0054078,0.10079,0.22268,0.22671,0.25021,-0.21912,-0.18369,0.13272,0.088353,-0.14487,-0.067316,0.64403,0.6882,0.54236,0.79227,0.60754,1,0.10953,-0.063326,0.007621,-0.085828,0.31257,0.37403,0.099628,-0.02909,-0.11189,-0.18964,0.10848,0.09467,0.54513,0.67196,0.090041,0.042003,-0.066989,-0.094514,-0.025621,0.011737,0.075009,0.11522,-0.17409,-0.20953,-0.068,-0.13363,-0.025226,-0.16004,-0.23942,-0.19371,0.22926,0.39714,0.40849,0.43167,0.18217,0.1544,0.11164,-0.047531,0.30124,0.071041,0.40836,0.33794,0.16542,0.07874,0.016208,0.30732,0.21705,0.19386
0.12387,0.011539,0.32927,0.078091,0.1483,0.10763,0.12923,-0.16285,-0.11506,-0.25262,-0.062103,-0.34843,0.035579,-0.20901,-0.051424,-0.15201,-0.12514,-0.14678,0.13664,-0.030385,0.083048,-0.12193,0.24079,0.061961,0.46117,0.28746,0.18028,0.1819,-0.023267,0.016605,-0.0040373,-0.14247,0.11172,-0.0079131,0.55069,0.42507,0.10879,-0.065136,0.22833,0.16774,0.18765,0.10953,1,0.73374,0.62226,0.30907,0.55315,0.46674,0.36324,0.15758,0.43897,0.21838,0.26434,0.12749,0.11135,0.086047,0.057429,0.04676,0.23547,0.11747,0.11689,-0.12394,-0.33557,-0.39055,0.22504,0.18674,0.51076,0.28093,-0.075708,-0.053211,0.036044,-0.017962,0.035524,-0.080378,0.080339,0.090509,0.37827,0.28731,0.21804,0.20691,-0.0039578,0.020013,0.32972,0.26639,0.18911,0.28225,0.17116,0.045573,0.04553,6.7476e-005
0.23567,0.021868,0.31772,0.15566,0.018176,-0.063028,0.18413,-0.026056,-0.14898,-0.24081,0.056097,-0.17328,0.11275,-0.036079,-0.1107,-0.18831,0.029144,-0.11708,0.14193,0.070819,-0.10451,-0.34468,0.21143,0.08103,0.24873,0.090086,-0.041759,-0.012318,-0.024837,-0.088735,0.019447,-0.031294,0.24299,0.17021,0.46679,0.46752,-0.012985,-0.075659,0.012311,-0.009106,0.086888,-0.063326,0.73374,1,0.44657,0.47512,0.4008,0.44605,0.28105,0.27968,0.43968,0.22838,0.094305,-0.010075,0.083801,0.007293,0.214,0.009711,0.28966,0.16154,0.23665,-0.066985,-0.11035,-0.30268,0.1972,0.20535,0.34935,0.44424,-0.090393,0.087972,-0.06408,-0.2064,-0.031208,-0.14895,0.04108,-0.030872,0.24915,0.18565,0.2543,0.21115,0.075396,0.0091144,0.072581,-0.056278,0.3023,0.24205,0.15842,0.069885,0.11592,-0.083731
0.20794,0.088478,0.42546,0.2611,-0.12967,-0.12381,0.37182,0.074622,-0.25167,-0.30937,0.14855,-0.16385,0.10286,-0.1546,-0.20374,-0.23589,-0.1689,-0.12205,0.31288,0.13259,-0.038928,-0.19581,0.24193,0.22186,0.27476,0.11797,-0.07692,-0.10686,0.01683,0.12288,0.07049,-0.09471,0.033055,0.038061,0.57271,0.47141,-0.089673,-0.20215,0.12549,0.080893,0.014459,0.007621,0.62226,0.44657,1,0.5509,0.31827,0.19094,0.54193,0.45526,0.49071,0.42547,0.087652,0.13624,-0.033524,-0.059575,0.049425,0.14831,0.45382,0.36425,0.2565,0.059125,-0.1316,-0.14932,0.40427,0.36703,0.6415,0.4503,-0.064496,-0.12224,0.0067616,0.071357,-0.17998,-0.20995,-0.17136,-0.1359,0.30495,0.19663,0.088325,0.14574,-0.046098,-0.05066,0.20398,0.29773,0.14301,0.37583,0.057317,0.040049,-0.092179,-0.080552
0.33892,0.11784,0.4684,0.38586,0.018955,-0.14297,0.33297,0.20358,-0.078075,-0.19651,0.17982,-0.16013,0.10553,-0.0057884,-0.0068246,-0.31393,-0.21971,-0.30299,0.28006,0.24439,0.002585,-0.23109,0.21895,0.34979,0.151,0.080359,-0.096154,-0.12459,-0.23321,-0.20676,-0.031263,-0.031139,-0.042377,0.053509,0.33004,0.37556,-0.066257,-0.10206,-0.069194,-0.091281,0.064906,-0.085828,0.30907,0.47512,0.5509,1,0.2771,0.15696,0.48546,0.75255,0.62126,0.6537,0.0097286,0.07242,0.15856,-0.092988,0.1873,0.089148,0.62684,0.49946,0.46343,0.20097,0.12299,-0.13921,0.36907,0.37031,0.33242,0.64019,-0.12256,0.13772,-0.0041837,-0.16918,-0.26098,-0.39863,-0.31238,-0.37614,-0.025658,-0.051868,-0.055909,-0.016843,-0.075993,-0.21986,-0.0837,-0.1864,0.28044,0.1961,0.18344,0.14309,0.21231,-0.13418
0.038702,-0.094763,0.16518,-0.11819,0.13314,0.013085,0.12708,-0.18239,-0.010808,-0.203,-0.098433,-0.38301,-0.051969,-0.42188,0.11771,-0.12783,-0.28042,-0.28171,-0.0058017,-0.05454,0.28551,0.039324,-0.0049203,-0.03551,0.26068,0.12636,0.14284,0.11397,-0.059205,-0.038867,-0.35827,-0.41023,0.08678,0.017978,0.25712,0.16827,0.55929,0.31642,0.43351,0.33537,0.41737,0.31257,0.55315,0.4008,0.31827,0.2771,1,0.84071,0.18152,0.16334,0.4213,0.14983,0.27626,0.34806,0.59611,0.40671,-0.024412,-0.066036,0.17634,0.051598,0.17627,-0.049075,-0.0070009,-0.22724,0.14578,0.00093189,0.1146,0.12658,-0.053026,-0.1352,-0.09082,-0.19521,0.23493,0.079564,0.29223,0.19116,0.346,0.2873,-0.02114,-0.12147,0.0032536,-0.21972,0.35454,0.17441,0.42513,0.2214,0.37822,0.35966,0.38478,0.078384
-0.028825,-0.13858,0.038881,-0.14524,0.041411,0.005234,0.04377,-0.12347,-0.096766,-0.1369,-0.14636,-0.26424,-0.10253,-0.29407,-0.013545,0.020836,-0.16693,-0.10126,-0.027875,-0.14393,0.29918,0.095505,-0.077402,-0.18499,0.19018,0.059472,0.10418,0.080882,-0.0067284,0.086498,-0.38984,-0.41005,0.15528,0.036405,0.18355,0.23369,0.51984,0.38187,0.38721,0.35909,0.36286,0.37403,0.46674,0.44605,0.19094,0.15696,0.84071,1,0.044792,0.14357,0.19194,-0.0054271,0.17153,0.42074,0.46518,0.51115,-0.026766,-0.060543,0.060093,-0.013688,0.064833,-0.11075,-0.013165,-0.18126,-0.0011435,-0.085032,0.067927,0.097771,-0.09297,-0.18917,-0.15867,-0.22243,0.26865,0.19454,0.40979,0.36623,0.41246,0.36635,-0.0046595,-0.061038,0.13092,-0.10376,0.32586,0.20679,0.35954,0.25738,0.19134,0.22401,0.32453,0.23477
0.48987,0.29318,0.41684,0.23172,-0.24052,-0.17354,0.52373,0.19088,-0.20026,-0.23847,0.15241,-0.06392,0.1538,-0.20009,-0.17479,-0.17371,0.064461,-0.045282,0.40487,0.23331,-0.24321,-0.20971,0.11642,0.23457,-0.12207,-0.19735,-0.21768,-0.16937,0.00012403,0.083964,-0.074933,-0.14384,-0.12201,-0.055862,-0.043725,-0.057009,-0.072983,0.0076614,0.030105,0.11348,-0.067148,0.099628,0.36324,0.28105,0.54193,0.48546,0.18152,0.044792,1,0.46603,0.51879,0.39461,0.39093,0.0077768,-0.0025235,-0.037357,0.30143,0.31089,0.64609,0.56012,0.38972,0.3707,0.0083732,0.12951,0.23672,0.19298,0.39843,0.28465,-0.26912,-0.083886,-0.149,-0.077871,-0.24734,-0.05561,-0.32176,-0.24802,0.10133,0.14425,0.11566,0.062228,0.04436,-0.034854,0.080521,0.14852,0.088969,0.028365,-0.11675,-0.031221,-0.16971,-0.16563
0.17606,0.19509,0.36792,0.37112,-0.14308,-0.17881,0.32675,0.35152,-0.19931,-0.088363,0.28036,0.040196,0.16443,0.21199,-0.12553,-0.2158,-0.21454,-0.087072,0.30591,0.0027212,-0.053934,-0.20879,0.082341,0.13593,-0.08254,-0.11974,-0.18314,-0.22526,-0.18736,-0.093535,-0.055214,-0.085599,-0.048082,-0.099091,0.19707,0.27691,-0.073765,-0.06431,0.024197,0.015132,0.073201,-0.02909,0.15758,0.27968,0.45526,0.75255,0.16334,0.14357,0.46603,1,0.46374,0.72478,0.076008,0.31971,0.098423,0.038414,-0.052076,0.23393,0.54514,0.57086,0.43671,0.28734,0.023373,0.082197,0.27376,0.35711,0.3812,0.41767,-0.22652,-0.091028,-0.033616,-0.039299,-0.26198,-0.35683,-0.35798,-0.28849,0.025064,-0.033212,-0.19457,-0.016108,-0.15216,-0.076876,-0.094767,-0.017824,0.033072,0.32133,-0.0030911,0.096554,0.15787,0.19066
0.34855,0.030103,0.4814,0.14436,0.020097,-0.07346,0.36757,-0.047967,-0.09027,-0.26618,0.23331,-0.32865,0.13984,-0.24564,-0.026893,-0.36088,-0.29308,-0.40302,0.14352,0.027321,-0.079645,-0.25548,0.18738,0.18787,0.21684,0.068869,-0.027364,-0.013429,-0.26621,-0.21909,-0.056438,-0.10342,-0.043794,0.00078561,0.36295,0.23684,-0.0042476,-0.075174,0.081771,-0.016761,-0.0027746,-0.11189,0.43897,0.43968,0.49071,0.62126,0.4213,0.19194,0.51879,0.46374,1,0.43727,0.4572,-0.018098,0.15366,-0.18446,0.14163,-0.068637,0.50893,0.24478,0.44808,-0.00024822,0.11554,-0.30029,0.48464,0.2044,0.25949,0.3396,-0.13767,0.022924,-0.015896,-0.079193,-0.22712,-0.2491,-0.2908,-0.30854,0.035133,0.058197,-0.12424,-0.15643,-0.20568,-0.4359,-0.0041221,-0.06719,0.31806,-0.11493,0.21391,0.1963,0.085868,-0.27347
