1,0.35566,0.67926,0.47388,-0.22628,-0.31552,0.62316,0.32942,-0.20635,-0.28817,0.23936,0.036873,0.2481,-0.13418,-0.21029,-0.30095,-0.17991,-0.23075,0.61692,0.51504,-0.39217,-0.2891,0.46663,0.35217,-0.20646,-0.28215,-0.051919,-0.17529,-0.20273,-0.2168,0.0020156,-0.081588,0.084447,-0.012165,-0.018914,-0.070224,-0.26871,-0.048215,-0.2107,-0.11287,-0.24114,-0.1927,0.093841,0.015775,0.32973,0.13794,0.11496,-0.014203,0.1394,0.15445,-0.0095264,0.14834,-0.079918,-0.010881,-0.24385,-0.25852,0.35091,0.31952,0.27959,0.4043,-0.07744,0.25884,-0.16564,-0.18155,0.38522,0.28742,0.33856,0.15618,0.38857,0.38817,-0.09927,-0.11249,-0.23519,-0.16285,-0.41467,-0.31573,-0.14401,-0.13088,-0.28708,-0.13839,-0.23793,-0.30934,-0.16196,-0.13401,0.05106,0.067757,-0.29295,-0.097744,-0.29398,-0.14816
0.35566,1,0.10456,0.23657,-0.64854,-0.66377,0.31379,0.63306,-0.72108,-0.67115,-0.20454,0.26721,-0.25856,0.059916,-0.64122,-0.42544,0.018144,0.53702,0.59401,0.45879,-0.25762,-0.32744,-0.13123,-0.25131,-0.61599,-0.68382,0.11831,-0.29763,-0.10619,-0.090133,-0.34388,-0.38904,-0.10765,0.027212,-0.33367,-0.044163,-0.019735,0.052708,0.015419,-0.094279,-0.11511,-0.11322,0.14669,0.055978,-0.080085,-0.17775,0.22485,0.052406,0.049286,0.14206,0.1567,0.050411,0.072051,-0.00078112,0.018961,-0.23163,0.7705,0.90335,0.50142,0.61771,0.28037,0.4975,0.26984,0.56843,-0.21491,-0.025079,0.2042,-0.027563,0.71125,0.54879,-0.18242,-0.29785,-0.0085151,-0.24587,-0.20755,-0.25043,-0.12437,0.010006,-0.056441,-0.041213,-0.090323,0.081391,0.026767,-0.080416,-0.26044,-0.21413,-0.25679,-0.3308,-0.4602,-0.3236
0.67926,0.10456,1,0.76851,0.11054,-0.17833,0.78745,0.45857,0.067735,-0.063229,0.13597,-0.065347,0.18521,-0.26419,-0.14718,-0.38056,-0.28149,-0.34309,0.4996,0.52378,-0.33576,-0.22506,0.87589,0.8253,0.1557,-0.075612,0.070329,-0.19852,-0.33585,-0.17287,0.10761,-0.12595,0.060336,-0.073795,0.18226,0.092582,-0.23892,-0.10068,-0.18558,-0.11056,-0.12734,-0.074329,0.13768,-0.0075997,0.34634,0.19265,0.12214,0.061811,0.19444,0.10425,0.047267,0.20629,-0.11026,0.14829,-0.25853,-0.19866,-0.034062,0.064717,0.091198,0.28937,-0.080613,0.2014,-0.30949,-0.32114,0.48892,0.28106,0.32487,0.30358,0.21583,0.34931,-0.28764,-0.20988,-0.4556,-0.27858,-0.41532,-0.29313,-0.046368,-0.028521,-0.38394,-0.14172,-0.22278,-0.28652,-0.18026,-0.0020485,0.01164,0.14982,-0.30472,-0.1194,-0.24849,-0.028317
0.47388,0.23657,0.76851,1,-0.16514,-0.29218,0.77173,0.69329,-0.20576,-0.25499,-0.20836,-0.051733,-0.1481,-0.30871,-0.39106,-0.51816,-0.35016,-0.26978,0.45131,0.46971,-0.32124,-0.27784,0.69638,0.67913,0.069284,-0.080286,0.068574,-0.17015,-0.46252,-0.14904,0.077861,-0.01497,0.038257,0.0074816,-0.01849,0.063537,-0.24387,-0.14277,-0.17782,-0.20727,-0.094967,-0.14618,0.21426,0.2002,0.45345,0.41992,0.12263,0.078661,0.43145,0.16442,0.12907,0.30955,-0.086541,0.13141,-0.18363,-0.25628,-0.10561,0.20031,0.18838,0.32057,-0.10567,0.3435,-0.33878,-0.17904,0.47663,0.54662,0.37169,0.4136,0.29625,0.27107,-0.13039,-0.13211,-0.35523,-0.31426,-0.33745,-0.36735,-0.055814,0.0036234,-0.49133,-0.09516,-0.22968,-0.17324,-0.14069,-0.014007,0.021875,0.35009,-0.32477,-0.28154,-0.31097,0.023807
-0.22628,-0.64854,0.11054,-0.16514,1,0.66907,-0.2136,-0.44344,0.89611,0.81775,0.32182,-0.047419,0.44824,0.16593,0.75585,0.52421,0.089668,-0.2911,-0.44184,-0.25356,0.26972,0.30434,0.28687,0.38596,0.6822,0.62014,-0.076235,0.26276,0.19167,0.11554,0.30452,0.14854,0.050016,-0.17404,0.3835,0.10513,0.012776,-0.048688,-0.015136,0.12623,0.10115,0.13843,-0.23048,-0.32686,-0.13246,-0.09688,-0.18831,-0.087454,-0.25612,-0.25168,-0.24969,-0.20469,-0.19303,-0.057815,-0.048454,0.27493,-0.45083,-0.66201,-0.4264,-0.38567,-0.090314,-0.3779,-0.075241,-0.36474,0.17388,-0.060516,-0.18615,-0.025184,-0.54911,-0.25898,-0.040611,0.085286,-0.11922,0.12448,0.044741,0.26514,0.0047973,-0.067319,0.16575,0.051878,0.081818,-0.060741,-0.096503,0.093591,0.0060497,0.072217,0.13336,0.37028,0.43466,0.37662
-0.31552,-0.66377,-0.17833,-0.29218,0.66907,1,-0.44606,-0.64871,0.84003,0.87315,0.26537,-0.10214,0.36974,0.14072,0.82614,0.6637,0.0037153,-0.36602,-0.5806,-0.50877,0.34289,0.35607,0.041226,0.13371,0.51546,0.74719,-0.19884,0.52811,0.17538,0.045133,0.11439,0.18427,-0.062815,-0.16111,0.21309,0.1806,0.1665,0.14984,0.089339,0.16563,0.14164,0.20116,-0.14842,-0.20732,-0.11195,-0.083727,-0.028495,-0.031684,-0.27167,-0.31159,-0.31391,-0.35198,-0.083229,-0.14941,0.031922,0.22642,-0.46897,-0.68635,-0.44392,-0.48346,-0.14449,-0.34625,-0.17558,-0.38706,0.11479,-0.010433,-0.075962,0.052808,-0.62186,-0.38466,0.21055,0.30598,0.084377,0.35651,0.22845,0.45734,0.079519,0.0095572,0.11854,-0.031298,0.077634,-0.085469,0.04769,0.060139,0.18037,0.11795,0.2677,0.33107,0.50699,0.30215
0.62316,0.31379,0.78745,0.77173,-0.2136,-0.44606,1,0.67865,-0.28092,-0.38051,-0.16319,-0.11654,0.050052,-0.47101,-0.42339,-0.67172,-0.26672,-0.15407,0.57719,0.52138,-0.43457,-0.31376,0.60327,0.58753,-0.0030798,-0.26834,0.15925,-0.19957,-0.40523,-0.14518,0.018794,-0.20194,0.1462,0.13811,-0.063403,-0.010509,-0.32231,-0.12483,-0.24499,-0.13956,-0.20324,-0.13882,0.12666,0.11558,0.22588,0.18948,0.13297,0.13015,0.28211,0.20256,0.1138,0.2808,0.0050722,0.20668,-0.24359,-0.19753,0.13115,0.31118,0.48109,0.53661,0.16254,0.48606,-0.17411,0.0038984,0.34118,0.30632,0.36563,0.35104,0.47312,0.46841,-0.25916,-0.22697,-0.42284,-0.30977,-0.46048,-0.43981,-0.078967,-0.028642,-0.48189,-0.10598,-0.22629,-0.24904,-0.21929,-0.032122,-0.13989,-0.00010205,-0.41322,-0.2257,-0.32366,-0.049305
0.32942,0.63306,0.45857,0.69329,-0.44344,-0.64871,0.67865,1,-0.57854,-0.53231,-0.29899,0.31499,-0.24384,-0.065563,-0.64773,-0.60079,-0.12625,0.23433,0.65165,0.59082,-0.24489,-0.28423,0.32619,0.26016,-0.27809,-0.50936,0.28451,-0.28554,-0.24722,-0.015295,-0.13233,-0.23727,0.039008,0.16986,-0.23059,-0.0503,-0.14147,-0.17672,-0.051268,-0.19025,-0.049978,-0.1126,0.041365,0.045737,0.018603,-0.00060631,0.086142,0.10073,0.1537,0.20943,0.20588,0.21831,0.037135,0.25574,-0.056133,-0.20606,0.2111,0.54946,0.4117,0.52692,0.17574,0.55801,-0.019957,0.35294,0.152,0.23502,0.2014,0.086262,0.61987,0.47835,-0.21891,-0.27029,-0.11514,-0.31801,-0.2032,-0.24394,-0.085712,0.0036386,-0.23846,0.0019398,-0.091458,0.11018,0.016364,0.041403,-0.14802,0.0046124,-0.33396,-0.35514,-0.41754,-0.097336
-0.20635,-0.72108,0.067735,-0.20576,0.89611,0.84003,-0.28092,-0.57854,1,0.90274,0.39092,-0.11315,0.56376,0.13897,0.89726,0.6034,0.050622,-0.43552,-0.51579,-0.35463,0.25831,0.33313,0.27025,0.3545,0.60473,0.68016,-0.19165,0.28553,0.18837,0.066625,0.23691,0.17474,-0.004537,-0.24552,0.41001,0.18139,0.075961,0.071385,0.0084056,0.20269,0.095161,0.17778,-0.1664,-0.31786,-0.11955,-0.10192,-0.06732,-0.030531,-0.25942,-0.30229,-0.30641,-0.24816,-0.1236,-0.061204,-0.032962,0.29692,-0.50846,-0.77118,-0.46445,-0.41651,-0.14679,-0.35528,-0.18523,-0.47513,0.16398,-0.014475,-0.093652,0.094343,-0.60353,-0.27766,-0.0048222,0.13613,-0.073672,0.27306,0.11486,0.34179,0.068096,-0.00017962,0.13584,-0.040909,0.044416,-0.17265,-0.083698,0.062507,0.064972,0.1001,0.2073,0.39212,0.53001,0.36421
-0.28817,-0.67115,-0.063229,-0.25499,0.81775,0.87315,-0.38051,-0.53231,0.90274,1,0.41356,0.087444,0.55246,0.34156,0.86896,0.73592,0.0842,-0.3473,-0.57728,-0.42066,0.30509,0.34108,0.16261,0.26372,0.48591,0.6211,-0.25684,0.32741,0.24347,0.0767,0.16936,0.17574,-0.041062,-0.21024,0.34981,0.18805,0.14707,0.14235,0.082423,0.26617,0.14371,0.20882,-0.26452,-0.39329,-0.21597,-0.20595,-0.10922,-0.10527,-0.36624,-0.40116,-0.37145,-0.4019,-0.14369,-0.136,0.033525,0.3,-0.51187,-0.75823,-0.48159,-0.48538,-0.14849,-0.34693,-0.15335,-0.36866,0.11718,-0.023221,-0.082414,0.043913,-0.62448,-0.33883,-0.021142,0.11068,-0.027158,0.31434,0.19115,0.45935,0.061703,-0.014516,0.1891,-0.058938,0.073033,-0.071781,-0.0066637,0.082439,0.093129,0.086993,0.28423,0.44287,0.49631,0.33744
0.23936,-0.20454,0.13597,-0.20836,0.32182,0.26537,-0.16319,-0.29899,0.39092,0.41356,1,0.43873,0.73624,0.58921,0.48715,0.55257,0.49126,-0.041788,-0.10559,-0.034719,0.25459,0.14923,0.087568,0.14003,-0.028559,-0.047219,-0.24823,0.013021,0.53038,0.26397,0.16488,0.12434,-0.051351,-0.16382,0.30013,-0.057514,0.10191,0.16665,0.14195,0.23168,0.21094,0.23538,-0.4146,-0.52049,-0.22117,-0.3487,-0.28379,-0.41703,-0.45333,-0.46187,-0.41378,-0.43899,-0.3905,-0.37735,-0.084197,-0.032353,-0.016318,-0.32194,-0.36099,-0.3031,-0.15986,-0.28919,0.15401,-0.18283,0.084637,-0.12267,-0.19326,-0.15985,-0.21882,-0.10095,-0.20403,-0.1215,0.021799,0.23331,0.14079,0.25628,0.15886,0.047836,0.35195,0.18092,0.28943,0.10521,0.1401,0.08709,0.11254,0.021309,0.23215,0.32279,0.11925,-0.16113
0.036873,0.26721,-0.065347,-0.051733,-0.047419,-0.10214,-0.11654,0.31499,-0.11315,0.087444,0.43873,1,0.262,0.76149,-0.038202,0.21822,0.40015,0.44914,0.13051,0.20627,0.20629,-0.075456,-0.081162,-0.047448,-0.23696,-0.35551,0.026269,-0.095974,0.31689,0.27418,0.069356,0.041632,0.14175,0.22364,-0.021127,-0.25455,-0.012982,-0.10949,0.093488,-0.0024789,0.15586,0.085264,-0.52514,-0.47838,-0.47059,-0.42931,-0.3815,-0.40874,-0.47552,-0.35922,-0.3082,-0.43742,-0.34004,-0.2257,-0.13119,-0.18254,0.17336,0.076262,-0.090409,-0.13099,0.13934,0.034734,0.38366,0.44986,0.026984,-0.10011,-0.20727,-0.27681,0.095261,0.050765,-0.16712,-0.212,0.059111,-0.033119,0.029561,0.20068,-0.14575,-0.14779,0.33847,0.22982,0.24084,0.41693,0.087551,0.058748,-0.2108,-0.12138,-0.083774,0.0037973,-0.25086,-0.23203
0.2481,-0.25856,0.18521,-0.1481,0.44824,0.36974,0.050052,-0.24384,0.56376,0.55246,0.73624,0.262,1,0.37755,0.63444,0.46021,0.25176,-0.22048,-0.1346,-0.021502,0.048293,0.14561,0.14259,0.23358,0.037898,0.060594,-0.29693,0.021856,0.35295,0.084558,0.066949,0.029325,0.01243,-0.13413,0.30106,0.076283,0.014398,0.16171,0.0041769,0.3233,0.062963,0.14584,-0.35995,-0.54283,-0.29342,-0.38943,-0.12386,-0.22583,-0.42033,-0.48023,-0.52321,-0.4259,-0.32305,-0.26956,-0.16054,0.10555,-0.070017,-0.39361,-0.16869,-0.13155,-0.018316,-0.041694,0.030997,-0.17232,0.056559,-0.0019544,0.0016964,0.090708,-0.2254,0.074733,-0.27261,-0.12329,-0.098062,0.34106,-0.036383,0.25409,0.036413,0.028255,0.20742,-0.082074,0.046154,-0.19595,-0.11489,0.031029,-0.16723,-0.13837,0.10792,0.37934,0.21945,0.027811
-0.13418,0.059916,-0.26419,-0.30871,0.16593,0.14072,-0.47101,-0.065563,0.13897,0.34156,0.58921,0.76149,0.37755,1,0.28512,0.65427,0.44949,0.27401,-0.18077,-0.067775,0.29655,0.11391,-0.25173,-0.22353,-0.26941,-0.19337,-0.26886,-0.066501,0.52418,0.20885,0.011422,0.093732,-0.045448,-0.020191,0.1022,-0.083405,0.19001,0.07942,0.20728,0.1286,0.22671,0.11039,-0.48164,-0.57752,-0.44052,-0.50988,-0.36639,-0.49863,-0.57118,-0.54286,-0.45527,-0.57145,-0.37393,-0.39424,0.01721,-0.072147,0.033466,-0.14707,-0.40608,-0.41114,-0.12264,-0.32633,0.26575,0.1886,-0.20047,-0.22809,-0.23672,-0.29147,-0.16307,-0.17462,-0.13647,-0.080689,0.23159,0.19777,0.21804,0.37498,0.015053,0.0060831,0.51487,0.10734,0.23704,0.29901,0.12142,0.003545,-0.089419,-0.098256,0.25356,0.21734,-0.020783,-0.19892
-0.21029,-0.64122,-0.14718,-0.39106,0.75585,0.82614,-0.42339,-0.64773,0.89726,0.86896,0.48715,-0.038202,0.63444,0.28512,1,0.78708,0.17571,-0.3685,-0.54602,-0.47079,0.36948,0.44911,0.0039155,0.080158,0.3942,0.60553,-0.28396,0.34261,0.42069,0.12373,0.15397,0.2188,-0.065672,-0.29167,0.31214,0.1422,0.18249,0.18512,0.10733,0.30414,0.15534,0.21702,-0.23955,-0.35028,-0.2308,-0.21799,-0.070947,-0.071455,-0.37325,-0.37505,-0.39008,-0.36593,-0.09914,-0.14423,0.11527,0.36325,-0.4113,-0.69166,-0.47084,-0.42023,-0.22492,-0.38792,-0.12952,-0.41105,-0.015256,-0.07007,-0.10468,0.027762,-0.55907,-0.32655,0.09427,0.19291,0.16833,0.43995,0.25692,0.46075,0.11479,0.030907,0.28127,-0.02393,0.11773,-0.12558,0.074191,0.079585,0.16626,0.067156,0.40499,0.52871,0.64737,0.36305
-0.30095,-0.42544,-0.38056,-0.51816,0.52421,0.6637,-0.67172,-0.60079,0.6034,0.73592,0.55257,0.21822,0.46021,0.65427,0.78708,1,0.37782,-0.12978,-0.55183,-0.47143,0.5184,0.53193,-0.27116,-0.19894,0.06382,0.36654,-0.38346,0.2418,0.63525,0.2523,0.013121,0.18865,-0.23885,-0.31681,0.15772,0.14348,0.37905,0.2361,0.3374,0.28326,0.33597,0.27623,-0.3547,-0.41968,-0.29414,-0.3673,-0.15788,-0.24532,-0.48631,-0.49346,-0.42741,-0.5364,-0.18987,-0.3846,0.22735,0.20945,-0.25943,-0.52146,-0.56917,-0.54886,-0.33168,-0.53712,-0.0076947,-0.25522,-0.20335,-0.21324,-0.17411,-0.15701,-0.4997,-0.39689,0.092019,0.17125,0.3298,0.50267,0.37734,0.55059,0.2023,0.12972,0.53882,0.073991,0.30777,0.080116,0.23168,0.17396,0.25073,0.084088,0.51216,0.47308,0.45119,0.10344
-0.17991,0.018144,-0.28149,-0.35016,0.089668,0.0037153,-0.26672,-0.12625,0.050622,0.0842,0.49126,0.40015,0.25176,0.44949,0.17571,0.37782,1,0.53279,-0.17318,-0.20636,0.64506,0.37211,-0.38904,-0.22755,-0.017063,-0.083449,-0.043443,0.024543,0.79339,0.83572,0.31808,0.16843,-0.11439,-0.10217,0.042022,-0.26736,0.1002,-0.091557,0.30173,-0.0046618,0.50744,0.35253,-0.58028,-0.31506,-0.52474,-0.34685,-0.50213,-0.39017,-0.40356,-0.31693,-0.2001,-0.35333,-0.33618,-0.41533,-0.042006,-0.15363,0.17852,-0.051536,-0.17714,-0.21204,0.048825,-0.2673,0.6346,0.35455,-0.19886,-0.38423,-0.49893,-0.39202,0.0054907,-0.14326,-0.031247,-0.020591,0.21825,0.17499,0.30549,0.11284,0.32793,0.24506,0.75568,0.75363,0.84003,0.59329,0.2634,0.33388,-0.056088,-0.17842,0.040629,-0.032206,-0.057077,-0.30796
-0.23075,0.53702,-0.34309,-0.26978,-0.2911,-0.36602,-0.15407,0.23433,-0.43552,-0.3473,-0.041788,0.44914,-0.22048,0.27401,-0.3685,-0.12978,0.53279,1,0.12384,0.057143,0.20891,-0.096269,-0.46751,-0.41624,-0.21299,-0.40665,0.18263,-0.095315,0.29114,0.42838,0.0568,-0.10893,0.081115,0.23163,-0.19177,-0.33293,-0.062275,-0.099804,0.06077,-0.12038,0.11284,0.031609,-0.24132,-0.070333,-0.44044,-0.2912,-0.26979,-0.23195,-0.21545,-0.083481,-0.0070563,-0.24976,-0.12854,-0.20928,-0.08175,-0.21988,0.6043,0.52654,0.18244,0.070871,0.45077,0.1306,0.78961,0.78553,-0.31733,-0.31207,-0.36316,-0.39265,0.26229,0.13798,-0.082914,-0.19934,0.087738,-0.16987,0.076518,-0.063176,-0.084295,-0.020512,0.44361,0.50956,0.42177,0.61965,0.050052,0.0345,-0.36595,-0.4133,-0.17457,-0.24302,-0.37869,-0.37889
0.61692,0.59401,0.4996,0.45131,-0.44184,-0.5806,0.57719,0.65165,-0.51579,-0.57728,-0.10559,0.13051,-0.1346,-0.18077,-0.54602,-0.55183,-0.17318,0.12384,1,0.79786,-0.39306,-0.30335,0.30594,0.109,-0.29617,-0.43599,0.28519,-0.17243,-0.22403,-0.1734,-0.24022,-0.28868,0.12137,0.18881,-0.21079,-0.027283,-0.13735,-0.094391,-0.11015,-0.16019,-0.23255,-0.17388,0.13261,0.1266,0.14004,0.01822,0.1906,0.15799,0.10832,0.29918,0.13651,0.23231,0.033169,0.13854,-0.128,-0.23834,0.44559,0.61536,0.45912,0.59725,0.16914,0.51957,-0.037789,0.21438,0.16276,0.15739,0.28623,0.034962,0.65758,0.60494,-0.065219,-0.15763,0.018692,-0.15345,-0.18054,-0.13717,-0.1553,-0.037916,-0.23463,-0.1118,-0.1944,-0.022885,0.052964,-0.079913,-0.037055,-0.034607,-0.35038,-0.35745,-0.45405,-0.21079
0.51504,0.45879,0.52378,0.46971,-0.25356,-0.50877,0.52138,0.59082,-0.35463,-0.42066,-0.034719,0.20627,-0.021502,-0.067775,-0.47079,-0.47143,-0.20636,0.057143,0.79786,1,-0.40363,-0.27495,0.36581,0.25013,-0.21374,-0.42861,0.21175,-0.27865,-0.28297,-0.21103,-0.28467,-0.35355,0.064058,0.15607,-0.1187,0.095243,-0.093894,-0.047358,-0.085868,-0.045792,-0.21029,-0.136,0.10321,0.054019,0.15668,0.043243,0.1924,0.13565,0.12633,0.17954,0.020107,0.15976,-0.10317,0.030951,-0.20651,-0.24521,0.32309,0.44678,0.33047,0.44453,0.15599,0.37506,-0.05058,0.097852,0.13923,0.11875,0.26042,0.15815,0.44741,0.67123,-0.31006,-0.30064,-0.17619,-0.12363,-0.31648,-0.12482,-0.20684,-0.014102,-0.19469,-0.18857,-0.23012,-0.14084,-0.050078,-0.030298,-0.18073,0.058754,-0.34559,-0.26522,-0.49159,-0.26014
-0.39217,-0.25762,-0.33576,-0.32124,0.26972,0.34289,-0.43457,-0.24489,0.25831,0.30509,0.25459,0.20629,0.048293,0.29655,0.36948,0.5184,0.64506,0.20891,-0.39306,-0.40363,1,0.73512,-0.31317,-0.13525,0.25857,0.30871,0.10507,0.36552,0.71132,0.77784,0.23116,0.22153,-0.30717,-0.28374,-0.041478,-0.027827,0.27476,-0.12008,0.52112,0.014608,0.75405,0.52398,-0.41453,-0.10171,-0.3293,-0.17041,-0.31061,-0.1289,-0.24915,-0.15561,-0.020439,-0.25931,-0.18103,-0.22387,0.23455,0.055894,-0.23884,-0.29182,-0.39739,-0.35215,-0.20098,-0.39762,0.23297,0.026272,-0.12953,-0.29839,-0.47876,-0.38323,-0.25098,-0.40287,0.24047,0.2403,0.32766,0.20151,0.39083,0.2549,0.36701,0.27703,0.59909,0.59396,0.79715,0.48013,0.52439,0.60926,0.23762,0.091425,0.19847,0.084645,0.25527,0.027112
-0.2891,-0.32744,-0.22506,-0.27784,0.30434,0.35607,-0.31376,-0.28423,0.33313,0.34108,0.14923,-0.075456,0.14561,0.11391,0.44911,0.53193,0.37211,-0.096269,-0.30335,-0.27495,0.73512,1,-0.2088,-0.073129,0.1432,0.30585,-0.12227,0.22742,0.64188,0.56794,-0.15182,-0.049126,-0.53256,-0.47865,-0.12129,0.33029,0.5643,0.14053,0.69231,0.28759,0.75893,0.67701,-0.17558,0.0017534,-0.20095,-0.17559,0.10067,0.23727,-0.13928,-0.097807,-0.012626,-0.21862,0.034428,-0.19001,0.45941,0.22472,-0.27537,-0.32199,-0.37442,-0.25703,-0.29541,-0.36172,-0.070255,-0.23611,-0.2454,-0.26835,-0.20938,-0.18552,-0.271,-0.27368,0.080968,0.17818,0.29071,0.44685,0.28618,0.28397,0.48453,0.46321,0.53678,0.25529,0.62656,0.14564,0.55788,0.75819,0.39508,0.21172,0.28852,0.20025,0.40523,0.14253
0.46663,-0.13123,0.87589,0.69638,0.28687,0.041226,0.60327,0.32619,0.27025,0.16261,0.087568,-0.081162,0.14259,-0.25173,0.0039155,-0.27116,-0.38904,-0.46751,0.30594,0.36581,-0.31317,-0.2088,1,0.89457,0.34251,0.11924,0.11555,-0.095024,-0.40062,-0.24626,0.14205,-0.070369,0.11961,-0.0019245,0.2943,0.18573,-0.19839,-0.10699,-0.18581,-0.059101,-0.13982,-0.058906,0.20958,-0.034812,0.38288,0.24285,0.18085,0.14846,0.18469,0.0968,0.047062,0.22885,-0.037801,0.27466,-0.1751,-0.051352,-0.28561,-0.19503,-0.032307,0.13175,-0.15884,0.14194,-0.43821,-0.43918,0.59898,0.36455,0.40502,0.39606,0.069487,0.22752,-0.23948,-0.11467,-0.41152,-0.24798,-0.31069,-0.15037,-0.025588,-0.030539,-0.43938,-0.20897,-0.29183,-0.28512,-0.18248,-0.010247,0.1193,0.2939,-0.2269,-0.031836,-0.068622,0.18937
0.35217,-0.25131,0.8253,0.67913,0.38596,0.13371,0.58753,0.26016,0.3545,0.26372,0.14003,-0.047448,0.23358,-0.22353,0.080158,-0.19894,-0.22755,-0.41624,0.109,0.25013,-0.13525,-0.073129,0.89457,1,0.45994,0.19221,0.054051,-0.020701,-0.3064,-0.055673,0.26983,-0.041521,0.070545,-0.058883,0.3141,0.13047,-0.22551,-0.1351,-0.12449,-0.053973,0.04737,0.075452,0.073814,-0.041868,0.26501,0.24094,0.031664,0.066982,0.15182,-0.00053292,0.0068267,0.13947,-0.17146,0.15363,-0.23891,-0.059422,-0.33763,-0.30804,-0.079946,0.023088,-0.10402,0.069359,-0.31221,-0.4039,0.55877,0.32548,0.2128,0.34022,-0.060411,0.1279,-0.28305,-0.12268,-0.52149,-0.25136,-0.37991,-0.21068,0.01018,0.012313,-0.34515,-0.039927,-0.10422,-0.20904,-0.18419,0.13632,0.012228,0.26431,-0.24143,0.016611,-0.051464,0.1969
-0.20646,-0.61599,0.1557,0.069284,0.6822,0.51546,-0.0030798,-0.27809,0.60473,0.48591,-0.028559,-0.23696,0.037898,-0.26941,0.3942,0.06382,-0.017063,-0.21299,-0.29617,-0.21374,0.25857,0.1432,0.34251,0.45994,1,0.76644,0.3708,0.51248,-0.12442,0.17742,0.5196,0.27615,0.20858,0.042542,0.23039,-0.09159,-0.28784,-0.3596,-0.20455,-0.22259,0.043688,0.025871,-0.058224,0.12926,0.092038,0.32417,-0.21182,0.090397,0.12688,0.14076,0.087425,0.14396,-0.064886,0.14282,-0.21663,0.08199,-0.45435,-0.49867,-0.17408,-0.2155,0.046161,-0.19739,-0.025169,-0.27614,0.40415,0.11151,-0.2099,-0.014309,-0.37215,-0.28427,0.22057,0.26365,-0.15722,-0.16501,0.0081229,-0.0031172,-0.048048,-0.17202,-0.1327,0.25553,0.12198,0.05828,-0.038303,0.077901,0.03363,0.11981,-0.1379,0.055362,0.21918,0.37243
-0.28215,-0.68382,-0.075612,-0.080286,0.62014,0.74719,-0.26834,-0.50936,0.68016,0.6211,-0.047219,-0.35551,0.060594,-0.19337,0.60553,0.36654,-0.083449,-0.40665,-0.43599,-0.42861,0.30871,0.30585,0.11924,0.19221,0.76644,1,0.019505,0.56652,-0.018122,0.10413,0.40968,0.48832,0.086793,-0.10935,0.13453,-0.034337,-0.1686,-0.26019,-0.18528,-0.22622,0.02267,-0.080857,-0.093244,0.093747,0.092371,0.25718,-0.11156,0.098951,0.010582,-0.014979,-0.051952,-0.020148,0.04799,0.036699,-0.14174,0.062684,-0.49813,-0.57378,-0.31817,-0.34564,-0.19022,-0.28844,-0.20492,-0.3904,0.25426,0.12123,-0.14756,0.0067216,-0.48063,-0.4453,0.50265,0.5588,0.15752,0.24043,0.23241,0.24845,-0.050579,-0.15207,-0.055696,0.10964,0.044307,-0.082578,-0.037529,-0.045015,0.19591,0.19085,0.041678,0.040992,0.38527,0.38676
-0.051919,0.11831,0.070329,0.068574,-0.076235,-0.19884,0.15925,0.28451,-0.19165,-0.25684,-0.24823,0.026269,-0.29693,-0.26886,-0.28396,-0.38346,-0.043443,0.18263,0.28519,0.21175,0.10507,-0.12227,0.11555,0.054051,0.3708,0.019505,1,0.30197,-0.16986,0.046537,0.083013,-0.12477,0.15266,0.17055,-0.079821,-0.092097,-0.18149,-0.36958,-0.078118,-0.25797,-0.023568,0.0055712,0.035559,0.18035,-0.036169,0.08985,-0.023729,0.2572,0.14656,0.45538,0.3913,0.44135,0.12502,0.47562,-0.027818,0.08249,0.0032608,0.20495,0.29444,0.35281,0.25608,0.22399,0.088933,0.20868,0.21594,-0.066313,-0.072147,-0.1447,0.3297,0.15804,0.11803,0.065468,0.1173,-0.34891,0.082278,-0.023308,-0.090169,-0.1896,-0.21137,0.13305,0.026687,0.15037,0.23734,0.11651,0.022056,-0.091765,-0.21139,-0.16623,-0.073164,0.14408
-0.17529,-0.29763,-0.19852,-0.17015,0.26276,0.52811,-0.19957,-0.28554,0.28553,0.32741,0.013021,-0.095974,0.021856,-0.066501,0.34261,0.2418,0.024543,-0.095315,-0.17243,-0.27865,0.36552,0.22742,-0.095024,-0.020701,0.51248,0.56652,0.30197,1,0.095283,0.12634,0.19036,0.17612,0.053401,0.057166,-0.072508,-0.084694,-0.084594,-0.080723,-0.0046427,-0.090762,0.08977,0.12,-0.14667,0.044659,-0.04172,0.044911,-0.13873,0.052749,-0.11203,0.029157,-0.041645,-0.11428,-0.077003,-0.0076478,-0.034783,0.1406,-0.23237,-0.18491,-0.08011,-0.094002,-0.05047,-0.052858,-0.03673,-0.07425,0.16033,0.053407,-0.13126,-0.15435,-0.15171,-0.24922,0.51602,0.50335,0.23008,0.085828,0.19526,0.19869,-0.00053651,-0.10012,-0.1427,0.15401,0.12349,0.10957,0.25577,0.059223,0.17035,0.065948,0.032297,0.080579,0.2561,0.33618
-0.20273,-0.10619,-0.33585,-0.46252,0.19167,0.17538,-0.40523,-0.24722,0.18837,0.24347,0.53038,0.31689,0.35295,0.52418,0.42069,0.63525,0.79339,0.29114,-0.22403,-0.28297,0.71132,0.64188,-0.40062,-0.3064,-0.12442,-0.018122,-0.16986,0.095283,1,0.72318,0.039557,0.094101,-0.33606,-0.26646,-0.040108,0.0020426,0.40067,0.12891,0.53007,0.23368,0.59365,0.48841,-0.50753,-0.37095,-0.45016,-0.41587,-0.3197,-0.28912,-0.45606,-0.36499,-0.2973,-0.4356,-0.25762,-0.38473,0.25851,0.056997,-0.010863,-0.18293,-0.37253,-0.31058,-0.22724,-0.37829,0.32125,0.080213,-0.34002,-0.3647,-0.35114,-0.35467,-0.14784,-0.23128,0.070375,0.10647,0.46429,0.46947,0.40953,0.37808,0.47844,0.3946,0.81154,0.50574,0.74309,0.42315,0.46961,0.46794,0.19651,-0.0589,0.32994,0.21014,0.2165,-0.13159
-0.2168,-0.090133,-0.17287,-0.14904,0.11554,0.045133,-0.14518,-0.015295,0.066625,0.0767,0.26397,0.27418,0.084558,0.20885,0.12373,0.2523,0.83572,0.42838,-0.1734,-0.21103,0.77784,0.56794,-0.24626,-0.055673,0.17742,0.10413,0.046537,0.12634,0.72318,1,0.3553,0.23775,-0.2068,-0.14755,-0.10303,-0.21152,0.08315,-0.22031,0.36447,-0.069168,0.63858,0.44426,-0.50041,-0.088355,-0.38047,-0.13773,-0.43036,-0.21615,-0.18056,-0.13622,-0.019158,-0.22135,-0.23563,-0.29548,0.00054593,-0.15238,-0.032116,-0.097662,-0.18789,-0.19166,-0.044223,-0.20444,0.45254,0.24204,-0.080988,-0.24144,-0.49612,-0.38955,-0.051827,-0.21748,0.10656,0.10249,0.18254,0.17413,0.25623,0.055255,0.37132,0.27651,0.67539,0.85042,0.92773,0.6519,0.34551,0.54822,0.043086,0.0012552,-0.071171,-0.12533,-0.043208,-0.1682
0.0020156,-0.34388,0.10761,0.077861,0.30452,0.11439,0.018794,-0.13233,0.23691,0.16936,0.16488,0.069356,0.066949,0.011422,0.15397,0.013121,0.31808,0.0568,-0.24022,-0.28467,0.23116,-0.15182,0.14205,0.26983,0.5196,0.40968,0.083013,0.19036,0.039557,0.3553,1,0.78607,0.53991,0.22796,0.31967,-0.69596,-0.65678,-0.5496,-0.47981,-0.47584,-0.062219,-0.28835,-0.37793,-0.099964,-0.067733,0.17681,-0.69295,-0.44431,-0.073206,-0.085992,-0.045784,-0.0001072,-0.24955,-0.015728,-0.49938,-0.26178,-0.19709,-0.29459,-0.19426,-0.29343,-0.073018,-0.18676,0.28226,0.047193,0.37561,0.1093,-0.46265,-0.24492,-0.18634,-0.39838,0.33716,0.30657,-0.13779,-0.31206,0.010619,-0.31293,-0.24042,-0.4188,-0.0053237,0.56445,0.22838,0.31881,-0.3823,-0.28254,-0.15634,-0.078351,-0.21285,-0.10006,-0.06946,0.067674
-0.081588,-0.38904,-0.12595,-0.01497,0.14854,0.18427,-0.20194,-0.23727,0.17474,0.17574,0.12434,0.041632,0.029325,0.093732,0.2188,0.18865,0.16843,-0.10893,-0.28868,-0.35355,0.22153,-0.049126,-0.070369,-0.041521,0.27615,0.48832,-0.12477,0.17612,0.094101,0.23775,0.78607,1,0.44607,0.2043,0.13845,-0.60052,-0.49531,-0.44728,-0.42843,-0.41216,-0.12479,-0.38773,-0.37185,-0.0492,0.048077,0.21502,-0.6014,-0.43389,-0.056247,-0.15272,-0.16379,-0.089626,-0.18252,-0.11247,-0.37452,-0.27576,-0.29645,-0.32215,-0.31651,-0.42263,-0.30847,-0.2367,0.067673,-0.08313,0.23812,0.19506,-0.37645,-0.211,-0.30707,-0.55263,0.5596,0.48309,0.15678,0.013879,0.22631,-0.08129,-0.23728,-0.40001,0.017245,0.37723,0.10919,0.20354,-0.28974,-0.35838,0.020542,0.073311,-0.032108,-0.093297,0.013564,0.037591
0.084447,-0.10765,0.060336,0.038257,0.050016,-0.062815,0.1462,0.039008,-0.004537,-0.041062,-0.051351,0.14175,0.01243,-0.045448,-0.065672,-0.23885,-0.11439,0.081115,0.12137,0.064058,-0.30717,-0.53256,0.11961,0.070545,0.20858,0.086793,0.15266,0.053401,-0.33606,-0.2068,0.53991,0.44607,1,0.76326,0.22328,-0.55019,-0.61371,-0.33288,-0.61673,-0.31333,-0.50963,-0.50833,-0.25292,-0.14891,-0.092381,0.019529,-0.45821,-0.37082,-0.15255,-0.1288,-0.24243,-0.06837,-0.21053,0.048294,-0.51631,-0.20552,0.036589,-0.041512,0.15555,-0.092971,0.21876,0.18533,0.25432,0.28418,0.31897,0.18884,-0.10809,0.018548,0.030354,-0.028209,0.19969,0.10333,-0.12951,-0.29471,-0.10008,-0.20012,-0.55682,-0.57365,-0.28239,0.063868,-0.27512,0.1419,-0.57601,-0.58646,-0.3742,-0.23614,-0.27673,-0.085269,-0.23751,-0.016211
-0.012165,0.027212,-0.073795,0.0074816,-0.17404,-0.16111,0.13811,0.16986,-0.24552,-0.21024,-0.16382,0.22364,-0.13413,-0.020191,-0.29167,-0.31681,-0.10217,0.23163,0.18881,0.15607,-0.28374,-0.47865,-0.0019245,-0.058883,0.042542,-0.10935,0.17055,0.057166,-0.26646,-0.14755,0.22796,0.2043,0.76326,1,-0.032564,-0.40604,-0.38238,-0.21681,-0.37751,-0.19623,-0.38412,-0.35377,-0.24173,-0.15692,-0.078719,-0.021063,-0.36759,-0.3518,-0.15089,-0.15108,-0.30442,-0.18897,-0.24396,-0.070119,-0.38353,-0.23142,0.067816,0.067372,0.23596,-0.10097,0.27143,0.23997,0.22424,0.37608,0.17387,0.12793,0.013194,0.041782,0.097228,0.048679,0.13149,0.057525,-0.050027,-0.18682,-0.059978,-0.067182,-0.37805,-0.32133,-0.18294,0.074614,-0.17833,0.2157,-0.39643,-0.40921,-0.35908,-0.2682,-0.27222,-0.13917,-0.3594,-0.15123
-0.018914,-0.33367,0.18226,-0.01849,0.3835,0.21309,-0.063403,-0.23059,0.41001,0.34981,0.30013,-0.021127,0.30106,0.1022,0.31214,0.15772,0.042022,-0.19177,-0.21079,-0.1187,-0.041478,-0.12129,0.2943,0.3141,0.23039,0.13453,-0.079821,-0.072508,-0.040108,-0.10303,0.31967,0.13845,0.22328,-0.032564,1,0.12393,-0.10265,-0.00043679,-0.12996,0.12368,-0.033032,0.00063115,-0.04013,-0.27646,0.049901,0.0017808,-0.12355,-0.11715,-0.11834,-0.22235,-0.17813,-0.0033551,-0.19299,0.041539,-0.082185,0.16265,-0.23597,-0.43277,-0.30753,-0.20462,-0.1118,-0.20044,4.2211e-005,-0.23383,0.33665,0.094935,0.081723,0.26771,-0.20172,-0.065282,-0.22514,-0.11509,-0.16395,-0.11311,0.11932,0.010304,0.032509,0.014935,-0.0049505,-0.093106,-0.057868,-0.074662,-0.19826,-0.12964,0.01712,0.013783,0.2082,0.23682,0.19425,0.14665
-0.070224,-0.044163,0.092582,0.063537,0.10513,0.1806,-0.010509,-0.0503,0.18139,0.18805,-0.057514,-0.25455,0.076283,-0.083405,0.1422,0.14348,-0.26736,-0.33293,-0.027283,0.095243,-0.027827,0.33029,0.18573,0.13047,-0.09159,-0.034337,-0.092097,-0.084694,0.0020426,-0.21152,-0.69596,-0.60052,-0.55019,-0.40604,0.12393,1,0.58058,0.423,0.47111,0.45421,0.21748,0.38543,0.35398,0.046552,0.2016,0.00019965,0.59747,0.43131,0.16385,0.0043192,0.027048,0.078036,0.086133,0.010162,0.41826,0.26891,-0.20097,-0.14201,-0.08366,0.09101,-0.16113,-0.023395,-0.42872,-0.37703,-0.08896,0.0306,0.48112,0.44379,-0.058173,0.16858,-0.33568,-0.18754,0.015,0.30694,0.017604,0.28482,0.44284,0.59978,-0.011701,-0.49486,-0.098165,-0.34715,0.36754,0.42185,0.25138,0.26575,0.2262,0.14565,0.18752,0.075073
-0.26871,-0.019735,-0.23892,-0.24387,0.012776,0.1665,-0.32231,-0.14147,0.075961,0.14707,0.10191,-0.012982,0.014398,0.19001,0.18249,0.37905,0.1002,-0.062275,-0.13735,-0.093894,0.27476,0.5643,-0.19839,-0.22551,-0.28784,-0.1686,-0.18149,-0.084594,0.40067,0.08315,-0.65678,-0.49531,-0.61371,-0.38238,-0.10265,0.58058,1,0.66316,0.87505,0.65177,0.53756,0.67881,0.14072,-0.044657,-0.044418,-0.23752,0.44676,0.28604,-0.077893,-0.078663,-0.033137,-0.15818,0.10587,-0.16994,0.77917,0.43796,-0.11086,-0.084598,-0.25815,-0.10733,-0.15254,-0.21164,-0.1663,-0.21042,-0.33733,-0.20635,0.11389,0.035871,-0.15666,-0.029826,-0.284,-0.25057,0.19264,0.32263,0.26273,0.36226,0.54411,0.60379,0.3917,-0.15435,0.25147,-0.0049267,0.61507,0.58564,0.42492,0.17049,0.48616,0.32748,0.40698,0.069828
-0.048215,0.052708,-0.10068,-0.14277,-0.048688,0.14984,-0.12483,-0.17672,0.071385,0.14235,0.16665,-0.10949,0.16171,0.07942,0.18512,0.2361,-0.091557,-0.099804,-0.094391,-0.047358,-0.12008,0.14053,-0.10699,-0.1351,-0.3596,-0.26019,-0.36958,-0.080723,0.12891,-0.22031,-0.5496,-0.44728,-0.33288,-0.21681,-0.00043679,0.423,0.66316,1,0.4967,0.7949,0.079727,0.47246,0.19302,-0.052146,0.044398,-0.20163,0.40023,0.098939,-0.069911,-0.14782,-0.17547,-0.1883,0.02836,-0.22613,0.55729,0.46561,0.0098781,0.031103,-0.07842,0.03143,-0.075839,-0.0076033,-0.22158,-0.21114,-0.31203,-0.012382,0.23177,0.22652,-0.13101,0.074039,-0.34253,-0.35352,-0.055706,0.1881,0.050964,0.12853,0.2531,0.38017,0.03037,-0.30884,-0.094458,-0.19111,0.24655,0.17531,0.20142,0.081589,0.45056,0.42742,0.32092,0.074862
-0.2107,0.015419,-0.18558,-0.17782,-0.015136,0.089339,-0.24499,-0.051268,0.0084056,0.082423,0.14195,0.093488,0.0041769,0.20728,0.10733,0.3374,0.30173,0.06077,-0.11015,-0.085868,0.52112,0.69231,-0.18581,-0.12449,-0.20455,-0.18528,-0.078118,-0.0046427,0.53007,0.36447,-0.47981,-0.42843,-0.61673,-0.37751,-0.12996,0.47111,0.87505,0.4967,1,0.50422,0.77108,0.83456,-0.0044943,-0.031902,-0.095427,-0.20554,0.27733,0.18707,-0.0693,-0.073309,0.004374,-0.16437,-0.034717,-0.22746,0.71212,0.31888,-0.092744,-0.057936,-0.25936,-0.11216,-0.17726,-0.22897,-0.043895,-0.11927,-0.26745,-0.23282,-0.0058255,-0.056226,-0.07969,-0.068523,-0.24106,-0.22012,0.168,0.24443,0.23892,0.27174,0.56356,0.60883,0.48404,0.10998,0.5137,0.16616,0.70317,0.80507,0.38826,0.17343,0.35506,0.24615,0.27091,-0.014213
-0.11287,-0.094279,-0.11056,-0.20727,0.12623,0.16563,-0.13956,-0.19025,0.20269,0.26617,0.23168,-0.0024789,0.3233,0.1286,0.30414,0.28326,-0.0046618,-0.12038,-0.16019,-0.045792,0.014608,0.28759,-0.059101,-0.053973,-0.22259,-0.22622,-0.25797,-0.090762,0.23368,-0.069168,-0.47584,-0.41216,-0.31333,-0.19623,0.12368,0.45421,0.65177,0.7949,0.50422,1,0.22305,0.576,0.086399,-0.16129,-0.052126,-0.22206,0.30003,0.1609,-0.088946,-0.16032,-0.24738,-0.20191,-0.071134,-0.15817,0.54843,0.62878,-0.10727,-0.13526,-0.079127,0.0090712,-0.058987,-0.018158,-0.16836,-0.20014,-0.27393,-0.004175,0.24754,0.2409,-0.17898,0.061097,-0.43941,-0.40996,-0.1193,0.18944,0.050984,0.18605,0.29206,0.3821,0.15145,-0.24323,0.0036434,-0.1363,0.28704,0.34841,0.11205,0.038153,0.43002,0.56685,0.40336,0.24603
-0.24114,-0.11511,-0.12734,-0.094967,0.10115,0.14164,-0.20324,-0.049978,0.095161,0.14371,0.21094,0.15586,0.062963,0.22671,0.15534,0.33597,0.50744,0.11284,-0.23255,-0.21029,0.75405,0.75893,-0.13982,0.04737,0.043688,0.02267,-0.023568,0.08977,0.59365,0.63858,-0.062219,-0.12479,-0.50963,-0.38412,-0.033032,0.21748,0.53756,0.079727,0.77108,0.22305,1,0.75178,-0.173,-0.045708,-0.19494,-0.13783,-0.014646,0.069688,-0.086581,-0.13541,0.033651,-0.16195,-0.14174,-0.19569,0.41637,0.10625,-0.1679,-0.18534,-0.31852,-0.22954,-0.20086,-0.31207,0.11664,-0.03758,-0.13926,-0.22831,-0.24902,-0.17792,-0.095746,-0.20854,-0.089831,0.00038685,0.13649,0.16599,0.18298,0.16033,0.54169,0.49534,0.53548,0.38832,0.70831,0.33037,0.60071,0.84835,0.26993,0.13417,0.20016,0.10243,0.18401,-0.014439
-0.1927,-0.11322,-0.074329,-0.14618,0.13843,0.20116,-0.13882,-0.1126,0.17778,0.20882,0.23538,0.085264,0.14584,0.11039,0.21702,0.27623,0.35253,0.031609,-0.17388,-0.136,0.52398,0.67701,-0.058906,0.075452,0.025871,-0.080857,0.0055712,0.12,0.48841,0.44426,-0.28835,-0.38773,-0.50833,-0.35377,0.00063115,0.38543,0.67881,0.47246,0.83456,0.576,0.75178,1,-0.087,-0.056723,-0.18555,-0.19693,0.15042,0.18574,-0.090833,-0.06732,-0.013073,-0.13226,-0.10763,-0.15788,0.55473,0.38211,-0.15925,-0.16504,-0.20551,-0.059827,-0.087713,-0.18016,0.005931,-0.11135,-0.17767,-0.21288,-0.068713,-0.02998,-0.097612,-0.081429,-0.27036,-0.21404,0.0035552,0.1553,0.13565,0.1528,0.55944,0.52987,0.37289,0.19339,0.55496,0.18574,0.63476,0.82823,0.27397,0.10793,0.24642,0.293,0.28742,0.096291
0.093841,0.14669,0.13768,0.21426,-0.23048,-0.14842,0.12666,0.041365,-0.1664,-0.26452,-0.4146,-0.52514,-0.35995,-0.48164,-0.23955,-0.3547,-0.58028,-0.24132,0.13261,0.10321,-0.41453,-0.17558,0.20958,0.073814,-0.058224,-0.093244,0.035559,-0.14667,-0.50753,-0.50041,-0.37793,-0.37185,-0.25292,-0.24173,-0.04013,0.35398,0.14072,0.19302,-0.0044943,0.086399,-0.173,-0.087,1,0.6413,0.56952,0.47203,0.76194,0.64191,0.65456,0.50383,0.52716,0.53257,0.50266,0.39685,0.33034,0.21822,0.05847,0.1791,0.1526,0.28039,-0.050336,0.16536,-0.39846,-0.32969,0.030158,0.27182,0.47488,0.37281,0.11159,0.21153,-0.11869,-0.16615,-0.14825,-0.19497,-0.1914,-0.20822,0.016568,0.10446,-0.40447,-0.44446,-0.44452,-0.43591,0.0096552,-0.060537,0.18132,0.26022,0.076993,-0.030568,0.14097,0.22988
0.015775,0.055978,-0.0075997,0.2002,-0.32686,-0.20732,0.11558,0.045737,-0.31786,-0.39329,-0.52049,-0.47838,-0.54283,-0.57752,-0.35028,-0.41968,-0.31506,-0.070333,0.1266,0.054019,-0.10171,0.0017534,-0.034812,-0.041868,0.12926,0.093747,0.18035,0.044659,-0.37095,-0.088355,-0.099964,-0.0492,-0.14891,-0.15692,-0.27646,0.046552,-0.044657,-0.052146,-0.031902,-0.16129,-0.045708,-0.056723,0.6413,1,0.48645,0.68626,0.3844,0.53318,0.74147,0.66662,0.61299,0.58061,0.37812,0.23294,0.12462,-0.013345,0.043524,0.25298,0.18272,0.20061,-0.04524,0.062977,-0.16939,-0.17858,0.0055679,0.18074,0.07457,0.078045,0.050166,-0.0017615,0.189,0.051367,-0.048032,-0.19933,-0.13589,-0.33028,-0.030584,0.046439,-0.27597,0.011544,-0.069673,-0.081848,0.15701,0.095567,0.19622,0.32395,-0.097576,-0.20507,-0.080038,0.067771
0.32973,-0.080085,0.34634,0.45345,-0.13246,-0.11195,0.22588,0.018603,-0.11955,-0.21597,-0.22117,-0.47059,-0.29342,-0.44052,-0.2308,-0.29414,-0.52474,-0.44044,0.14004,0.15668,-0.3293,-0.20095,0.38288,0.26501,0.092038,0.092371,-0.036169,-0.04172,-0.45016,-0.38047,-0.067733,0.048077,-0.092381,-0.078719,0.049901,0.2016,-0.044418,0.044398,-0.095427,-0.052126,-0.19494,-0.18555,0.56952,0.48645,1,0.7879,0.31052,0.21049,0.74154,0.39806,0.22826,0.47619,0.058348,0.088547,0.073572,-0.045066,-0.19283,0.017684,-0.060918,0.045024,-0.37298,0.0027668,-0.46967,-0.57584,0.4062,0.56579,0.41386,0.38709,-0.10358,-0.039803,0.10107,0.043879,-0.17905,-0.16803,-0.17947,-0.25782,0.023798,0.076542,-0.44495,-0.25304,-0.33729,-0.35694,-0.081703,-0.072183,0.37757,0.51415,-0.014904,-0.08134,-0.050286,0.11649
0.13794,-0.17775,0.19265,0.41992,-0.09688,-0.083727,0.18948,-0.00060631,-0.10192,-0.20595,-0.3487,-0.42931,-0.38943,-0.50988,-0.21799,-0.3673,-0.34685,-0.2912,0.01822,0.043243,-0.17041,-0.17559,0.24285,0.24094,0.32417,0.25718,0.08985,0.044911,-0.41587,-0.13773,0.17681,0.21502,0.019529,-0.021063,0.0017808,0.00019965,-0.23752,-0.20163,-0.20554,-0.22206,-0.13783,-0.19693,0.47203,0.68626,0.7879,1,0.12723,0.23612,0.83282,0.5367,0.35654,0.59522,0.071424,0.14031,-0.052952,-0.087969,-0.22348,-0.038246,0.018344,0.023139,-0.22836,-0.019118,-0.25186,-0.3876,0.39614,0.54987,0.22807,0.34108,-0.13305,-0.15513,0.23572,0.12874,-0.15842,-0.23588,-0.19944,-0.33138,-0.047311,-0.0058453,-0.37884,0.019963,-0.15961,-0.15126,-0.059677,-0.046124,0.23342,0.50818,-0.10223,-0.14063,-0.075886,0.16316
0.11496,0.22485,0.12214,0.12263,-0.18831,-0.028495,0.13297,0.086142,-0.06732,-0.10922,-0.28379,-0.3815,-0.12386,-0.36639,-0.070947,-0.15788,-0.50213,-0.26979,0.1906,0.1924,-0.31061,0.10067,0.18085,0.031664,-0.21182,-0.11156,-0.023729,-0.13873,-0.3197,-0.43036,-0.69295,-0.6014,-0.45821,-0.36759,-0.12355,0.59747,0.44676,0.40023,0.27733,0.30003,-0.014646,0.15042,0.76194,0.3844,0.31052,0.12723,1,0.80138,0.35949,0.36724,0.38397,0.3065,0.59552,0.33176,0.51236,0.3416,0.11824,0.20689,0.20145,0.41785,-0.006195,0.27578,-0.43331,-0.26902,-0.072026,0.1284,0.55364,0.39624,0.21559,0.39459,-0.24905,-0.2162,0.0017465,0.13398,-0.062872,0.093107,0.12012,0.26115,-0.25311,-0.55316,-0.3467,-0.47312,0.21339,0.17558,0.29063,0.26507,0.14794,0.039421,0.25905,0.21033
-0.014203,0.052406,0.061811,0.078661,-0.087454,-0.031684,0.13015,0.10073,-0.030531,-0.10527,-0.41703,-0.40874,-0.22583,-0.49863,-0.071455,-0.24532,-0.39017,-0.23195,0.15799,0.13565,-0.1289,0.23727,0.14846,0.066982,0.090397,0.098951,0.2572,0.052749,-0.28912,-0.21615,-0.44431,-0.43389,-0.37082,-0.3518,-0.11715,0.43131,0.28604,0.098939,0.18707,0.1609,0.069688,0.18574,0.64191,0.53318,0.21049,0.23612,0.80138,1,0.41396,0.5764,0.55529,0.50043,0.62285,0.5549,0.40899,0.40908,0.0013516,0.12415,0.23763,0.44044,0.035901,0.24654,-0.34249,-0.2008,-0.015369,0.064308,0.32647,0.21862,0.23686,0.28539,-0.056698,-0.02394,0.048702,0.049894,-0.0043778,0.043627,0.11027,0.17495,-0.23195,-0.3398,-0.18246,-0.3259,0.31224,0.28434,0.30052,0.23013,0.06055,-0.0044671,0.30014,0.39306
0.1394,0.049286,0.19444,0.43145,-0.25612,-0.27167,0.28211,0.1537,-0.25942,-0.36624,-0.45333,-0.47552,-0.42033,-0.57118,-0.37325,-0.48631,-0.40356,-0.21545,0.10832,0.12633,-0.24915,-0.13928,0.18469,0.15182,0.12688,0.010582,0.14656,-0.11203,-0.45606,-0.18056,-0.073206,-0.056247,-0.15255,-0.15089,-0.11834,0.16385,-0.077893,-0.069911,-0.0693,-0.088946,-0.086581,-0.090833,0.65456,0.74147,0.74154,0.83282,0.35949,0.41396,1,0.66254,0.56802,0.70999,0.24315,0.26215,0.12946,0.016385,-0.089176,0.16389,0.22277,0.25753,-0.08401,0.14483,-0.27785,-0.30128,0.24536,0.45354,0.28784,0.32345,0.023256,0.022293,0.034202,-0.10397,-0.24283,-0.30362,-0.23389,-0.42086,0.011566,0.054866,-0.4015,-0.10357,-0.19416,-0.20145,0.021327,0.071414,0.17328,0.40457,-0.091082,-0.15268,-0.076358,0.13738
0.15445,0.14206,0.10425,0.16442,-0.25168,-0.31159,0.20256,0.20943,-0.30229,-0.40116,-0.46187,-0.35922,-0.48023,-0.54286,-0.37505,-0.49346,-0.31693,-0.083481,0.29918,0.17954,-0.15561,-0.097807,0.0968,-0.00053292,0.14076,-0.014979,0.45538,0.029157,-0.36499,-0.13622,-0.085992,-0.15272,-0.1288,-0.15108,-0.22235,0.0043192,-0.078663,-0.14782,-0.073309,-0.16032,-0.13541,-0.06732,0.50383,0.66662,0.39806,0.5367,0.36724,0.5764,0.66254,1,0.79339,0.82834,0.53022,0.57428,0.19592,0.19392,0.049524,0.32939,0.40101,0.54185,0.053231,0.26442,-0.20395,-0.11385,0.12428,0.12007,0.049025,-0.079714,0.25437,0.16099,0.12344,-0.026709,-0.067998,-0.36286,-0.11757,-0.31179,-0.083644,-0.10815,-0.35926,-0.01597,-0.13974,-0.072401,0.19247,0.090064,0.237,0.17327,-0.13434,-0.15025,0.0051124,0.21647
-0.0095264,0.1567,0.047267,0.12907,-0.24969,-0.31391,0.1138,0.20588,-0.30641,-0.37145,-0.41378,-0.3082,-0.52321,-0.45527,-0.39008,-0.42741,-0.2001,-0.0070563,0.13651,0.020107,-0.020439,-0.012626,0.047062,0.0068267,0.087425,-0.051952,0.3913,-0.041645,-0.2973,-0.019158,-0.045784,-0.16379,-0.24243,-0.30442,-0.17813,0.027048,-0.033137,-0.17547,0.004374,-0.24738,0.033651,-0.013073,0.52716,0.61299,0.22826,0.35654,0.38397,0.55529,0.56802,0.79339,1,0.73362,0.655,0.61422,0.28769,0.15607,0.020833,0.27488,0.27506,0.42286,0.081473,0.20587,-0.1327,-0.014573,0.085064,-0.013141,-0.099257,-0.21335,0.25093,0.04806,0.073656,-0.025303,-0.036204,-0.34634,-0.058474,-0.3287,0.034563,-0.033101,-0.25606,0.039951,-0.027418,0.054883,0.23053,0.15243,0.2723,0.24088,-0.085777,-0.22424,0.080672,0.21107
