1,0.71163,0.58953,0.56377,-0.35214,-0.26252,0.52194,0.38642,-0.014484,-0.18818,0.17145,0.06834,0.12657,0.078364,-0.12902,-0.12721,0.19815,-0.24299,0.76783,0.47639,-0.093355,-0.083598,0.42962,0.55582,-0.18746,-0.33012,-0.13053,-0.088309,-0.024728,-0.04379,-0.12468,-0.13652,0.0040891,-0.17299,-0.21221,0.11427,0.090768,-0.14778,0.092925,0.050314,0.062149,-0.018004,0.09928,0.048217,0.13471,0.17182,0.068194,0.097237,0.22072,0.045766,0.15006,0.095317,-0.19149,-0.10854,0.072569,0.042959,0.76875,0.35019,0.52713,0.32022,0.62357,0.26696,-0.058887,-0.001358,0.25234,0.08864,0.15413,0.012018,0.56693,0.30779,-0.12394,-0.026846,0.057209,0.032883,0.095782,0.0050626,0.095617,-0.049815,0.094062,0.084383,0.024572,-0.15968,0.090533,0.06203,0.18038,-0.010313,0.17945,-0.056988,0.056842,-0.097586
0.71163,1,0.39116,0.61665,-0.2866,-0.14185,0.27445,0.40092,-0.069866,-0.068687,-0.26309,0.055525,-0.23747,0.020924,-0.077803,0.042281,0.046305,0.01546,0.59276,0.49812,0.10006,0.1079,0.18739,0.51319,-0.25302,-0.10925,0.034616,0.12811,0.071885,0.13684,-0.037382,0.078507,-0.084886,-0.1167,-0.25324,-0.096749,0.12284,-0.042753,0.11606,0.077839,0.13685,0.10215,-0.20026,-0.21221,-0.13211,-0.035721,-0.20861,-0.20519,-0.070735,-0.076676,-0.16981,-0.1173,-0.20803,-0.26971,0.16041,-0.025586,0.79607,0.75212,0.55306,0.51082,0.52373,0.52132,-0.11471,0.27416,0.065152,0.087725,0.32046,-0.010365,0.74148,0.29132,-0.032531,-0.062515,0.10378,0.025853,-0.066236,-0.15755,-0.034649,-0.050785,0.29449,0.34494,0.11574,0.17543,0.14513,0.18798,0.071789,0.047148,0.19488,0.097432,-0.040829,-0.01259
0.58953,0.39116,1,0.81041,-0.38342,-0.28003,0.86002,0.59861,-0.27847,-0.22654,0.1954,-0.12129,0.070906,0.097322,-0.15525,-0.075679,-0.091201,-0.40779,0.69711,0.50631,-0.35552,-0.32141,0.8331,0.86139,-0.23187,-0.36302,-0.1332,-0.23834,-0.33393,-0.32948,0.047356,0.099233,-0.0018307,-0.029243,0.15485,0.34519,-0.21035,-0.33363,-0.12511,-0.14142,-0.044839,-0.20448,0.14065,0.3149,0.35735,0.34976,0.095977,0.20111,0.38737,0.19928,0.41831,0.36325,-0.3065,-0.011891,-0.19212,-0.034008,0.43983,0.09409,0.40278,0.29982,0.41773,0.2567,-0.35614,-0.098465,0.40181,0.18471,0.18989,0.26107,0.39772,0.3182,-0.21807,-0.087709,-0.28009,-0.30376,-0.119,-0.16459,-0.20943,-0.22343,-0.17,-0.21687,-0.37611,-0.34631,0.058707,-0.093243,0.095991,0.28406,0.063036,0.020648,0.026931,-0.029063
0.56377,0.61665,0.81041,1,-0.43989,-0.16352,0.64825,0.7912,-0.3123,-0.093628,-0.078433,0.0456,-0.1651,0.20886,-0.18298,0.11307,-0.095926,-0.30797,0.64931,0.57415,-0.24738,-0.23331,0.65974,0.90317,-0.35349,-0.34191,-0.14096,-0.14038,-0.25811,-0.073032,0.023413,0.19557,-0.1456,-0.082213,0.017845,0.28335,-0.25869,-0.3473,-0.15393,-0.12348,0.0093343,-0.15216,-0.012008,0.16936,0.20463,0.37131,-0.078744,0.064913,0.187,0.22628,0.20045,0.3318,-0.29412,-0.082031,-0.18919,-0.051207,0.53585,0.35322,0.39808,0.47604,0.39269,0.46544,-0.39938,0.18535,0.24196,0.29632,0.23653,0.34384,0.49999,0.30904,-0.28404,-0.19766,-0.27941,-0.32294,-0.2139,-0.25612,-0.30736,-0.22157,-0.062533,-0.045869,-0.21155,-0.050776,0.13153,0.090106,-0.034815,0.42099,0.14961,0.21192,-0.066089,0.11966
-0.35214,-0.2866,-0.38342,-0.43989,1,0.80633,-0.22649,-0.42931,0.41786,0.61821,0.05008,-0.12598,0.16973,-0.043514,0.65094,0.30515,-0.12979,0.12057,-0.36242,-0.37372,0.42153,0.36194,-0.28695,-0.43135,0.59809,0.78294,0.37509,0.478,0.26143,0.076398,0.22089,0.11477,-0.020049,0.030405,-0.026721,-0.14865,0.22373,0.2018,0.11837,0.093533,-0.0064536,0.11914,-0.072785,-0.20767,-0.43601,-0.44139,-0.049296,-0.11951,-0.37052,-0.42523,-0.23215,-0.46387,0.064423,-0.23954,0.24486,0.046902,-0.2373,-0.12647,-0.21872,-0.24728,-0.2123,-0.21142,0.19572,-0.066499,-0.17633,-0.33795,-0.14173,-0.2796,-0.20705,-0.16058,0.2854,0.12383,0.25715,0.216,0.19877,0.246,0.034956,-0.014525,-0.079102,-0.013953,0.097963,0.00010623,0.0382,0.045953,-0.11911,-0.27668,0.24657,0.21033,0.13161,0.089588
-0.26252,-0.14185,-0.28003,-0.16352,0.80633,1,-0.15517,-0.10164,0.28146,0.83715,-0.057339,-0.0055158,0.10638,0.1274,0.55518,0.58936,-0.10554,0.0481,-0.27098,-0.18815,0.38004,0.33023,-0.24665,-0.25996,0.39643,0.6678,0.30877,0.53099,0.24643,0.18627,0.1172,0.11231,0.010984,0.063526,-0.095695,-0.070977,0.18436,0.14438,0.11213,0.14691,0.068454,0.13674,-0.17794,-0.30676,-0.38902,-0.37261,-0.11288,-0.14232,-0.35338,-0.3317,-0.27843,-0.39164,0.029252,-0.29873,0.17272,0.08104,-0.19964,-0.028967,-0.18321,-0.11919,-0.098374,-0.049095,0.096559,0.15192,-0.1026,-0.097945,-0.15272,-0.22824,-0.092949,-0.081983,0.12219,-0.0008945,0.20837,0.16961,0.24918,0.30028,0.017318,-0.0099269,-0.040788,-0.031449,0.16665,0.19468,0.18112,0.25974,-0.13283,-0.08177,0.35741,0.36113,0.085248,0.26113
0.52194,0.27445,0.86002,0.64825,-0.22649,-0.15517,1,0.55811,-0.32659,-0.2453,0.29696,-0.0028094,0.31041,0.11445,-0.1277,-0.012714,0.013815,-0.40994,0.57322,0.43771,-0.27682,-0.24266,0.61482,0.6438,-0.24727,-0.25707,-0.12978,-0.21241,-0.15059,-0.15743,0.048587,0.075951,0.038285,0.031601,0.12433,0.14917,-0.17933,-0.36168,-0.11371,-0.13906,-0.025614,-0.11263,0.058491,0.13133,0.29127,0.16112,0.049862,0.097923,0.32782,0.16348,0.28355,0.24458,-0.19601,-0.036135,-0.17235,-0.076892,0.31118,-0.038248,0.43676,0.30899,0.48581,0.24673,-0.050102,0.044409,0.39824,0.20632,0.21781,0.11766,0.265,0.18634,-0.20824,-0.056396,-0.12207,-0.18631,-0.044446,-0.069028,-0.19914,-0.27643,-0.19602,-0.23054,-0.24105,-0.31734,0.054056,-0.078363,0.0044301,0.013992,0.07698,-0.049832,0.012907,-0.13673
0.38642,0.40092,0.59861,0.7912,-0.42931,-0.10164,0.55811,1,-0.30734,-0.04547,-0.0070796,0.40191,0.097989,0.52355,-0.22153,0.20256,-0.080319,-0.43659,0.44235,0.53425,-0.42256,-0.45271,0.36249,0.59557,-0.48039,-0.46099,-0.22358,-0.2858,-0.29476,-0.017154,-0.30026,-0.12611,-0.12895,-0.015189,-0.07907,0.11021,-0.20317,-0.33468,-0.14075,-0.11765,0.098378,-0.2233,-0.034843,-0.033653,0.35059,0.37514,-0.10715,-0.041401,0.36338,0.46697,0.18747,0.48455,0.051544,0.13247,-0.19027,-0.10223,0.1757,0.13347,0.41359,0.54028,0.50203,0.58788,-0.1065,0.55041,0.34232,0.68312,0.2729,0.31323,0.22838,0.17763,-0.40642,-0.298,-0.3325,-0.33314,-0.12104,-0.0301,-0.25648,-0.17154,-0.20569,-0.29167,-0.20916,0.042962,0.19936,0.1113,-0.078204,0.39992,0.19034,0.15983,-0.0080085,0.25635
-0.014484,-0.069866,-0.27847,-0.3123,0.41786,0.28146,-0.32659,-0.30734,1,0.45292,0.051662,-0.082117,0.014418,-0.12343,0.56076,0.018764,-0.031942,0.12391,-0.17184,-0.22345,0.22082,0.14911,-0.11064,-0.33481,0.57312,0.26894,0.29683,0.32216,0.13353,-0.018908,0.066094,-0.029296,0.042246,0.092629,0.07744,0.11526,0.27337,0.15925,0.1435,0.074768,-0.0081322,-0.046222,0.10937,-0.0067307,-0.25142,-0.14893,-0.025225,-0.052357,-0.093388,-0.30637,0.070186,-0.25925,0.039064,-0.16354,0.21078,-0.020742,0.025231,0.001762,-0.084049,-0.20034,-0.0091112,-0.13017,0.091419,-0.099375,0.097651,-0.18997,-0.14415,-0.20048,-0.0013618,-0.024777,0.23922,0.15222,0.22697,0.2623,0.33029,0.27649,0.13781,0.096312,-0.014016,0.085575,0.04981,0.046104,-0.069412,-0.048998,0.046457,0.0068204,0.032901,-0.10197,0.12202,0.087154
-0.18818,-0.068687,-0.22654,-0.093628,0.61821,0.83715,-0.2453,-0.04547,0.45292,1,-0.16122,-0.14104,-0.092076,0.035019,0.57842,0.546,-0.2337,0.019012,-0.22442,-0.17318,0.33362,0.27795,-0.13079,-0.19508,0.53356,0.54258,0.40806,0.56195,0.12325,0.035731,0.069738,0.064716,0.02621,0.049345,0.023582,0.15063,0.16591,0.13739,0.086901,0.13366,0.077117,0.033859,-0.013231,-0.13601,-0.28563,-0.20082,-0.085888,-0.074489,-0.21235,-0.30532,-0.12525,-0.29784,0.00056184,-0.30457,0.16483,0.0575,-0.094046,0.052765,-0.17633,-0.16711,-0.069136,-0.037181,-0.12747,0.05269,-0.00061597,-0.077301,-0.19764,-0.15046,0.0319,0.00679,0.1979,0.097102,0.22125,0.24312,0.32773,0.36615,0.084097,0.057396,-0.0055923,-0.02244,0.050796,0.21669,0.15918,0.22987,-0.0040449,0.21148,0.29921,0.28747,0.10231,0.35884
0.17145,-0.26309,0.1954,-0.078433,0.05008,-0.057339,0.29696,-0.0070796,0.051662,-0.16122,1,0.37585,0.79057,0.46173,0.0045504,-0.044885,0.48639,-0.14332,0.074236,-0.24632,-0.26387,-0.28651,0.18214,-0.012469,0.026527,-0.23781,-0.37324,-0.36907,0.10134,0.098557,-0.00071629,-0.18565,-0.033487,-0.14917,-0.014539,0.24639,-0.11981,-0.31413,-0.1779,-0.2077,-0.20283,-0.088502,0.085939,0.10046,0.14698,0.066909,-0.069981,-0.034109,0.26953,-0.025398,0.39138,0.055956,-0.15791,-0.030207,-0.32707,-0.24868,-0.19064,-0.51332,-0.17721,-0.26534,0.14127,-0.30482,0.33692,-0.11065,0.41123,0.027283,-0.40497,-0.24509,-0.29757,-0.31919,-0.27763,-0.12126,-0.072188,-0.035005,0.13405,0.088104,-0.068534,-0.38636,-0.22466,-0.15433,0.038647,-0.054314,-0.18107,-0.15196,0.080358,-0.1082,-0.043101,-0.098411,0.082771,-0.25949
0.06834,0.055525,-0.12129,0.0456,-0.12598,-0.0055158,-0.0028094,0.40191,-0.082117,-0.14104,0.37585,1,0.53625,0.81965,-0.21908,0.15784,0.39023,-0.015425,-0.070633,0.079373,-0.28674,-0.34577,-0.33089,-0.12984,-0.45128,-0.35558,-0.38471,-0.33005,0.10491,0.44899,-0.372,-0.34077,-0.11913,-0.046958,-0.38235,-0.17582,-0.07584,-0.21413,-0.12071,-0.12516,0.0080392,-0.093471,-0.27255,-0.39815,0.092923,-0.02228,-0.2635,-0.28865,0.13903,0.26716,-0.067669,0.12094,0.18933,0.078173,-0.22701,-0.20193,-0.20226,-0.11316,0.14692,0.26869,0.33072,0.28874,0.57779,0.6823,0.1457,0.5734,0.020837,-0.11546,-0.18604,-0.22792,-0.44865,-0.35649,-0.16273,-0.14746,-0.085175,0.038145,-0.12529,-0.19903,-0.1149,-0.031643,0.27989,0.4014,-0.0015284,0.10497,-0.30469,-0.15349,0.036623,-0.027522,-0.047335,0.053971
0.12657,-0.23747,0.070906,-0.1651,0.16973,0.10638,0.31041,0.097989,0.014418,-0.092076,0.79057,0.53625,1,0.54983,0.11669,0.075484,0.3596,-0.22468,0.015106,-0.098455,-0.24415,-0.28299,-0.052314,-0.16182,-0.10967,-0.12648,-0.27673,-0.25815,0.10379,0.066119,-0.27355,-0.40865,-0.080697,-0.14568,-0.19801,0.014968,0.085038,-0.13908,0.016666,-0.0092856,-0.004467,0.00080515,0.02527,-0.094142,0.2547,0.0057075,0.02274,-0.023876,0.41615,0.12389,0.31662,0.12497,0.1657,0.092445,-0.137,-0.079952,-0.30313,-0.48111,0.017555,-0.084085,0.31894,-0.12595,0.54389,0.149,0.44908,0.27063,-0.20796,-0.18954,-0.34994,-0.27614,-0.33346,-0.2229,-0.06376,-0.046705,0.12882,0.22285,0.058789,-0.16225,-0.25556,-0.29488,0.065477,-0.10553,0.021316,-0.033442,0.015744,-0.24464,0.10365,-0.081178,0.18296,-0.10564
0.078364,0.020924,0.097322,0.20886,-0.043514,0.1274,0.11445,0.52355,-0.12343,0.035019,0.46173,0.81965,0.54983,1,-0.057018,0.34896,0.28192,-0.25133,-0.010857,0.0341,-0.38805,-0.45195,-0.058729,0.073565,-0.36666,-0.29182,-0.37674,-0.32728,-0.049051,0.26133,-0.32376,-0.28381,-0.17303,-0.13381,-0.29477,-0.029729,-0.16543,-0.32748,-0.20895,-0.18541,-0.04211,-0.21389,-0.086587,-0.21174,0.24638,0.12781,-0.19746,-0.17797,0.22848,0.3023,0.075262,0.26278,0.13213,0.14986,-0.34349,-0.21608,-0.21734,-0.17378,0.072921,0.18283,0.27949,0.2653,0.33249,0.54237,0.20067,0.50305,-0.072886,-0.033602,-0.21298,-0.22255,-0.48129,-0.37871,-0.28605,-0.27191,-0.08481,0.052763,-0.19699,-0.2876,-0.21831,-0.19551,0.089188,0.30373,0.073985,0.11818,-0.17688,0.10577,0.16048,0.18832,-0.030916,0.15684
-0.12902,-0.077803,-0.15525,-0.18298,0.65094,0.55518,-0.1277,-0.22153,0.56076,0.57842,0.0045504,-0.21908,0.11669,-0.057018,1,0.42423,-0.16939,-0.071106,-0.129,-0.1523,0.34832,0.24706,-0.027067,-0.15937,0.43555,0.53947,0.33376,0.43128,0.1174,-0.054158,0.099934,0.035637,-0.10473,-0.044305,0.032855,-0.038653,0.27768,0.19571,0.20357,0.19461,0.08782,0.01374,0.022861,-0.029793,-0.13371,-0.12697,0.040636,-0.0046049,-0.11933,-0.20288,-0.048552,-0.23302,0.18294,-0.089172,0.35884,0.15024,-0.094083,-0.064665,-0.086573,-0.10174,-0.13557,-0.14567,0.017555,-0.11561,-0.0027707,-0.23116,-0.099793,-0.031615,-0.12698,-0.025409,0.17595,-0.0052503,0.16912,0.19223,0.20326,0.24741,0.11318,0.092912,-0.055476,-0.13608,0.001658,-0.09587,0.21032,0.13876,0.16193,0.02311,0.4576,0.34506,0.40905,0.34187
-0.12721,0.042281,-0.075679,0.11307,0.30515,0.58936,-0.012714,0.20256,0.018764,0.546,-0.044885,0.15784,0.075484,0.34896,0.42423,1,-0.017076,-0.27288,-0.16634,-0.029737,0.30587,0.25341,-0.16228,0.0053112,0.035287,0.30704,0.1196,0.45327,0.40846,0.36688,-0.021807,0.060093,-0.21992,-0.15699,-0.051677,-0.10102,0.091659,-0.13513,0.11858,0.21442,0.30466,0.041416,-0.22023,-0.22509,-0.055692,-0.12791,-0.19155,-0.11627,-0.14307,-0.044639,-0.17586,-0.1104,0.13939,-0.11427,0.013978,0.048436,-0.20047,-0.038145,0.065544,0.14534,0.046294,0.1753,0.037203,0.33721,0.015198,0.15161,-0.014406,-0.1948,-0.055294,-0.13876,-0.11616,-0.15372,0.17675,0.068407,0.15961,0.22497,-0.047462,-0.15046,0.14587,-0.062321,0.40112,0.37362,0.49398,0.65257,0.18109,0.27495,0.46029,0.39064,0.15545,0.40264
0.19815,0.046305,-0.091201,-0.095926,-0.12979,-0.10554,0.013815,-0.080319,-0.031942,-0.2337,0.48639,0.39023,0.3596,0.28192,-0.16939,-0.017076,1,0.19886,-0.010436,-0.058342,-0.046162,-0.019022,-0.19128,-0.10245,-0.3231,-0.26188,-0.32415,-0.29482,0.33024,0.53796,0.046327,0.0053238,0.068308,-0.056555,-0.26108,-0.17801,0.011219,-0.13018,-0.062551,-0.076429,-0.049567,0.15744,-0.15632,-0.25479,-0.10441,-0.19867,-0.23642,-0.27869,-0.18598,-0.11006,-0.22548,-0.22576,-0.077064,-0.10815,-0.21346,-0.21907,0.092996,-0.085015,0.0063833,-0.04447,0.072166,-0.097137,0.44285,0.12386,-0.11544,-0.04023,-0.16756,-0.36846,-0.03175,-0.22703,-0.18127,-0.017768,0.29953,0.29014,0.22477,0.077232,0.085406,-0.14899,0.28344,0.31425,0.47653,0.36641,-0.07175,0.077307,-0.021827,-0.3426,-0.058904,-0.097573,-0.22627,-0.3401
-0.24299,0.01546,-0.40779,-0.30797,0.12057,0.0481,-0.40994,-0.43659,0.12391,0.019012,-0.14332,-0.015425,-0.22468,-0.25133,-0.071106,-0.27288,0.19886,1,-0.31495,-0.23892,0.20966,0.23972,-0.37083,-0.29063,-0.021764,0.18107,0.061795,0.081639,0.14777,0.24428,0.26891,0.26217,0.21063,0.19145,-0.10169,-0.14722,0.067676,0.26472,0.029815,0.00079498,-0.1002,0.30995,-0.27067,-0.27231,-0.47319,-0.40929,-0.22152,-0.34631,-0.4929,-0.46471,-0.40257,-0.54569,-0.23974,-0.35417,0.05143,-0.10323,0.12652,0.29512,-0.31157,-0.25187,-0.367,-0.18744,0.11812,-0.089711,-0.29116,-0.37052,-0.20758,-0.2709,0.060292,-0.070293,0.19421,0.099701,0.14866,0.18469,-0.13631,-0.19614,0.020082,0.10364,0.26003,0.42492,0.19949,0.32422,-0.22384,-0.069284,-0.25361,-0.32277,-0.24345,-0.098712,-0.26809,-0.25922
0.76783,0.59276,0.69711,0.64931,-0.36242,-0.27098,0.57322,0.44235,-0.17184,-0.22442,0.074236,-0.070633,0.015106,-0.010857,-0.129,-0.16634,-0.010436,-0.31495,1,0.63797,-0.22795,-0.22281,0.5895,0.65576,-0.22182,-0.32371,-0.10897,-0.16316,-0.20094,-0.24098,-0.10243,-0.078744,0.040109,-0.055375,-0.076533,0.16217,-0.013641,-0.10454,0.050857,-0.020328,-0.043176,-0.17128,0.10214,0.16537,0.22646,0.27608,0.15063,0.20165,0.30644,0.19985,0.27753,0.26876,-0.22617,-0.013224,0.095508,0.10774,0.57589,0.22794,0.43309,0.3265,0.48065,0.20029,-0.27382,-0.072653,0.33218,0.15816,0.21023,0.23692,0.51602,0.41379,-0.22664,-0.19163,-0.15818,-0.15167,-0.012116,-0.063446,-0.015212,-0.077058,-0.088038,-0.15418,-0.24335,-0.33741,0.06592,-0.094346,0.12647,0.099439,0.21581,0.067918,0.19855,0.048563
0.47639,0.49812,0.50631,0.57415,-0.37372,-0.18815,0.43771,0.53425,-0.22345,-0.17318,-0.24632,0.079373,-0.098455,0.0341,-0.1523,-0.029737,-0.058342,-0.23892,0.63797,1,-0.26298,-0.24292,0.32264,0.48872,-0.44474,-0.31504,0.0044349,-0.14221,-0.219,-0.042302,-0.24134,-0.11078,0.17188,0.25496,-0.17846,-0.10588,-0.0098355,-0.026818,0.040619,0.011739,0.065865,-0.12429,-0.16809,-0.14791,0.1708,0.18556,0.026708,0.049361,0.19007,0.3514,0.00024818,0.23253,-0.019767,0.059255,0.020422,0.06294,0.35587,0.36061,0.54978,0.57399,0.41954,0.44585,-0.10371,0.26471,0.11836,0.38704,0.52106,0.37913,0.46592,0.62229,-0.19928,-0.18209,-0.068238,-0.001547,-0.0047072,-0.0012232,0.094798,0.23157,-0.028554,-0.072077,-0.1243,-0.08411,0.1383,-0.00040414,-0.064139,0.021202,0.126,-0.00063533,0.040751,0.14084
-0.093355,0.10006,-0.35552,-0.24738,0.42153,0.38004,-0.27682,-0.42256,0.22082,0.33362,-0.26387,-0.28674,-0.24415,-0.38805,0.34832,0.30587,-0.046162,0.20966,-0.22795,-0.26298,1,0.95494,-0.30062,-0.19472,0.39792,0.67307,0.15453,0.7187,0.72086,0.35627,0.43886,0.39735,-0.20825,-0.21763,-0.12634,-0.14152,0.24822,0.056175,0.37338,0.32449,0.20824,0.38041,-0.30345,-0.20487,-0.56335,-0.38554,-0.24308,-0.10242,-0.53182,-0.5511,-0.46495,-0.59943,-0.21963,-0.47899,0.20393,0.01502,0.1389,0.23136,-0.0557,-0.072078,-0.17059,-0.13578,0.04994,-0.12852,-0.29903,-0.43595,-0.1128,-0.3232,0.15139,-0.11518,0.45362,0.33891,0.58037,0.3474,0.15442,-0.027442,0.1768,0.033479,0.5116,0.42809,0.57,0.23427,0.13166,0.43292,0.10247,-0.12682,0.021262,-0.13441,-0.14956,-0.24206
-0.083598,0.1079,-0.32141,-0.23331,0.36194,0.33023,-0.24266,-0.45271,0.14911,0.27795,-0.28651,-0.34577,-0.28299,-0.45195,0.24706,0.25341,-0.019022,0.23972,-0.22281,-0.24292,0.95494,1,-0.27845,-0.15474,0.3762,0.66163,0.16822,0.68659,0.73119,0.38643,0.51728,0.47617,-0.16433,-0.18335,-0.12733,-0.1183,0.16669,0.047067,0.26857,0.23263,0.12496,0.42275,-0.31639,-0.2106,-0.56247,-0.40901,-0.26512,-0.13593,-0.5388,-0.57035,-0.46019,-0.61682,-0.30013,-0.52074,0.12097,-0.054128,0.19241,0.23733,-0.048673,-0.10557,-0.18175,-0.17521,0.0088163,-0.18663,-0.3168,-0.48047,-0.1013,-0.34531,0.19214,-0.090923,0.5143,0.42962,0.62794,0.3831,0.15681,-0.086784,0.16697,0.037324,0.54778,0.48113,0.5739,0.24104,0.039991,0.3587,0.07952,-0.16664,-0.080164,-0.14316,-0.23109,-0.32615
0.42962,0.18739,0.8331,0.65974,-0.28695,-0.24665,0.61482,0.36249,-0.11064,-0.13079,0.18214,-0.33089,-0.052314,-0.058729,-0.027067,-0.16228,-0.19128,-0.37083,0.5895,0.32264,-0.30062,-0.27845,1,0.79996,0.045695,-0.28288,-0.13267,-0.19972,-0.41027,-0.49637,0.18139,0.20531,-0.012393,-0.032868,0.29516,0.58844,-0.21249,-0.23357,-0.11086,-0.1127,-0.11996,-0.17608,0.32446,0.57796,0.2734,0.46736,0.21321,0.40328,0.33916,0.07963,0.57453,0.36329,-0.40093,0.0085151,-0.19307,0.025772,0.31461,-0.035026,0.013277,-0.049701,0.081809,-0.085694,-0.55816,-0.41523,0.35447,-0.09599,-0.10958,0.41627,0.18074,0.2858,-0.08342,0.0054359,-0.29899,-0.2831,-0.052139,-0.13988,-0.1248,-0.088431,-0.24922,-0.22766,-0.49765,-0.48778,0.012629,-0.17845,0.19271,0.44881,0.067575,0.10891,0.10105,0.024011
0.55582,0.51319,0.86139,0.90317,-0.43135,-0.25996,0.6438,0.59557,-0.33481,-0.19508,-0.012469,-0.12984,-0.16182,0.073565,-0.15937,0.0053112,-0.10245,-0.29063,0.65576,0.48872,-0.19472,-0.15474,0.79996,1,-0.30025,-0.30294,-0.14953,-0.12641,-0.2615,-0.20592,0.16327,0.28786,-0.14189,-0.15739,0.069534,0.37131,-0.24983,-0.30463,-0.12248,-0.089007,-0.0038094,-0.10018,0.047738,0.32195,0.25592,0.42557,0.021685,0.19224,0.21517,0.17814,0.273,0.34069,-0.40117,-0.071933,-0.16369,0.011022,0.55379,0.25737,0.31537,0.32932,0.26476,0.26395,-0.49758,-0.096027,0.20537,0.12063,0.12515,0.36916,0.45479,0.30474,-0.19691,-0.10963,-0.287,-0.35576,-0.24485,-0.35148,-0.28738,-0.20296,-0.033996,-0.080951,-0.25006,-0.23537,0.12019,0.034841,0.072475,0.42977,0.12358,0.19692,-0.024849,0.056378
-0.18746,-0.25302,-0.23187,-0.35349,0.59809,0.39643,-0.24727,-0.48039,0.57312,0.53356,0.026527,-0.45128,-0.10967,-0.36666,0.43555,0.035287,-0.3231,-0.021764,-0.22182,-0.44474,0.39792,0.3762,0.045695,-0.30025,1,0.58001,0.39612,0.46992,0.16531,-0.18009,0.28576,0.10696,-0.024552,-0.056784,0.26212,0.30532,0.090727,0.055485,0.018782,-0.0080033,-0.091365,-0.020094,0.22264,0.22379,-0.33354,-0.15442,0.024445,0.1127,-0.12558,-0.45157,0.18683,-0.31254,-0.14707,-0.26694,0.11726,-0.037961,-0.10854,-0.11492,-0.29338,-0.42105,-0.2398,-0.3779,-0.15334,-0.43762,0.016698,-0.47425,-0.25736,-0.15291,-0.08089,-0.054492,0.50299,0.38892,0.25238,0.23178,0.29199,0.21169,0.11888,0.0065466,-0.079071,0.10998,-0.057888,-0.13882,-0.15799,-0.10475,0.11475,0.059284,-0.035535,-0.056951,0.11774,-0.036073
-0.33012,-0.10925,-0.36302,-0.34191,0.78294,0.6678,-0.25707,-0.46099,0.26894,0.54258,-0.23781,-0.35558,-0.12648,-0.29182,0.53947,0.30704,-0.26188,0.18107,-0.32371,-0.31504,0.67307,0.66163,-0.28288,-0.30294,0.58001,1,0.42674,0.60639,0.41619,0.10351,0.46691,0.38021,-0.091111,-0.029803,-0.010784,-0.13756,0.14459,0.11299,0.10646,0.076864,0.030984,0.16253,-0.19896,-0.16302,-0.53651,-0.46589,-0.15909,-0.14136,-0.5037,-0.51306,-0.35326,-0.54928,-0.13291,-0.36969,0.17485,-0.045226,-0.077931,0.13387,-0.15918,-0.16871,-0.27598,-0.15187,0.018973,-0.14267,-0.27866,-0.43832,-0.048794,-0.24983,0.038678,-0.04958,0.50548,0.28166,0.38701,0.19695,0.017305,-0.027402,0.016076,0.00097984,0.15579,0.18478,0.14922,0.088483,-0.01218,0.079093,-0.11096,-0.22351,0.044911,0.10806,-0.083053,-0.093169
-0.13053,0.034616,-0.1332,-0.14096,0.37509,0.30877,-0.12978,-0.22358,0.29683,0.40806,-0.37324,-0.38471,-0.27673,-0.37674,0.33376,0.1196,-0.32415,0.061795,-0.10897,0.0044349,0.15453,0.16822,-0.13267,-0.14953,0.39612,0.42674,1,0.51722,-0.054641,-0.21636,-0.010906,0.066683,0.11884,0.15936,0.28214,0.0059753,0.35391,0.36093,0.20124,0.24134,0.23922,0.12214,0.043897,0.011741,-0.14803,-0.12051,0.11866,0.014786,-0.1193,-0.20166,-0.071111,-0.20993,0.10847,-0.15053,0.41667,0.23715,0.099074,0.16664,0.093016,-0.023839,0.019982,0.050825,-0.10516,-0.091824,-0.10185,-0.17696,0.2011,-0.0068752,0.27978,0.11482,0.27751,0.12425,0.22253,0.2486,0.16878,0.19404,0.13516,0.1804,0.10173,0.057298,-0.17838,-0.10109,0.18274,0.052997,0.13169,0.011893,0.20242,0.14831,0.18956,0.2154
-0.088309,0.12811,-0.23834,-0.14038,0.478,0.53099,-0.21241,-0.2858,0.32216,0.56195,-0.36907,-0.33005,-0.25815,-0.32728,0.43128,0.45327,-0.29482,0.081639,-0.16316,-0.14221,0.7187,0.68659,-0.19972,-0.12641,0.46992,0.60639,0.51722,1,0.46623,0.111,0.12943,0.19083,-0.070636,-0.092225,0.087376,-0.012752,0.34582,0.18247,0.39918,0.46743,0.30056,0.35711,-0.10557,-0.064299,-0.32571,-0.18925,-0.055661,0.051315,-0.28317,-0.39444,-0.20829,-0.37628,-0.084085,-0.38948,0.3097,0.24803,0.13559,0.23716,0.036262,-0.053387,-0.015007,-0.012843,-0.1357,-0.084751,-0.15217,-0.26465,0.015178,-0.18019,0.22991,-0.027482,0.27652,0.15791,0.43193,0.33309,0.24305,0.16341,0.23243,0.11978,0.42301,0.2801,0.33708,0.092851,0.38656,0.55358,0.25012,0.13426,0.25594,0.1471,0.039058,0.10776
-0.024728,0.071885,-0.33393,-0.25811,0.26143,0.24643,-0.15059,-0.29476,0.13353,0.12325,0.10134,0.10491,0.10379,-0.049051,0.1174,0.40846,0.33024,0.14777,-0.20094,-0.219,0.72086,0.73119,-0.41027,-0.2615,0.16531,0.41619,-0.054641,0.46623,1,0.69433,0.35196,0.27622,-0.1938,-0.20523,-0.19697,-0.20103,0.11822,-0.16835,0.16204,0.12105,0.10678,0.31412,-0.39409,-0.35558,-0.47142,-0.43378,-0.41775,-0.29249,-0.40452,-0.44399,-0.3697,-0.53405,-0.19552,-0.44713,-0.091535,-0.25533,0.021218,0.073619,0.04413,-0.0068045,0.053427,-0.058607,0.31996,0.11519,-0.10045,-0.19871,-0.12461,-0.51187,0.043997,-0.27061,0.22307,0.22567,0.65914,0.37225,0.23243,-0.015163,0.1503,-0.16258,0.5412,0.48656,0.81421,0.48326,0.079984,0.43647,0.077745,-0.22659,-0.072165,-0.19911,-0.23867,-0.37294
-0.04379,0.13684,-0.32948,-0.073032,0.076398,0.18627,-0.15743,-0.017154,-0.018908,0.035731,0.098557,0.44899,0.066119,0.26133,-0.054158,0.36688,0.53796,0.24428,-0.24098,-0.042302,0.35627,0.38643,-0.49637,-0.20592,-0.18009,0.10351,-0.21636,0.111,0.69433,1,0.24669,0.24518,-0.063954,-0.026485,-0.3462,-0.30258,-0.19596,-0.2772,-0.20252,-0.18837,-0.12479,0.13206,-0.46617,-0.56247,-0.37112,-0.39693,-0.55689,-0.51684,-0.43859,-0.19701,-0.53302,-0.40476,-0.12744,-0.32671,-0.29467,-0.38845,0.033996,0.13749,0.069644,0.18086,0.025037,0.11638,0.39939,0.41578,-0.28603,0.019309,-0.0078427,-0.4115,0.040217,-0.21758,-0.027755,0.052006,0.44644,0.30786,0.08869,-0.095274,-0.084236,-0.27497,0.3656,0.51761,0.773,0.75036,-0.11125,0.30521,-0.29864,-0.27951,-0.090222,0.014313,-0.35599,-0.24574
-0.12468,-0.037382,0.047356,0.023413,0.22089,0.1172,0.048587,-0.30026,0.066094,0.069738,-0.00071629,-0.372,-0.27355,-0.32376,0.099934,-0.021807,0.046327,0.26891,-0.10243,-0.24134,0.43886,0.51728,0.18139,0.16327,0.28576,0.46691,-0.010906,0.12943,0.35196,0.24669,1,0.89653,0.0086959,0.075848,0.15224,0.18416,-0.40975,-0.35589,-0.31137,-0.40872,-0.33708,-0.011504,-0.25618,-0.029373,-0.51016,-0.34628,-0.41476,-0.27149,-0.49873,-0.54975,-0.22147,-0.45801,-0.64587,-0.5068,-0.28411,-0.47746,0.18001,0.10539,-0.20724,-0.19675,-0.32645,-0.26058,-0.18293,-0.32776,-0.20645,-0.53367,-0.18663,-0.18425,0.13988,0.024223,0.53405,0.50158,0.26141,-0.01492,-0.16878,-0.50463,-0.34081,-0.35174,0.10703,0.32256,0.10104,0.14659,-0.39026,-0.22345,-0.31898,-0.10924,-0.29977,-0.050101,-0.35531,-0.42348
-0.13652,0.078507,0.099233,0.19557,0.11477,0.11231,0.075951,-0.12611,-0.029296,0.064716,-0.18565,-0.34077,-0.40865,-0.28381,0.035637,0.060093,0.0053238,0.26217,-0.078744,-0.11078,0.39735,0.47617,0.20531,0.28786,0.10696,0.38021,0.066683,0.19083,0.27622,0.24518,0.89653,1,0.02741,0.15052,0.18507,0.15663,-0.3507,-0.28666,-0.24355,-0.3071,-0.21929,0.090188,-0.27156,-0.028266,-0.45662,-0.25852,-0.43077,-0.27586,-0.50977,-0.46932,-0.27515,-0.39494,-0.61122,-0.50472,-0.27625,-0.41663,0.241,0.19712,-0.15392,-0.10899,-0.28257,-0.12532,-0.26467,-0.1712,-0.23055,-0.44117,-0.086824,-0.11164,0.22027,0.0074689,0.39959,0.37945,0.23323,-0.022409,-0.16774,-0.46646,-0.38148,-0.30018,0.22133,0.35323,0.08529,0.20886,-0.24011,-0.087454,-0.28862,0.0435,-0.23208,0.031605,-0.40422,-0.33731
0.0040891,-0.084886,-0.0018307,-0.1456,-0.020049,0.010984,0.038285,-0.12895,0.042246,0.02621,-0.033487,-0.11913,-0.080697,-0.17303,-0.10473,-0.21992,0.068308,0.21063,0.040109,0.17188,-0.20825,-0.16433,-0.012393,-0.14189,-0.024552,-0.091111,0.11884,-0.070636,-0.1938,-0.063954,0.0086959,0.02741,1,0.82944,0.16301,-0.077754,0.01189,0.16367,-0.084925,-0.094066,-0.1517,0.036659,8.9783e-005,-0.10735,-0.07307,-0.20293,-0.0054885,-0.080987,-0.12876,-0.071127,-0.12348,-0.16374,-0.12742,-0.15928,-0.073523,-0.090467,0.034229,0.0049911,-0.010175,-0.19345,-0.027185,-0.10682,-0.038016,-0.084139,-0.13296,-0.085381,0.16095,-0.15951,0.13813,0.32107,0.031056,0.13355,0.11581,0.29474,0.28926,0.25936,0.12838,0.16062,0.030727,0.045371,-0.15308,-0.045646,-0.14559,-0.21054,-0.1447,-0.24665,-0.13264,-0.069267,-0.10187,-0.11409
-0.17299,-0.1167,-0.029243,-0.082213,0.030405,0.063526,0.031601,-0.015189,0.092629,0.049345,-0.14917,-0.046958,-0.14568,-0.13381,-0.044305,-0.15699,-0.056555,0.19145,-0.055375,0.25496,-0.21763,-0.18335,-0.032868,-0.15739,-0.056784,-0.029803,0.15936,-0.092225,-0.20523,-0.026485,0.075848,0.15052,0.82944,1,0.22193,-0.094038,-0.082079,0.12343,-0.17506,-0.21289,-0.19413,-0.064471,-0.14982,-0.19037,-0.19523,-0.25006,-0.12525,-0.19079,-0.21442,-0.069896,-0.15854,-0.18634,-0.073528,-0.16856,-0.11752,-0.21246,-0.076981,0.058309,0.017198,-0.061109,-0.048758,0.057812,0.012383,0.1206,-0.10552,0.040188,0.27996,-0.071819,0.089767,0.3224,0.046192,0.090008,0.039674,0.18923,0.17232,0.15921,0.0063535,0.17032,-0.050872,0.027309,-0.20429,0.034298,-0.21312,-0.28963,-0.28898,-0.21073,-0.20515,-0.069216,-0.14112,-0.045719
-0.21221,-0.25324,0.15485,0.017845,-0.026721,-0.095695,0.12433,-0.07907,0.07744,0.023582,-0.014539,-0.38235,-0.19801,-0.29477,0.032855,-0.051677,-0.26108,-0.10169,-0.076533,-0.17846,-0.12634,-0.12733,0.29516,0.069534,0.26212,-0.010784,0.28214,0.087376,-0.19697,-0.3462,0.15224,0.18507,0.16301,0.22193,1,0.42292,-0.06592,-0.027784,-0.053309,-0.0074315,-0.011732,-0.11403,0.2244,0.40322,0.055762,0.11038,0.095931,0.18208,0.046539,-0.12323,0.34366,0.082013,-0.069903,-0.05971,-0.025552,-0.0018328,-0.16105,-0.20293,-0.18496,-0.25305,-0.1616,-0.16356,-0.25229,-0.25386,0.12773,-0.16839,0.014046,0.11151,-0.099849,-0.07483,0.068761,0.12789,-0.14778,-0.14088,0.0045724,0.0094332,-0.11756,-0.10866,-0.090753,-0.1221,-0.32825,-0.21418,0.046347,-0.12025,0.11656,0.31828,-0.025013,0.034415,0.06993,0.07255
0.11427,-0.096749,0.34519,0.28335,-0.14865,-0.070977,0.14917,0.11021,0.11526,0.15063,0.24639,-0.17582,0.014968,-0.029729,-0.038653,-0.10102,-0.17801,-0.14722,0.16217,-0.10588,-0.14152,-0.1183,0.58844,0.37131,0.30532,-0.13756,0.0059753,-0.012752,-0.20103,-0.30258,0.18416,0.15663,-0.077754,-0.094038,0.42292,1,-0.17744,-0.19668,-0.13948,-0.079528,-0.13155,-0.056886,0.35997,0.58876,0.17545,0.46128,0.13229,0.34813,0.3156,-0.057876,0.65207,0.2466,-0.38809,-0.21384,-0.28872,-0.046365,0.054486,-0.16654,-0.30509,-0.34013,-0.024029,-0.27514,-0.45258,-0.3727,0.39771,-0.057387,-0.40748,0.23562,0.014142,-0.079816,-0.062686,0.050408,-0.20653,-0.20588,0.027767,-0.086513,-0.11071,-0.14619,-0.10363,-0.061467,-0.29435,-0.18775,-0.087109,-0.10746,0.12649,0.53672,-0.097458,0.044424,0.017759,-0.0078939
0.090768,0.12284,-0.21035,-0.25869,0.22373,0.18436,-0.17933,-0.20317,0.27337,0.16591,-0.11981,-0.07584,0.085038,-0.16543,0.27768,0.091659,0.011219,0.067676,-0.013641,-0.0098355,0.24822,0.16669,-0.21249,-0.24983,0.090727,0.14459,0.35391,0.34582,0.11822,-0.19596,-0.40975,-0.3507,0.01189,-0.082079,-0.06592,-0.17744,1,0.67907,0.86391,0.84301,0.67167,0.52264,0.074632,-0.032356,-0.09631,-0.11295,0.34096,0.22247,-0.028225,-0.17241,-0.063094,-0.1996,0.29258,0.031447,0.68177,0.59409,0.059795,0.074082,0.052997,-0.065754,0.12867,-0.01593,0.17208,-0.0010855,0.057271,-0.088262,-0.056437,-0.17743,0.054393,-0.11476,-0.06537,-0.12837,0.28566,0.32346,0.38487,0.5071,0.4736,0.32117,0.27428,-0.016019,0.1141,-0.11727,0.60802,0.44714,0.5134,-0.067968,0.45947,-0.031012,0.35515,0.17069
-0.14778,-0.042753,-0.33363,-0.3473,0.2018,0.14438,-0.36168,-0.33468,0.15925,0.13739,-0.31413,-0.21413,-0.13908,-0.32748,0.19571,-0.13513,-0.13018,0.26472,-0.10454,-0.026818,0.056175,0.047067,-0.23357,-0.30463,0.055485,0.11299,0.36093,0.18247,-0.16835,-0.2772,-0.35589,-0.28666,0.16367,0.12343,-0.027784,-0.19668,0.67907,1,0.52217,0.55437,0.23756,0.50413,0.043848,-0.021929,-0.087892,-0.1309,0.37707,0.158,-0.061069,-0.10962,-0.087883,-0.15877,0.32557,0.11764,0.63254,0.57453,-0.018087,0.054794,-0.15548,-0.21651,-0.13092,-0.18058,0.032281,-0.11641,-0.06267,-0.14904,-0.05429,-0.0099251,-0.096039,-0.010124,-0.041236,-0.12709,0.10034,0.29239,0.21673,0.39676,0.36578,0.47042,0.11456,-0.063955,-0.12511,-0.16839,0.23017,0.074296,0.27338,-0.13514,0.25785,0.19769,0.35579,0.31556
0.092925,0.11606,-0.12511,-0.15393,0.11837,0.11213,-0.11371,-0.14075,0.1435,0.086901,-0.1779,-0.12071,0.016666,-0.20895,0.20357,0.11858,-0.062551,0.029815,0.050857,0.040619,0.37338,0.26857,-0.11086,-0.12248,0.018782,0.10646,0.20124,0.39918,0.16204,-0.20252,-0.31137,-0.24355,-0.084925,-0.17506,-0.053309,-0.13948,0.86391,0.52217,1,0.92037,0.70526,0.51525,0.033638,0.03638,-0.071767,-0.018066,0.30522,0.30164,-0.0032378,-0.14672,-0.037418,-0.12426,0.19391,0.028143,0.60393,0.60407,0.051964,0.072193,0.020892,-0.036309,0.074834,-0.044061,0.077041,-0.071586,0.054968,-0.099557,-0.0791,-0.064379,0.030911,-0.055945,-0.066324,-0.13113,0.19455,0.18483,0.24256,0.35562,0.4145,0.28978,0.29241,-0.031997,0.14098,-0.16988,0.66677,0.56009,0.51535,0.056426,0.40966,-0.14199,0.31056,0.12421
0.050314,0.077839,-0.14142,-0.12348,0.093533,0.14691,-0.13906,-0.11765,0.074768,0.13366,-0.2077,-0.12516,-0.0092856,-0.18541,0.19461,0.21442,-0.076429,0.00079498,-0.020328,0.011739,0.32449,0.23263,-0.1127,-0.089007,-0.0080033,0.076864,0.24134,0.46743,0.12105,-0.18837,-0.40872,-0.3071,-0.094066,-0.21289,-0.0074315,-0.079528,0.84301,0.55437,0.92037,1,0.77675,0.56666,0.11259,0.12823,0.033373,0.095829,0.39903,0.40822,0.032066,-0.063221,-0.00068998,-0.031698,0.23938,0.073766,0.56563,0.72561,0.026873,0.043313,-0.012825,-0.05548,0.016374,-0.05826,-0.011354,-0.091039,-0.011813,-0.071707,-0.082003,0.0056022,-0.0026818,-0.081861,-0.16715,-0.19656,0.15864,0.20959,0.2338,0.39067,0.44029,0.3199,0.31969,-0.033476,0.15516,-0.17519,0.78362,0.6932,0.57267,0.15233,0.48308,0.032755,0.31005,0.23202
0.062149,0.13685,-0.044839,0.0093343,-0.0064536,0.068454,-0.025614,0.098378,-0.0081322,0.077117,-0.20283,0.0080392,-0.004467,-0.04211,0.08782,0.30466,-0.049567,-0.1002,-0.043176,0.065865,0.20824,0.12496,-0.11996,-0.0038094,-0.091365,0.030984,0.23922,0.30056,0.10678,-0.12479,-0.33708,-0.21929,-0.1517,-0.19413,-0.011732,-0.13155,0.67167,0.23756,0.70526,0.77675,1,0.36818,0.019771,0.018466,0.065097,0.087612,0.20691,0.22527,0.046476,0.037992,-0.035912,0.02388,0.24278,0.099345,0.41428,0.48327,-0.001449,0.078864,0.15665,0.16041,0.10156,0.16157,0.019981,0.12885,-0.0031812,0.11404,0.093015,-0.0049056,0.10504,-0.027367,-0.090983,-0.12189,0.086593,0.065058,0.099601,0.23608,0.26291,0.16704,0.20256,-0.065095,0.1395,-0.072088,0.84117,0.7059,0.4649,0.17909,0.44769,-0.017366,0.20358,0.20788
-0.018004,0.10215,-0.20448,-0.15216,0.11914,0.13674,-0.11263,-0.2233,-0.046222,0.033859,-0.088502,-0.093471,0.00080515,-0.21389,0.01374,0.041416,0.15744,0.30995,-0.17128,-0.12429,0.38041,0.42275,-0.17608,-0.10018,-0.020094,0.16253,0.12214,0.35711,0.31412,0.13206,-0.011504,0.090188,0.036659,-0.064471,-0.11403,-0.056886,0.52264,0.50413,0.51525,0.56666,0.36818,1,-0.12718,-0.076155,-0.23869,-0.15908,-0.025447,-0.038301,-0.21623,-0.33475,-0.17366,-0.33855,-0.12231,-0.31169,0.20276,0.23228,0.14062,0.10405,-0.18214,-0.24451,-0.027047,-0.18624,0.080829,-0.049766,-0.041818,-0.23168,-0.2489,-0.23015,0.033516,-0.2456,0.021314,0.10156,0.44642,0.44255,0.29226,0.2084,0.26504,0.19805,0.50428,0.33318,0.29003,0.12968,0.32839,0.42036,0.38676,-0.07709,0.09723,0.074066,-0.093217,-0.20588
0.09928,-0.20026,0.14065,-0.012008,-0.072785,-0.17794,0.058491,-0.034843,0.10937,-0.013231,0.085939,-0.27255,0.02527,-0.086587,0.022861,-0.22023,-0.15632,-0.27067,0.10214,-0.16809,-0.30345,-0.31639,0.32446,0.047738,0.22264,-0.19896,0.043897,-0.10557,-0.39409,-0.46617,-0.25618,-0.27156,8.9783e-005,-0.14982,0.2244,0.35997,0.074632,0.043848,0.033638,0.11259,0.019771,-0.12718,1,0.76796,0.55658,0.51648,0.68157,0.68383,0.41463,0.27187,0.48522,0.50698,0.22395,0.42065,-0.025985,0.36026,0.00054248,-0.29479,-0.19645,-0.35582,-0.11943,-0.22408,-0.41094,-0.44252,0.035445,-0.16777,-0.226,0.20138,-0.13808,-0.16503,-0.20077,-0.15684,-0.13739,-0.031602,0.17671,0.28432,0.11786,0.047988,-0.12601,-0.24585,-0.38616,-0.44906,0.088344,-0.080135,0.2874,0.32479,0.030921,0.018099,0.041466,0.077825
0.048217,-0.21221,0.3149,0.16936,-0.20767,-0.30676,0.13133,-0.033653,-0.0067307,-0.13601,0.10046,-0.39815,-0.094142,-0.21174,-0.029793,-0.22509,-0.25479,-0.27231,0.16537,-0.14791,-0.20487,-0.2106,0.57796,0.32195,0.22379,-0.16302,0.011741,-0.064299,-0.35558,-0.56247,-0.029373,-0.028266,-0.10735,-0.19037,0.40322,0.58876,-0.032356,-0.021929,0.03638,0.12823,0.018466,-0.076155,0.76796,1,0.45285,0.65449,0.59067,0.77562,0.36473,0.19653,0.63009,0.51993,-0.086739,0.26691,-0.12004,0.34165,0.012475,-0.30014,-0.2733,-0.36563,-0.23911,-0.31197,-0.59779,-0.61208,0.10249,-0.20507,-0.27999,0.3325,-0.10518,-0.11673,-0.20345,-0.1612,-0.25771,-0.184,-0.025544,0.030459,-0.029044,-0.036598,-0.038384,-0.21358,-0.42022,-0.53431,0.075555,-0.068886,0.36502,0.50705,-0.071267,0.022416,0.061628,0.019892
0.13471,-0.13211,0.35735,0.20463,-0.43601,-0.38902,0.29127,0.35059,-0.25142,-0.28563,0.14698,0.092923,0.2547,0.24638,-0.13371,-0.055692,-0.10441,-0.47319,0.22646,0.1708,-0.56335,-0.56247,0.2734,0.25592,-0.33354,-0.53651,-0.14803,-0.32571,-0.47142,-0.37112,-0.51016,-0.45662,-0.07307,-0.19523,0.055762,0.17545,-0.09631,-0.087892,-0.071767,0.033373,0.065097,-0.23869,0.55658,0.45285,1,0.72502,0.4836,0.46559,0.81891,0.80464,0.52829,0.85112,0.38852,0.62594,-0.12757,0.28653,-0.11689,-0.35303,0.19311,0.13808,0.22788,0.086497,-0.17926,-0.045314,0.30094,0.44733,0.12518,0.43448,-0.12421,0.0084955,-0.47684,-0.38957,-0.45577,-0.32767,-0.11812,0.060808,-0.0093067,0.015472,-0.25218,-0.4906,-0.36413,-0.40746,0.18724,-0.02243,0.19211,0.31522,0.083589,0.07456,0.17841,0.24309
0.17182,-0.035721,0.34976,0.37131,-0.44139,-0.37261,0.16112,0.37514,-0.14893,-0.20082,0.066909,-0.02228,0.0057075,0.12781,-0.12697,-0.12791,-0.19867,-0.40929,0.27608,0.18556,-0.38554,-0.40901,0.46736,0.42557,-0.15442,-0.46589,-0.12051,-0.18925,-0.43378,-0.39693,-0.34628,-0.25852,-0.20293,-0.25006,0.11038,0.46128,-0.11295,-0.1309,-0.018066,0.095829,0.087612,-0.15908,0.51648,0.65449,0.72502,1,0.41554,0.59228,0.6362,0.69154,0.59792,0.81251,0.089873,0.42455,-0.17028,0.27755,0.024622,-0.18965,0.0015508,0.076628,0.085049,0.010331,-0.43654,-0.20088,0.21109,0.31608,-0.0067495,0.69678,-0.038433,0.079515,-0.40458,-0.34948,-0.41906,-0.29277,-0.098877,-0.041294,0.049021,0.10278,-0.14281,-0.3098,-0.32848,-0.43017,0.19354,0.037274,0.25129,0.56546,0.063921,0.11464,0.11142,0.22011
0.068194,-0.20861,0.095977,-0.078744,-0.049296,-0.11288,0.049862,-0.10715,-0.025225,-0.085888,-0.069981,-0.2635,0.02274,-0.19746,0.040636,-0.19155,-0.23642,-0.22152,0.15063,0.026708,-0.24308,-0.26512,0.21321,0.021685,0.024445,-0.15909,0.11866,-0.055661,-0.41775,-0.55689,-0.41476,-0.43077,-0.0054885,-0.12525,0.095931,0.13229,0.34096,0.37707,0.30522,0.39903,0.20691,-0.025447,0.68157,0.59067,0.4836,0.41554,1,0.85401,0.34304,0.32252,0.30069,0.45604,0.35094,0.54485,0.33736,0.78912,-0.047649,-0.2534,-0.10949,-0.20024,-0.12018,-0.20338,-0.28894,-0.42628,-0.064843,-0.078837,-0.10879,0.33396,-0.18248,-0.0083826,-0.28371,-0.32281,-0.24097,-0.10671,0.065292,0.29353,0.21392,0.23923,-0.15263,-0.38286,-0.33088,-0.57791,0.26861,0.018499,0.27127,0.084113,0.20075,0.077252,0.29145,0.27914
0.097237,-0.20519,0.20111,0.064913,-0.11951,-0.14232,0.097923,-0.041401,-0.052357,-0.074489,-0.034109,-0.28865,-0.023876,-0.17797,-0.0046049,-0.11627,-0.27869,-0.34631,0.20165,0.049361,-0.10242,-0.13593,0.40328,0.19224,0.1127,-0.14136,0.014786,0.051315,-0.29249,-0.51684,-0.27149,-0.27586,-0.080987,-0.19079,0.18208,0.34813,0.22247,0.158,0.30164,0.40822,0.22527,-0.038301,0.68383,0.77562,0.46559,0.59228,0.85401,1,0.36543,0.31706,0.42633,0.52487,0.12462,0.43022,0.10785,0.68681,-0.042985,-0.26893,-0.13058,-0.19528,-0.17282,-0.24893,-0.4287,-0.52183,-0.045915,-0.10908,-0.14598,0.44082,-0.14674,0.028473,-0.27739,-0.26582,-0.22338,-0.15253,0.061001,0.20648,0.22297,0.19124,-0.074209,-0.29475,-0.23945,-0.57435,0.30295,0.14284,0.30286,0.29011,0.13755,-0.0073,0.16877,0.18681
0.22072,-0.070735,0.38737,0.187,-0.37052,-0.35338,0.32782,0.36338,-0.093388,-0.21235,0.26953,0.13903,0.41615,0.22848,-0.11933,-0.14307,-0.18598,-0.4929,0.30644,0.19007,-0.53182,-0.5388,0.33916,0.21517,-0.12558,-0.5037,-0.1193,-0.28317,-0.40452,-0.43859,-0.49873,-0.50977,-0.12876,-0.21442,0.046539,0.3156,-0.028225,-0.061069,-0.0032378,0.032066,0.046476,-0.21623,0.41463,0.36473,0.81891,0.6362,0.34304,0.36543,1,0.6269,0.7599,0.76066,0.30136,0.46978,-0.06333,0.18186,-0.12385,-0.32263,0.21563,0.12111,0.41203,0.051911,-0.098563,-0.032137,0.63008,0.49882,0.069502,0.42921,-0.12402,0.079512,-0.36421,-0.27431,-0.44817,-0.33826,-0.067879,0.069632,0.048494,0.0241,-0.3793,-0.49318,-0.4117,-0.42824,0.10516,-0.1157,0.21622,0.32093,0.058854,-0.043196,0.34592,0.22977
0.045766,-0.076676,0.19928,0.22628,-0.42523,-0.3317,0.16348,0.46697,-0.30637,-0.30532,-0.025398,0.26716,0.12389,0.3023,-0.20288,-0.044639,-0.11006,-0.46471,0.19985,0.3514,-0.5511,-0.57035,0.07963,0.17814,-0.45157,-0.51306,-0.20166,-0.39444,-0.44399,-0.19701,-0.54975,-0.46932,-0.071127,-0.069896,-0.12323,-0.057876,-0.17241,-0.10962,-0.14672,-0.063221,0.037992,-0.33475,0.27187,0.19653,0.80464,0.69154,0.32252,0.31706,0.6269,1,0.28646,0.85621,0.44579,0.67581,-0.089968,0.22239,-0.16641,-0.20361,0.31721,0.44055,0.24505,0.32746,-0.057139,0.24294,0.11243,0.68279,0.36731,0.55302,-0.085828,0.15753,-0.50927,-0.47766,-0.49686,-0.35636,-0.20015,-0.025476,-0.087063,0.082432,-0.28982,-0.45203,-0.25195,-0.28236,0.1203,-0.069776,-0.02505,0.17106,0.070955,0.078118,0.14534,0.31777
0.15006,-0.16981,0.41831,0.20045,-0.23215,-0.27843,0.28355,0.18747,0.070186,-0.12525,0.39138,-0.067669,0.31662,0.075262,-0.048552,-0.17586,-0.22548,-0.40257,0.27753,0.00024818,-0.46495,-0.46019,0.57453,0.273,0.18683,-0.35326,-0.071111,-0.20829,-0.3697,-0.53302,-0.22147,-0.27515,-0.12348,-0.15854,0.34366,0.65207,-0.063094,-0.087883,-0.037418,-0.00068998,-0.035912,-0.17366,0.48522,0.63009,0.52829,0.59792,0.30069,0.42633,0.7599,0.28646,1,0.58912,-0.011516,0.21622,-0.16126,0.10185,-0.12934,-0.37826,-0.087983,-0.19929,0.17398,-0.18713,-0.30376,-0.30794,0.66278,0.19242,-0.1841,0.3341,-0.17236,-0.027482,-0.27353,-0.1824,-0.417,-0.31035,-0.0034161,0.046436,-0.0072697,-0.066222,-0.34796,-0.38057,-0.49374,-0.48802,0.02436,-0.177,0.3158,0.50475,-0.032909,-0.01777,0.30658,0.15901
