1,0.80272,0.75697,0.70367,0.1752,0.13112,0.80144,0.74465,0.077638,0.2387,0.18752,0.23773,0.22177,0.18017,0.20179,0.030327,-0.3473,-0.12409,-0.41136,-0.55648,0.39605,0.41308,0.53653,0.40982,0.19214,0.12465,0.43814,0.53439,-0.4707,-0.50687,-0.021471,0.040667,0.085261,0.24624,0.13417,0.0098636,0.065124,-0.032104,0.026907,0.23593,-0.16793,-0.12384,-0.17843,-0.22093,0.38765,0.41721,-0.27427,-0.071412,0.591,0.68322,0.29322,0.43648,-0.1299,-0.40297,-0.017419,0.2811,0.76705,0.78018,0.82015,0.82951,0.80816,0.76,0.42644,0.63207,0.66778,0.71745,0.79002,0.62662,0.10077,0.63555,-0.52059,-0.4376,-0.34489,-0.45985,0.10396,-0.11597,-0.45976,-0.58865,-0.013842,-0.10946,-0.35452,-0.47397,-0.19756,-0.27172,-0.20833,-0.33077,0.5827,0.52088,0.6527,0.58932
0.80272,1,0.59813,0.66036,0.16097,0.30335,0.4955,0.7191,0.03504,0.27076,-0.15427,0.31124,-0.14365,0.28385,0.23081,0.22982,-0.38221,0.087618,-0.43254,-0.41805,0.43516,0.45235,0.45479,0.4155,0.11907,0.096423,0.40494,0.53983,-0.36978,-0.27039,-0.044258,0.054752,0.23135,0.36322,-0.17021,-0.23167,-0.011483,-0.048291,-0.02204,0.25429,-0.15983,-0.16795,-0.27304,-0.32991,0.27264,0.25979,-0.314,-0.08752,0.3314,0.63434,-0.045463,0.31356,-0.0071296,-0.31346,0.02199,0.37663,0.89394,0.94817,0.8993,0.92123,0.85951,0.85048,0.45825,0.71519,0.38361,0.59543,0.75838,0.58634,0.35943,0.79705,-0.59172,-0.52263,-0.35859,-0.39657,0.12231,-0.038366,-0.4735,-0.53993,0.099311,0.092811,-0.079723,-0.14618,0.013582,0.015721,-0.17762,-0.30501,0.65322,0.44529,0.59124,0.65062
0.75697,0.59813,1,0.82384,0.38252,0.36688,0.83313,0.67337,0.33164,0.40104,0.012879,-0.065825,0.14748,0.045163,0.38754,0.22253,-0.53581,-0.39766,-0.25638,-0.46255,0.34696,0.36524,0.81897,0.65146,0.38928,0.34202,0.59464,0.58321,-0.50632,-0.5401,0.065497,0.034641,0.1303,0.3045,0.29693,0.19659,-0.04573,-0.11705,0.041899,0.25785,-0.14402,-0.25101,-0.092586,-0.2583,0.25924,0.34254,-0.11106,0.0058175,0.45291,0.45262,0.27779,0.24851,-0.012607,-0.26123,0.19444,0.3408,0.50179,0.57536,0.57925,0.66333,0.50887,0.50464,0.096903,0.36863,0.64829,0.61717,0.75191,0.59231,0.16056,0.52909,-0.36625,-0.24913,-0.21898,-0.36345,0.26018,0.078499,-0.33744,-0.46418,-0.34379,-0.28899,-0.45984,-0.55648,-0.011244,-0.13926,-0.15686,-0.33697,0.59759,0.33574,0.6296,0.46844
0.70367,0.66036,0.82384,1,0.19689,0.36809,0.69456,0.83119,0.22455,0.39967,-0.062924,0.18087,-0.012086,0.30612,0.27038,0.28796,-0.51487,-0.34191,-0.357,-0.45577,0.35501,0.37014,0.72807,0.73426,0.24147,0.27988,0.49966,0.56628,-0.48938,-0.45882,0.010174,0.086479,0.016947,0.24902,0.19347,0.20053,-0.031455,-0.092299,0.030137,0.22107,-0.14134,-0.26728,-0.23314,-0.29653,0.1394,0.25997,-0.16649,-0.04401,0.39298,0.36772,0.22796,0.22604,-0.064449,-0.34571,0.13083,0.29045,0.501,0.57748,0.59659,0.65985,0.50568,0.55772,0.12097,0.44529,0.61087,0.75764,0.71428,0.57682,0.1942,0.55022,-0.42336,-0.21599,-0.26544,-0.38012,0.14356,0.03542,-0.33516,-0.44469,-0.2673,-0.26461,-0.41687,-0.45658,-0.040855,-0.16347,-0.16704,-0.1588,0.54201,0.37452,0.58768,0.51945
0.1752,0.16097,0.38252,0.19689,1,0.70213,0.22233,0.012513,0.75247,0.80032,-0.11062,-0.26589,-0.018136,-0.20764,0.83262,0.64695,-0.44326,-0.17936,-0.16086,-0.27835,0.57333,0.56257,0.22965,0.13534,0.69063,0.58728,0.86395,0.74796,-0.11424,-0.15353,-0.10812,-0.2231,-0.10477,-0.065252,0.088005,0.14362,0.1123,0.19083,0.21977,0.44726,0.048324,-0.041862,0.25249,-0.0002206,-0.084587,-0.0084705,0.40073,0.40309,0.0060088,-0.047254,-0.068607,-0.15352,0.37934,0.22019,0.55005,0.61891,0.26452,0.27666,0.17576,0.26417,0.12355,0.052914,-0.14896,-0.15714,0.10191,0.031528,0.33384,0.24309,0.21788,0.37834,0.14642,0.17579,0.353,0.36304,0.78512,0.72847,-0.13399,-0.19206,-0.08014,-0.12103,-0.086299,-0.19328,0.33654,0.2218,0.22631,-0.1068,0.51137,0.15642,0.56481,0.45073
0.13112,0.30335,0.36688,0.36809,0.70213,1,0.16103,0.23168,0.75424,0.83447,-0.28664,-0.14092,-0.21887,0.11848,0.75505,0.78378,-0.4943,-0.21926,-0.14452,-0.29263,0.48439,0.47456,0.2989,0.19673,0.48881,0.51276,0.72361,0.6827,-0.13616,-0.023658,-0.0964,-0.21372,0.036379,0.0056922,0.02645,0.025478,-0.1125,-0.014096,0.035992,0.32994,-0.061391,-0.28825,0.065319,-0.071235,-0.046554,0.0088227,0.25716,0.34376,0.0011061,0.00080328,-0.12546,-0.070153,0.32459,0.23675,0.46456,0.55617,0.24236,0.3245,0.2253,0.3196,0.13284,0.11727,-0.15156,-0.011975,0.073203,0.098977,0.3796,0.28486,0.34738,0.4363,0.033406,0.12033,0.28946,0.22371,0.60965,0.65551,-0.012659,-0.093888,-0.19973,-0.04279,-0.012567,0.015579,0.40046,0.36068,0.16205,0.00965,0.54268,0.050659,0.47243,0.47665
0.80144,0.4955,0.83313,0.69456,0.22233,0.16103,1,0.74976,0.20243,0.21194,0.24992,0.11658,0.43025,0.087039,0.19155,-0.039899,-0.26274,-0.33457,-0.32606,-0.4969,0.33035,0.31432,0.52235,0.39885,0.21984,0.16196,0.40885,0.47333,-0.40886,-0.53388,0.030394,0.023196,0.027937,0.21453,0.24458,0.10602,0.14643,0.020256,0.10867,0.21834,-0.18488,-0.15669,-0.066572,-0.17119,0.44771,0.49359,-0.23955,-0.073791,0.61579,0.54893,0.40989,0.41641,-0.24067,-0.41512,-0.022774,0.20587,0.39288,0.44559,0.60073,0.621,0.56579,0.5917,0.35866,0.5354,0.81863,0.66293,0.70081,0.60713,-0.20656,0.30656,-0.41017,-0.30554,-0.24071,-0.41765,0.13075,-0.10103,-0.26454,-0.39354,-0.27418,-0.2801,-0.39457,-0.49502,-0.29996,-0.40611,-0.23277,-0.22096,0.40662,0.48404,0.60674,0.45576
0.74465,0.7191,0.67337,0.83119,0.012513,0.23168,0.74976,1,-0.0018609,0.19098,0.076159,0.48368,0.17059,0.48761,0.12991,0.12508,-0.25429,-0.19072,-0.45054,-0.47891,0.34981,0.32256,0.49114,0.52732,-0.045877,-0.011103,0.30091,0.46268,-0.30461,-0.27756,0.070178,0.19796,-0.034377,0.25881,-0.081816,-0.14878,0.10005,0.006269,0.046545,0.14194,-0.25093,-0.2501,-0.30075,-0.314,0.29619,0.32054,-0.40755,-0.23572,0.40281,0.51516,0.1558,0.31592,-0.23622,-0.49058,-0.088882,0.20888,0.51059,0.58346,0.73167,0.7508,0.63418,0.77981,0.38289,0.78947,0.69254,0.82544,0.63983,0.5153,-0.059971,0.40248,-0.52773,-0.36813,-0.35436,-0.46713,0.0054363,-0.16879,-0.28755,-0.37799,-0.17235,-0.1339,-0.16266,-0.21557,-0.22331,-0.33488,-0.15588,-0.094233,0.44115,0.48384,0.56793,0.56598
0.077638,0.03504,0.33164,0.22455,0.75247,0.75424,0.20243,-0.0018609,1,0.85891,-0.061561,-0.23525,0.059219,-0.052091,0.74609,0.64964,-0.35873,-0.26266,0.041981,-0.22433,0.3729,0.36179,0.32594,0.10841,0.66497,0.58904,0.70142,0.50823,-0.10137,-0.095941,-0.097458,-0.28205,-0.0094264,-0.10801,0.30549,0.29646,-0.050741,0.02944,0.1242,0.34309,0.17322,-0.091814,0.15749,0.038195,-0.083128,0.084089,0.411,0.41862,0.070031,-0.07838,0.067592,-0.12053,0.2067,0.26903,0.44922,0.4069,0.044859,0.097036,-0.037317,0.059075,-0.062244,-0.1271,-0.25329,-0.27456,0.14677,0.019293,0.23667,0.15627,0.19615,0.23529,0.25094,0.24896,0.422,0.32409,0.59794,0.66698,0.028458,-0.095271,-0.16517,-0.11676,-0.19197,-0.2117,0.38419,0.30677,0.12887,-0.09232,0.43942,0.050104,0.38911,0.25218
0.2387,0.27076,0.40104,0.39967,0.80032,0.83447,0.21194,0.19098,0.85891,1,-0.14605,-0.1181,-0.080264,0.074799,0.7898,0.78346,-0.5225,-0.28259,-0.12845,-0.34615,0.56286,0.57579,0.3593,0.22091,0.67355,0.65093,0.80821,0.73057,-0.18241,-0.11658,-0.12048,-0.22365,-0.11538,-0.1211,0.18527,0.21319,0.013732,0.1161,0.16419,0.45554,0.096601,-0.11327,0.15057,0.028892,-0.074614,0.077123,0.40138,0.46362,0.10683,0.043508,0.036815,-0.059704,0.34575,0.22587,0.50166,0.57659,0.27243,0.32457,0.19672,0.30249,0.12998,0.085501,-0.23517,-0.1206,0.17323,0.21032,0.38792,0.26659,0.34491,0.46504,0.11567,0.20041,0.33309,0.30895,0.70308,0.71414,-0.092286,-0.22726,-0.070126,-0.089382,-0.18488,-0.21948,0.40119,0.29193,0.19959,-0.058665,0.55903,0.18865,0.52755,0.51243
0.18752,-0.15427,0.012879,-0.062924,-0.11062,-0.28664,0.24992,0.076159,-0.061561,-0.14605,1,0.37966,0.82185,0.32282,0.0059254,-0.20224,0.31583,0.037801,0.18261,-0.03885,-0.063071,-0.15812,0.041428,-0.10538,-0.092046,-0.1079,-0.11151,-0.18473,0.28625,0.078297,0.26238,0.24583,-0.16345,-0.10923,0.12735,-0.061937,0.080082,-0.011492,-0.031139,-0.29963,0.07973,0.10944,-0.043258,0.0031654,0.017012,-0.056748,-0.21007,-0.264,0.14085,-0.036952,0.19902,0.037054,-0.29344,-0.16842,-0.2001,-0.30157,-0.18446,-0.21109,-0.14348,-0.13846,-0.1255,-0.055313,0.091215,0.081797,0.30684,0.034376,-0.069307,-0.11695,-0.26942,-0.29293,0.10376,-0.0014903,-0.0034029,-0.13523,-0.16734,-0.22296,0.012055,-0.055605,0.029827,0.021831,0.025892,-0.12797,-0.24211,-0.32564,0.099382,-0.14765,-0.2163,-0.0021034,-0.064152,-0.18451
0.23773,0.31124,-0.065825,0.18087,-0.26589,-0.14092,0.11658,0.48368,-0.23525,-0.1181,0.37966,1,0.30274,0.80665,-0.1505,-0.028346,0.31987,0.34688,-0.082466,0.011522,0.041093,-0.021765,0.03147,0.15365,-0.29005,-0.25339,-0.13895,-0.035221,0.22028,0.26189,0.24007,0.40735,0.0073371,0.18644,-0.20058,-0.25557,0.19926,0.087005,0.0059058,-0.21908,0.014501,0.045572,-0.33725,-0.21918,0.10667,0.0097338,-0.52774,-0.44981,0.1186,0.19238,0.017672,0.13788,-0.43687,-0.453,-0.43797,-0.2813,0.15193,0.13218,0.25691,0.20449,0.26431,0.42747,0.41629,0.60202,0.30925,0.40369,0.064026,0.088046,-0.21827,-0.068564,-0.24122,-0.22494,-0.25699,-0.26715,-0.26443,-0.31897,-0.14467,-0.14674,0.14704,0.20336,0.23272,0.23961,-0.26106,-0.24475,-0.078213,0.02058,-0.090216,0.32119,-0.0094865,0.11772
0.22177,-0.14365,0.14748,-0.012086,-0.018136,-0.21887,0.43025,0.17059,0.059219,-0.080264,0.82185,0.30274,1,0.22589,0.053114,-0.19651,0.31169,-0.11675,0.14416,-0.082855,0.0088727,-0.067088,0.12217,-0.00089589,0.013014,-0.047408,-0.040739,-0.077689,0.15769,-0.072405,0.18266,0.15066,-0.19635,-0.12455,0.14079,-0.043064,0.20862,0.10645,0.082336,-0.14207,0.03554,0.15403,0.019748,-0.0073252,0.21778,0.12613,-0.19273,-0.20018,0.32443,0.13671,0.32661,0.21828,-0.28293,-0.17299,-0.20554,-0.21634,-0.20994,-0.19067,-0.058942,-0.044519,-0.037905,0.090382,0.16092,0.1546,0.42007,0.16095,-0.03787,-0.034077,-0.48221,-0.31117,0.067802,-0.025224,-0.004905,-0.15426,-0.1296,-0.24826,0.045973,-0.01369,-0.055397,-0.09604,-0.1245,-0.24426,-0.35811,-0.42554,0.073153,-0.070595,-0.19297,0.17654,0.051709,-0.076628
0.18017,0.28385,0.045163,0.30612,-0.20764,0.11848,0.087039,0.48761,-0.052091,0.074799,0.32282,0.80665,0.22589,1,-0.0050619,0.20019,-0.0013231,0.075195,0.051813,0.017904,0.053146,0.035112,0.16312,0.19204,-0.25775,-0.16477,-0.066504,0.010707,0.14003,0.27243,0.16931,0.25429,0.036565,0.16894,-0.15282,-0.18001,-0.023456,-0.079182,-0.094352,-0.20175,-0.0090585,-0.11283,-0.31701,-0.18311,0.013344,0.032283,-0.34815,-0.26509,0.097916,0.12307,-0.01427,0.1101,-0.25387,-0.22632,-0.23106,-0.15788,0.047108,0.093707,0.14175,0.16419,0.121,0.27557,0.14022,0.43366,0.26349,0.38013,0.12705,0.1218,0.055104,0.061097,-0.20812,-0.10276,-0.20775,-0.23765,-0.15782,-0.15425,-0.024265,-0.078975,-0.032289,0.1412,0.21338,0.26746,-0.026622,0.0041478,-0.024918,0.0053959,0.024978,0.1316,0.017505,0.13085
0.20179,0.23081,0.38754,0.27038,0.83262,0.75505,0.19155,0.12991,0.74609,0.7898,0.0059254,-0.1505,0.053114,-0.0050619,1,0.85292,-0.37103,-0.13896,-0.20162,-0.39757,0.63347,0.58638,0.36264,0.20566,0.62545,0.55658,0.82494,0.72077,0.072664,0.036355,0.002148,-0.14144,-0.18542,-0.18263,0.046439,0.053381,0.056803,0.15066,0.16789,0.4474,0.049312,-0.11002,0.15584,-0.021538,-0.17124,-0.11713,0.38028,0.3814,-0.066484,-0.10733,-0.10386,-0.17512,0.35947,0.19624,0.6137,0.67441,0.27818,0.30497,0.21032,0.30439,0.091227,0.080561,-0.15004,-0.11484,0.075877,0.036507,0.34763,0.18059,0.21527,0.35806,0.18504,0.20522,0.44868,0.36203,0.71493,0.72327,0.020228,-0.079572,-0.054223,0.0076486,0.049806,-0.0766,0.47635,0.32773,0.44284,0.027368,0.62534,0.15343,0.64423,0.53007
0.030327,0.22982,0.22253,0.28796,0.64695,0.78378,-0.039899,0.12508,0.64964,0.78346,-0.20224,-0.028346,-0.19651,0.20019,0.85292,1,-0.38035,-0.11345,-0.16136,-0.26934,0.5437,0.5292,0.31055,0.27901,0.52059,0.52771,0.67,0.62086,0.12533,0.20946,0.0054164,-0.10016,-0.16965,-0.18894,-0.049495,0.032165,0.0054603,0.14949,0.12254,0.41232,0.079954,-0.11374,0.075968,-0.038066,-0.26466,-0.2125,0.40481,0.39097,-0.19643,-0.21196,-0.20105,-0.24797,0.40725,0.23779,0.5786,0.62605,0.22027,0.25586,0.14464,0.23124,0.024093,0.038033,-0.19353,-0.1443,-0.074225,0.0028115,0.26249,0.12834,0.3415,0.36973,0.1685,0.28162,0.41601,0.39904,0.59378,0.70216,0.076591,0.0090986,-0.008237,0.084532,0.15277,0.13902,0.54525,0.48453,0.48195,0.18384,0.53582,0.11865,0.47986,0.52062
-0.3473,-0.38221,-0.53581,-0.51487,-0.44326,-0.4943,-0.26274,-0.25429,-0.35873,-0.5225,0.31583,0.31987,0.31169,-0.0013231,-0.37103,-0.38035,1,0.61348,0.0099623,0.14365,-0.28237,-0.34602,-0.40124,-0.33813,-0.25861,-0.26301,-0.53173,-0.49662,0.62495,0.46713,0.20312,0.2179,-0.24636,-0.34238,-0.017231,-0.1465,0.35821,0.28982,0.19028,-0.18629,0.27976,0.41559,0.028417,0.19205,0.077909,-0.15141,-0.18131,-0.25337,-0.091241,-0.16434,0.14423,0.024835,-0.47671,-0.19907,-0.43811,-0.46012,-0.29542,-0.39803,-0.26587,-0.37342,-0.25332,-0.1687,0.30374,-0.011659,-0.14259,-0.30022,-0.44786,-0.37194,-0.59085,-0.64679,0.20799,0.023184,0.17736,0.14032,-0.32789,-0.31398,0.25511,0.28154,0.43223,0.32926,0.38644,0.32159,-0.26627,-0.26143,0.15229,0.33249,-0.54199,0.036105,-0.44774,-0.40543
-0.12409,0.087618,-0.39766,-0.34191,-0.17936,-0.21926,-0.33457,-0.19072,-0.26266,-0.28259,0.037801,0.34688,-0.11675,0.075195,-0.13896,-0.11345,0.61348,1,-0.15404,0.087225,-0.07175,-0.092604,-0.2924,-0.26613,-0.06416,-0.087131,-0.21353,-0.18531,0.38663,0.39956,0.07825,0.12621,0.039426,-0.08543,-0.076458,-0.18132,0.22217,0.18364,0.11241,-0.070447,0.29039,0.37065,-0.016393,0.10532,0.076008,-0.14446,-0.22489,-0.18909,-0.11306,0.0072869,-0.031786,0.06807,-0.25959,-0.17547,-0.32076,-0.22071,0.25227,0.1512,0.087378,-0.0091234,0.12663,0.10147,0.44129,0.16882,-0.19879,-0.18572,-0.11424,-0.091883,-0.083129,-0.093138,-0.03978,-0.21747,0.0063839,0.045019,-0.14719,-0.16155,-0.039351,-0.013377,0.65318,0.6029,0.45055,0.44881,-0.027979,0.056788,0.12881,0.17202,-0.14942,0.095035,-0.22149,-0.10544
-0.41136,-0.43254,-0.25638,-0.357,-0.16086,-0.14452,-0.32606,-0.45054,0.041981,-0.12845,0.18261,-0.082466,0.14416,0.051813,-0.20162,-0.16136,0.0099623,-0.15404,1,0.83627,-0.43578,-0.37969,-0.053347,-0.20816,-0.14275,-0.17725,-0.33001,-0.46923,0.089752,0.087375,-0.023361,-0.10592,0.38071,0.17319,0.07758,-0.025086,-0.19773,-0.20112,-0.18379,-0.36088,0.026323,-0.092602,0.039617,-0.014729,-0.15721,-0.18706,0.047824,-0.044334,-0.23154,-0.35778,-0.11463,-0.25406,-0.044961,0.23634,-0.13196,-0.41716,-0.54198,-0.51543,-0.63305,-0.59845,-0.54527,-0.52347,-0.40608,-0.44765,-0.31343,-0.41812,-0.46858,-0.40399,0.2028,-0.31803,0.21796,0.18901,0.050555,-0.015804,-0.19627,-0.092571,0.25105,0.27229,-0.25357,-0.058366,-0.046485,0.064763,0.058299,0.16757,-0.084483,-0.21952,-0.42886,-0.37421,-0.54788,-0.53257
-0.55648,-0.41805,-0.46255,-0.45577,-0.27835,-0.29263,-0.4969,-0.47891,-0.22433,-0.34615,-0.03885,0.011522,-0.082855,0.017904,-0.39757,-0.26934,0.14365,0.087225,0.83627,1,-0.45066,-0.41309,-0.30223,-0.23047,-0.27405,-0.26347,-0.4955,-0.55215,0.17545,0.21172,0.0095849,0.020129,0.41164,0.29233,-0.13545,-0.12007,-0.070662,-0.092275,-0.13259,-0.38483,0.01748,0.022024,0.02201,-0.014812,-0.13112,-0.22302,-0.075221,-0.14638,-0.34962,-0.40184,-0.24275,-0.28441,-0.091379,0.11279,-0.27398,-0.4896,-0.4968,-0.50381,-0.57416,-0.6069,-0.47954,-0.43739,-0.23898,-0.33461,-0.45619,-0.44317,-0.54166,-0.38951,0.12718,-0.3611,0.12329,0.091484,-0.093132,-0.047629,-0.32521,-0.24177,0.21547,0.33059,-0.080521,0.097442,0.15814,0.2939,-0.030707,0.12331,-0.12981,-0.071441,-0.57256,-0.30816,-0.64834,-0.53794
0.39605,0.43516,0.34696,0.35501,0.57333,0.48439,0.33035,0.34981,0.3729,0.56286,-0.063071,0.041093,0.0088727,0.053146,0.63347,0.5437,-0.28237,-0.07175,-0.43578,-0.45066,1,0.92484,0.1993,0.20846,0.5388,0.52875,0.62324,0.75373,0.086094,0.050541,0.16567,0.088668,-0.23188,-0.17246,0.031659,0.073542,0.45408,0.46455,0.40711,0.59927,0.077173,0.15757,0.18944,0.15078,0.18101,0.24629,0.14284,0.37125,0.24244,0.2799,0.080338,0.19883,0.10272,-0.20635,0.28163,0.6174,0.43668,0.44942,0.51712,0.53133,0.40427,0.39864,0.15535,0.18888,0.21729,0.25097,0.56528,0.50136,0.023583,0.41524,-0.058087,0.078609,0.26862,0.19909,0.62573,0.45464,-0.024123,-0.18356,0.2588,0.23362,0.16807,-0.028612,0.16427,0.014826,0.34361,0.19927,0.47193,0.61747,0.68739,0.74658
0.41308,0.45235,0.36524,0.37014,0.56257,0.47456,0.31432,0.32256,0.36179,0.57579,-0.15812,-0.021765,-0.067088,0.035112,0.58638,0.5292,-0.34602,-0.092604,-0.37969,-0.41309,0.92484,1,0.19039,0.18369,0.50797,0.48354,0.60592,0.78014,-0.0099433,-0.0049182,-0.0037601,-0.073948,-0.21203,-0.20279,0.059719,0.12075,0.44629,0.46602,0.41559,0.67925,0.065619,0.14699,0.22787,0.17499,0.20925,0.29463,0.21213,0.43736,0.27503,0.31987,0.11755,0.22959,0.17314,-0.15238,0.29139,0.64643,0.46988,0.47889,0.52205,0.54567,0.42552,0.39137,0.13372,0.14548,0.20236,0.26845,0.5837,0.52455,0.11001,0.4945,-0.1406,0.058848,0.25262,0.19045,0.67492,0.50489,-0.028119,-0.2026,0.25737,0.2023,0.15152,-0.017413,0.22785,0.10931,0.31519,0.21246,0.4729,0.61028,0.66229,0.75314
0.53653,0.45479,0.81897,0.72807,0.22965,0.2989,0.52235,0.49114,0.32594,0.3593,0.041428,0.03147,0.12217,0.16312,0.36264,0.31055,-0.40124,-0.2924,-0.053347,-0.30223,0.1993,0.19039,1,0.82367,0.39673,0.35778,0.49057,0.40223,-0.36877,-0.37578,0.26338,0.228,0.19317,0.28608,0.41623,0.28363,-0.15744,-0.223,-0.053865,0.079451,-0.020391,-0.23174,-0.25387,-0.32274,0.024663,0.078145,-0.12316,-0.091131,0.25235,0.235,0.22696,0.08881,-0.10702,-0.24687,0.12962,0.13537,0.34446,0.41494,0.32619,0.41859,0.26002,0.28159,-0.075193,0.16888,0.43636,0.4482,0.52208,0.35191,0.21798,0.3835,-0.11823,-0.065133,-0.11899,-0.28601,0.099647,0.038508,-0.28471,-0.40712,-0.29637,-0.2077,-0.48823,-0.55567,0.042625,-0.08002,-0.10177,-0.34195,0.48314,0.19425,0.40048,0.2427
0.40982,0.4155,0.65146,0.73426,0.13534,0.19673,0.39885,0.52732,0.10841,0.22091,-0.10538,0.15365,-0.00089589,0.19204,0.20566,0.27901,-0.33813,-0.26613,-0.20816,-0.23047,0.20846,0.18369,0.82367,1,0.24543,0.2885,0.36053,0.38085,-0.3415,-0.32067,0.30936,0.4267,0.10861,0.3606,0.21834,0.26373,-0.070622,-0.14656,-0.045346,0.027048,-0.070919,-0.14367,-0.33148,-0.35922,-0.025297,0.0069646,-0.21895,-0.19813,0.16479,0.16962,0.12087,0.051563,-0.12268,-0.37178,0.011619,0.063035,0.32709,0.36544,0.3412,0.38601,0.284,0.35157,0.023565,0.24984,0.37528,0.50436,0.42195,0.33172,0.11088,0.33516,-0.16382,-0.026366,-0.23672,-0.28439,-0.015765,-0.079579,-0.32325,-0.35654,-0.24058,-0.22911,-0.41127,-0.45558,-0.072057,-0.18388,-0.13628,-0.14868,0.35035,0.25856,0.32385,0.25302
0.19214,0.11907,0.38928,0.24147,0.69063,0.48881,0.21984,-0.045877,0.66497,0.67355,-0.092046,-0.29005,0.013014,-0.25775,0.62545,0.52059,-0.25861,-0.06416,-0.14275,-0.27405,0.5388,0.50797,0.39673,0.24543,1,0.92744,0.69259,0.5581,-0.018382,-0.12461,0.12776,-0.067287,-0.090872,-0.17934,0.54107,0.5106,0.32531,0.33282,0.34525,0.47105,0.22828,0.18296,0.4524,0.26449,0.16064,0.14821,0.43856,0.5453,0.30525,0.036254,0.38508,0.15301,0.23735,0.16399,0.41479,0.44757,0.22576,0.22826,0.15785,0.19336,0.1049,0.023138,-0.11098,-0.27815,0.13421,0.070824,0.41603,0.37649,0.054376,0.27174,0.17747,0.21064,0.41491,0.34589,0.61095,0.55005,0.1493,0.0010983,0.19064,0.16092,-0.22639,-0.29819,0.10556,0.058322,0.26023,0.0724,0.30447,0.34382,0.40157,0.35657
0.12465,0.096423,0.34202,0.27988,0.58728,0.51276,0.16196,-0.011103,0.58904,0.65093,-0.1079,-0.25339,-0.047408,-0.16477,0.55658,0.52771,-0.26301,-0.087131,-0.17725,-0.26347,0.52875,0.48354,0.35778,0.2885,0.92744,1,0.60248,0.53307,0.040968,-0.0032408,0.26869,0.093153,-0.12236,-0.16928,0.5151,0.55121,0.27844,0.29857,0.28338,0.39804,0.21529,0.18634,0.47549,0.36021,0.16165,0.14446,0.40588,0.55125,0.29095,-0.00086227,0.37766,0.14732,0.23971,0.14687,0.34641,0.38272,0.16877,0.17409,0.12343,0.15076,0.041668,-0.011476,-0.17876,-0.29074,0.11169,0.085063,0.39588,0.38878,0.079217,0.23699,0.20283,0.24119,0.34531,0.3394,0.53813,0.48845,0.18804,0.057596,0.18761,0.22813,-0.16749,-0.23078,0.12011,0.081175,0.25533,0.13816,0.24796,0.30151,0.32012,0.3312
0.43814,0.40494,0.59464,0.49966,0.86395,0.72361,0.40885,0.30091,0.70142,0.80821,-0.11151,-0.13895,-0.040739,-0.066504,0.82494,0.67,-0.53173,-0.21353,-0.33001,-0.4955,0.62324,0.60592,0.49057,0.36053,0.69259,0.60248,1,0.88703,-0.29496,-0.32216,-0.076685,-0.16402,-0.074307,-0.012842,0.17579,0.18654,0.072775,0.11884,0.1623,0.43494,-0.031047,-0.17058,0.082067,-0.15102,-0.040318,0.047857,0.25408,0.28339,0.15644,0.12238,0.044818,-0.016172,0.30551,0.078481,0.54319,0.65376,0.45369,0.48452,0.41153,0.50051,0.32512,0.26054,-0.030727,0.055499,0.29616,0.28783,0.57376,0.41383,0.22524,0.52166,-0.015727,0.081022,0.25485,0.17227,0.71,0.63619,-0.22753,-0.33622,-0.12104,-0.17468,-0.25325,-0.33951,0.20226,0.073599,0.16062,-0.12445,0.67187,0.29946,0.75568,0.61428
0.53439,0.53983,0.58321,0.56628,0.74796,0.6827,0.47333,0.46268,0.50823,0.73057,-0.18473,-0.035221,-0.077689,0.010707,0.72077,0.62086,-0.49662,-0.18531,-0.46923,-0.55215,0.75373,0.78014,0.40223,0.38085,0.5581,0.53307,0.88703,1,-0.28359,-0.28318,-0.10182,-0.12429,-0.13013,-0.028502,0.072662,0.12208,0.21364,0.2422,0.24525,0.5522,-0.093266,-0.11891,0.069595,-0.0927,0.07113,0.12696,0.18639,0.29664,0.23198,0.25225,0.076263,0.10828,0.23054,-0.082396,0.42842,0.68939,0.55952,0.58822,0.58459,0.64327,0.48071,0.43997,0.10712,0.22349,0.34067,0.40629,0.65758,0.51647,0.16571,0.58667,-0.16434,-0.0052236,0.1586,0.11109,0.69587,0.54181,-0.24307,-0.36665,-0.016161,-0.10189,-0.15055,-0.24592,0.15239,0.027833,0.16785,0.022338,0.6647,0.47464,0.8044,0.76751
-0.4707,-0.36978,-0.50632,-0.48938,-0.11424,-0.13616,-0.40886,-0.30461,-0.10137,-0.18241,0.28625,0.22028,0.15769,0.14003,0.072664,0.12533,0.62495,0.38663,0.089752,0.17545,0.086094,-0.0099433,-0.36877,-0.3415,-0.018382,0.040968,-0.29496,-0.28359,1,0.8791,0.38353,0.26807,-0.33951,-0.42286,-0.13164,-0.14988,0.40342,0.45506,0.30012,0.026674,0.34247,0.39049,0.28641,0.38192,-0.11088,-0.26503,0.19325,0.13647,-0.31999,-0.41277,-0.067115,-0.21985,-0.11337,0.070038,-0.026949,-0.07848,-0.35669,-0.41961,-0.30901,-0.36255,-0.41605,-0.30464,-0.045884,-0.23931,-0.33387,-0.46861,-0.36257,-0.32371,-0.29847,-0.50497,0.36655,0.23811,0.48184,0.48854,0.088473,0.14848,0.52569,0.49465,0.41413,0.52702,0.74271,0.60914,0.1954,0.13311,0.51189,0.44237,-0.38197,-0.0080129,-0.31761,-0.19942
-0.50687,-0.27039,-0.5401,-0.45882,-0.15353,-0.023658,-0.53388,-0.27756,-0.095941,-0.11658,0.078297,0.26189,-0.072405,0.27243,0.036355,0.20946,0.46713,0.39956,0.087375,0.21172,0.050541,-0.0049182,-0.37578,-0.32067,-0.12461,-0.0032408,-0.32216,-0.28318,0.8791,1,0.41016,0.3323,-0.22368,-0.31436,-0.2356,-0.19074,0.16746,0.26339,0.083536,-0.072004,0.24489,0.28002,0.19137,0.39152,-0.15506,-0.24971,0.12512,0.10967,-0.4056,-0.37171,-0.20741,-0.28569,-0.059211,0.11108,-0.11677,-0.11119,-0.28566,-0.32858,-0.29315,-0.3318,-0.38433,-0.28534,-0.13055,-0.1913,-0.43834,-0.43693,-0.38421,-0.3301,-0.076098,-0.35767,0.37337,0.22855,0.34434,0.45174,0.017906,0.13194,0.42001,0.42225,0.40997,0.65926,0.80612,0.73632,0.30368,0.31755,0.44212,0.37937,-0.31268,-0.10571,-0.37515,-0.18717
-0.021471,-0.044258,0.065497,0.010174,-0.10812,-0.0964,0.030394,0.070178,-0.097458,-0.12048,0.26238,0.24007,0.18266,0.16931,0.002148,0.0054164,0.20312,0.07825,-0.023361,0.0095849,0.16567,-0.0037601,0.26338,0.30936,0.12776,0.26869,-0.076685,-0.10182,0.38353,0.41016,1,0.91179,0.043713,0.12825,0.18973,0.14825,0.052784,-0.03172,-0.1287,-0.31813,-0.024785,0.09145,0.045265,0.20637,0.14793,0.065905,-0.31159,-0.15972,0.0095418,0.0071333,0.087909,-0.022749,-0.34208,-0.34586,-0.36655,-0.29926,-0.078875,-0.12552,-0.041971,-0.071306,-0.11684,-0.044388,-0.031083,0.031002,0.045616,-0.052067,0.048429,0.11495,-0.17271,-0.22198,0.26962,0.14855,-0.082526,-0.081763,-0.20305,-0.23823,0.021697,-0.0038365,0.11396,0.40472,0.19759,0.068231,-0.18332,-0.2237,0.11815,-0.018306,-0.14756,0.14683,-0.1568,-0.08808
0.040667,0.054752,0.034641,0.086479,-0.2231,-0.21372,0.023196,0.19796,-0.28205,-0.22365,0.24583,0.40735,0.15066,0.25429,-0.14144,-0.10016,0.2179,0.12621,-0.10592,0.020129,0.088668,-0.073948,0.228,0.4267,-0.067287,0.093153,-0.16402,-0.12429,0.26807,0.3323,0.91179,1,0.039416,0.25085,0.025497,0.031816,0.013963,-0.096639,-0.1999,-0.4155,-0.085943,0.07727,-0.15831,0.04284,0.084689,0.0016974,-0.49099,-0.3688,-0.020378,0.054398,0.008728,-0.039502,-0.41424,-0.47104,-0.49383,-0.39887,0.016636,-0.039224,0.048952,-0.0025367,-0.00082845,0.10309,0.058126,0.21778,0.08385,0.10995,-0.00033533,0.047026,-0.17035,-0.17816,0.14702,0.054061,-0.26916,-0.19869,-0.35348,-0.4074,-0.13611,-0.10945,0.12056,0.33479,0.14248,0.028436,-0.28419,-0.33464,-0.0047777,-0.052763,-0.16214,0.16097,-0.17647,-0.09162
0.085261,0.23135,0.1303,0.016947,-0.10477,0.036379,0.027937,-0.034377,-0.0094264,-0.11538,-0.16345,0.0073371,-0.19635,0.036565,-0.18542,-0.16965,-0.24636,0.039426,0.38071,0.41164,-0.23188,-0.21203,0.19317,0.10861,-0.090872,-0.12236,-0.074307,-0.13013,-0.33951,-0.22368,0.043713,0.039416,1,0.81326,0.001938,-0.050226,-0.43654,-0.54462,-0.43682,-0.35153,-0.21882,-0.39737,-0.32895,-0.35395,0.061696,0.049033,-0.38838,-0.31788,-0.030909,0.08237,-0.24535,-0.068595,-0.19699,-0.11645,-0.30974,-0.33482,0.15936,0.1904,0.054761,0.012304,0.20942,0.058719,0.1852,0.1428,-0.016869,-0.086666,0.17325,0.18854,0.39579,0.24438,-0.25152,-0.2762,-0.35724,-0.41508,-0.25388,-0.25393,-0.23936,-0.22273,-0.18694,0.054459,-0.069971,0.034276,-0.0020329,0.14771,-0.53076,-0.54326,0.078791,-0.21148,-0.1843,-0.21599
0.24624,0.36322,0.3045,0.24902,-0.065252,0.0056922,0.21453,0.25881,-0.10801,-0.1211,-0.10923,0.18644,-0.12455,0.16894,-0.18263,-0.18894,-0.34238,-0.08543,0.17319,0.29233,-0.17246,-0.20279,0.28608,0.3606,-0.17934,-0.16928,-0.012842,-0.028502,-0.42286,-0.31436,0.12825,0.25085,0.81326,1,-0.12442,-0.10865,-0.3778,-0.51005,-0.37672,-0.3524,-0.32605,-0.4033,-0.41731,-0.47827,0.089399,0.11003,-0.51136,-0.43593,0.01877,0.19617,-0.25526,-0.049599,-0.22831,-0.31074,-0.29562,-0.26624,0.24081,0.27776,0.22053,0.19808,0.32259,0.27696,0.18684,0.39277,0.1793,0.23062,0.25025,0.27994,0.28147,0.2806,-0.39642,-0.39615,-0.58174,-0.55678,-0.29097,-0.36546,-0.39705,-0.3244,-0.34699,-0.12624,-0.16166,-0.091347,-0.11055,-0.034177,-0.598,-0.58824,0.15238,-0.09346,-0.026143,-0.074112
0.13417,-0.17021,0.29693,0.19347,0.088005,0.02645,0.24458,-0.081816,0.30549,0.18527,0.12735,-0.20058,0.14079,-0.15282,0.046439,-0.049495,-0.017231,-0.076458,0.07758,-0.13545,0.031659,0.059719,0.41623,0.21834,0.54107,0.5151,0.17579,0.072662,-0.13164,-0.2356,0.18973,0.025497,0.001938,-0.12442,1,0.83409,0.18253,0.074995,0.21775,0.13402,0.23835,0.144,0.3276,0.36013,0.31331,0.3101,0.19172,0.294,0.48901,0.099916,0.75781,0.35229,-0.19661,-0.071174,-0.029789,-0.1272,-0.11362,-0.12117,-0.15031,-0.13209,-0.12767,-0.19304,-0.1358,-0.30085,0.31307,0.14048,0.23645,0.31155,-0.17426,-0.10029,0.14054,0.15215,0.14176,0.0044854,0.10823,0.068075,0.17383,-0.00039454,0.023557,0.013574,-0.43475,-0.43338,-0.1463,-0.19741,-0.053008,0.089485,-0.094977,0.16049,-0.023737,-0.099821
0.0098636,-0.23167,0.19659,0.20053,0.14362,0.025478,0.10602,-0.14878,0.29646,0.21319,-0.061937,-0.25557,-0.043064,-0.18001,0.053381,0.032165,-0.1465,-0.18132,-0.025086,-0.12007,0.073542,0.12075,0.28363,0.26373,0.5106,0.55121,0.18654,0.12208,-0.14988,-0.19074,0.14825,0.031816,-0.050226,-0.10865,0.83409,1,0.10778,0.044735,0.15365,0.16282,0.20737,0.13744,0.3749,0.41666,0.1806,0.29633,0.31447,0.38856,0.38272,-0.035773,0.61878,0.22267,-0.039234,0.015152,0.043288,-0.065165,-0.1395,-0.17247,-0.19951,-0.19785,-0.17034,-0.2524,-0.22305,-0.4021,0.21906,0.15152,0.17959,0.31892,-0.10696,-0.058447,0.20515,0.26174,0.1434,0.1375,0.16324,0.15931,0.14981,0.02805,-0.0047401,-0.031078,-0.38891,-0.36668,-0.013093,-0.075188,-0.065601,0.15798,-0.061617,0.096202,-0.029693,-0.092453
0.065124,-0.011483,-0.04573,-0.031455,0.1123,-0.1125,0.14643,0.10005,-0.050741,0.013732,0.080082,0.19926,0.20862,-0.023456,0.056803,0.0054603,0.35821,0.22217,-0.19773,-0.070662,0.45408,0.44629,-0.15744,-0.070622,0.32531,0.27844,0.072775,0.21364,0.40342,0.16746,0.052784,0.013963,-0.43654,-0.3778,0.18253,0.10778,1,0.93282,0.84395,0.55508,0.40448,0.6108,0.44579,0.33409,0.37814,0.19285,0.1556,0.27933,0.32595,0.14663,0.45765,0.36172,-0.11866,-0.20188,0.057248,0.23468,0.0013502,-0.031087,0.20671,0.14632,0.098545,0.22504,0.26654,0.084328,0.18114,0.12594,0.16615,0.24664,-0.53864,-0.20744,-0.11844,0.018827,0.28338,0.18522,0.32202,0.10915,0.34376,0.24654,0.43381,0.2338,0.21098,0.11639,-0.23707,-0.3176,0.35173,0.57279,-0.22892,0.70316,0.20543,0.34894
-0.032104,-0.048291,-0.11705,-0.092299,0.19083,-0.014096,0.020256,0.006269,0.02944,0.1161,-0.011492,0.087005,0.10645,-0.079182,0.15066,0.14949,0.28982,0.18364,-0.20112,-0.092275,0.46455,0.46602,-0.223,-0.14656,0.33282,0.29857,0.11884,0.2422,0.45506,0.26339,-0.03172,-0.096639,-0.54462,-0.51005,0.074995,0.044735,0.93282,1,0.86235,0.65149,0.4717,0.66198,0.50735,0.37595,0.24942,0.092102,0.35094,0.42674,0.19394,0.051425,0.34639,0.24704,0.09692,-0.0042785,0.2542,0.40539,-0.018473,-0.038998,0.15563,0.11743,0.021583,0.14209,0.13355,-0.037446,0.04275,0.017977,0.086615,0.13559,-0.4272,-0.17118,-0.040721,0.085193,0.37506,0.32259,0.40525,0.24845,0.33888,0.27852,0.43585,0.22407,0.26634,0.17758,-0.053755,-0.12288,0.47953,0.62515,-0.15984,0.64252,0.23807,0.40903
0.026907,-0.02204,0.041899,0.030137,0.21977,0.035992,0.10867,0.046545,0.1242,0.16419,-0.031139,0.0059058,0.082336,-0.094352,0.16789,0.12254,0.19028,0.11241,-0.18379,-0.13259,0.40711,0.41559,-0.053865,-0.045346,0.34525,0.28338,0.1623,0.24525,0.30012,0.083536,-0.1287,-0.1999,-0.43682,-0.37672,0.21775,0.15365,0.84395,0.86235,1,0.73915,0.59196,0.59291,0.38735,0.2242,0.20689,0.10999,0.35575,0.3743,0.21627,0.068212,0.37385,0.23281,0.057799,-0.042824,0.35716,0.41975,-0.014063,-0.011034,0.13832,0.12989,0.0083714,0.10292,0.071715,-0.038175,0.12965,0.10178,0.16003,0.1919,-0.35619,-0.12285,-0.11156,-0.013233,0.30295,0.19876,0.41702,0.2494,0.25465,0.14143,0.27168,0.02954,0.10445,-0.0048508,0.086778,-0.065534,0.29288,0.46737,-0.04783,0.54088,0.28566,0.34533
0.23593,0.25429,0.25785,0.22107,0.44726,0.32994,0.21834,0.14194,0.34309,0.45554,-0.29963,-0.21908,-0.14207,-0.20175,0.4474,0.41232,-0.18629,-0.070447,-0.36088,-0.38483,0.59927,0.67925,0.079451,0.027048,0.47105,0.39804,0.43494,0.5522,0.026674,-0.072004,-0.31813,-0.4155,-0.35153,-0.3524,0.13402,0.16282,0.55508,0.65149,0.73915,1,0.40173,0.31556,0.37388,0.17913,0.16763,0.1882,0.53363,0.59715,0.22364,0.17342,0.21759,0.2004,0.33952,0.08135,0.5764,0.76793,0.2968,0.31677,0.37167,0.39693,0.24787,0.24803,0.043866,-0.039248,0.087202,0.15646,0.38859,0.34206,-0.074522,0.2774,-0.1518,-0.046077,0.32991,0.27249,0.63354,0.5041,0.1075,-0.019064,0.1827,-0.020126,0.023283,-0.091927,0.39598,0.26728,0.27625,0.3179,0.42477,0.51955,0.59071,0.62009
-0.16793,-0.15983,-0.14402,-0.14134,0.048324,-0.061391,-0.18488,-0.25093,0.17322,0.096601,0.07973,0.014501,0.03554,-0.0090585,0.049312,0.079954,0.27976,0.29039,0.026323,0.01748,0.077173,0.065619,-0.020391,-0.070919,0.22828,0.21529,-0.031047,-0.093266,0.34247,0.24489,-0.024785,-0.085943,-0.21882,-0.32605,0.23835,0.20737,0.40448,0.4717,0.59196,0.40173,1,0.73248,0.17531,0.19022,-0.06924,-0.072924,0.28444,0.17417,0.015358,-0.11273,0.24685,0.016879,0.040819,0.084404,0.19153,0.062942,-0.086173,-0.11609,-0.13473,-0.15746,-0.18312,-0.18663,-0.078381,-0.26126,-0.06518,-0.14249,-0.06801,-0.094134,-0.076557,-0.14914,0.1452,0.077895,0.28079,0.22234,0.16173,0.15041,0.051079,-0.039615,0.34899,0.16821,0.13904,0.018854,0.32317,0.21092,0.20914,0.21389,-0.063175,0.14868,-0.039208,-0.052912
-0.12384,-0.16795,-0.25101,-0.26728,-0.041862,-0.28825,-0.15669,-0.2501,-0.091814,-0.11327,0.10944,0.045572,0.15403,-0.11283,-0.11002,-0.11374,0.41559,0.37065,-0.092602,0.022024,0.15757,0.14699,-0.23174,-0.14367,0.18296,0.18634,-0.17058,-0.11891,0.39049,0.28002,0.09145,0.07727,-0.39737,-0.4033,0.144,0.13744,0.6108,0.66198,0.59291,0.31556,0.73248,1,0.3429,0.41506,0.17462,0.096858,0.20432,0.22196,0.15819,0.076215,0.34087,0.23407,-0.02599,-0.019641,-0.020621,0.011909,-0.028152,-0.095648,-0.038452,-0.097594,-0.065791,-0.037707,0.066894,-0.14516,-0.067176,-0.09168,-0.09953,-0.037689,-0.27744,-0.17953,0.10323,0.05453,0.16374,0.19589,0.038621,-0.061826,0.089738,0.063456,0.55617,0.32989,0.19417,0.075803,-0.046675,-0.051411,0.32859,0.39623,-0.28572,0.36173,-0.084605,0.024191
-0.17843,-0.27304,-0.092586,-0.23314,0.25249,0.065319,-0.066572,-0.30075,0.15749,0.15057,-0.043258,-0.33725,0.019748,-0.31701,0.15584,0.075968,0.028417,-0.016393,0.039617,0.02201,0.18944,0.22787,-0.25387,-0.33148,0.4524,0.47549,0.082067,0.069595,0.28641,0.19137,0.045265,-0.15831,-0.32895,-0.41731,0.3276,0.3749,0.44579,0.50735,0.38735,0.37388,0.17531,0.3429,1,0.78965,0.43287,0.34148,0.60467,0.74781,0.27563,0.001234,0.4541,0.27256,0.39539,0.39698,0.24753,0.29228,-0.15784,-0.19012,-0.13122,-0.11517,-0.21262,-0.18995,-0.20462,-0.39915,-0.078686,-0.15112,0.043253,0.19776,-0.17389,-0.1128,0.13828,0.1601,0.34284,0.37144,0.38716,0.3089,0.46865,0.42301,0.25705,0.26516,0.14355,0.14419,0.050633,0.10622,0.3942,0.39861,-0.23018,0.13322,-0.06383,0.094848
-0.22093,-0.32991,-0.2583,-0.29653,-0.0002206,-0.071235,-0.17119,-0.314,0.038195,0.028892,0.0031654,-0.21918,-0.0073252,-0.18311,-0.021538,-0.038066,0.19205,0.10532,-0.014729,-0.014812,0.15078,0.17499,-0.32274,-0.35922,0.26449,0.36021,-0.15102,-0.0927,0.38192,0.39152,0.20637,0.04284,-0.35395,-0.47827,0.36013,0.41666,0.33409,0.37595,0.2242,0.17913,0.19022,0.41506,0.78965,1,0.39614,0.42927,0.44639,0.66676,0.25585,0.060694,0.48251,0.32088,0.090714,0.17924,-0.072081,0.029508,-0.20059,-0.26225,-0.21148,-0.24371,-0.2624,-0.26504,-0.20666,-0.38691,-0.0987,-0.15505,-0.078363,0.081614,-0.1785,-0.19769,0.26806,0.22731,0.28931,0.35572,0.16549,0.1424,0.43565,0.35344,0.44612,0.47121,0.2443,0.22976,0.010047,0.046377,0.37886,0.47463,-0.31361,0.11507,-0.23807,-0.034532
0.38765,0.27264,0.25924,0.1394,-0.084587,-0.046554,0.44771,0.29619,-0.083128,-0.074614,0.017012,0.10667,0.21778,0.013344,-0.17124,-0.26466,0.077909,0.076008,-0.15721,-0.13112,0.18101,0.20925,0.024663,-0.025297,0.16064,0.16165,-0.040318,0.07113,-0.11088,-0.15506,0.14793,0.084689,0.061696,0.089399,0.31331,0.1806,0.37814,0.24942,0.20689,0.16763,-0.06924,0.17462,0.43287,0.39614,1,0.83283,-0.19765,0.19599,0.81468,0.73919,0.61671,0.81314,-0.16699,-0.23338,-0.33756,-0.014348,0.24214,0.25255,0.43056,0.38207,0.42945,0.47065,0.42074,0.38553,0.46607,0.3927,0.47881,0.65215,-0.31913,0.10541,-0.39444,-0.35652,-0.26518,-0.34914,-0.068972,-0.30344,0.079266,0.0077933,0.16942,0.2064,-0.073234,-0.039534,-0.42084,-0.32265,-0.15166,0.11542,-0.085612,0.49943,0.071873,0.26832
0.41721,0.25979,0.34254,0.25997,-0.0084705,0.0088227,0.49359,0.32054,0.084089,0.077123,-0.056748,0.0097338,0.12613,0.032283,-0.11713,-0.2125,-0.15141,-0.14446,-0.18706,-0.22302,0.24629,0.29463,0.078145,0.0069646,0.14821,0.14446,0.047857,0.12696,-0.26503,-0.24971,0.065905,0.0016974,0.049033,0.11003,0.3101,0.29633,0.19285,0.092102,0.10999,0.1882,-0.072924,0.096858,0.34148,0.42927,0.83283,1,-0.10076,0.29181,0.74812,0.76095,0.53265,0.72075,-0.16636,-0.219,-0.26515,0.047877,0.23162,0.23734,0.37613,0.35618,0.39429,0.35951,0.23988,0.29733,0.50508,0.46783,0.50704,0.66685,-0.16757,0.20977,-0.33025,-0.24883,-0.24372,-0.30163,0.015852,-0.17272,-0.064016,-0.16982,0.046716,0.055884,-0.1614,-0.15199,-0.25673,-0.21768,-0.21002,0.010624,0.063446,0.42226,0.15247,0.27061
-0.27427,-0.314,-0.11106,-0.16649,0.40073,0.25716,-0.23955,-0.40755,0.411,0.40138,-0.21007,-0.52774,-0.19273,-0.34815,0.38028,0.40481,-0.18131,-0.22489,0.047824,-0.075221,0.14284,0.21213,-0.12316,-0.21895,0.43856,0.40588,0.25408,0.18639,0.19325,0.12512,-0.31159,-0.49099,-0.38838,-0.51136,0.19172,0.31447,0.1556,0.35094,0.35575,0.53363,0.28444,0.20432,0.60467,0.44639,-0.19765,-0.10076,1,0.8237,-0.12861,-0.35719,0.11893,-0.16854,0.59165,0.60806,0.70174,0.52684,-0.1867,-0.19547,-0.28698,-0.2119,-0.3705,-0.42618,-0.48545,-0.6619,-0.32088,-0.31901,-0.10082,-0.11859,0.109,0.024188,0.32102,0.31866,0.57302,0.62285,0.53516,0.63724,0.36537,0.30555,0.063499,-0.080318,0.019666,0.0098322,0.48571,0.45151,0.42282,0.29389,0.053732,-0.14403,0.068414,0.057855
-0.071412,-0.08752,0.0058175,-0.04401,0.40309,0.34376,-0.073791,-0.23572,0.41862,0.46362,-0.264,-0.44981,-0.20018,-0.26509,0.3814,0.39097,-0.25337,-0.18909,-0.044334,-0.14638,0.37125,0.43736,-0.091131,-0.19813,0.5453,0.55125,0.28339,0.29664,0.13647,0.10967,-0.15972,-0.3688,-0.31788,-0.43593,0.294,0.38856,0.27933,0.42674,0.3743,0.59715,0.17417,0.22196,0.74781,0.66676,0.19599,0.29181,0.8237,1,0.20087,0.0001346,0.295,0.1902,0.49047,0.48889,0.52552,0.58964,0.002829,0.005255,-0.042352,0.0093624,-0.1263,-0.18152,-0.33388,-0.47548,-0.15743,-0.1301,0.16415,0.22685,0.10349,0.17743,0.15842,0.21689,0.43235,0.47983,0.54717,0.55535,0.37667,0.27601,0.16629,0.11874,0.01482,0.025811,0.34571,0.37474,0.35669,0.33324,0.11949,0.14858,0.1722,0.30025
0.591,0.3314,0.45291,0.39298,0.0060088,0.0011061,0.61579,0.40281,0.070031,0.10683,0.14085,0.1186,0.32443,0.097916,-0.066484,-0.19643,-0.091241,-0.11306,-0.23154,-0.34962,0.24244,0.27503,0.25235,0.16479,0.30525,0.29095,0.15644,0.23198,-0.31999,-0.4056,0.0095418,-0.020378,-0.030909,0.01877,0.48901,0.38272,0.32595,0.19394,0.21627,0.22364,0.015358,0.15819,0.27563,0.25585,0.81468,0.74812,-0.12861,0.20087,1,0.74337,0.79328,0.87021,-0.1278,-0.22011,-0.1769,0.051166,0.29736,0.32224,0.47369,0.44351,0.49706,0.49627,0.35233,0.34778,0.66456,0.60296,0.59683,0.67735,-0.26862,0.22007,-0.38482,-0.29131,-0.24112,-0.35971,0.0078853,-0.22711,0.0018598,-0.13279,0.078553,-0.0052933,-0.38074,-0.37985,-0.42347,-0.3918,-0.23258,0.031742,0.088818,0.55178,0.281,0.35295
0.68322,0.63434,0.45262,0.36772,-0.047254,0.00080328,0.54893,0.51516,-0.07838,0.043508,-0.036952,0.19238,0.13671,0.12307,-0.10733,-0.21196,-0.16434,0.0072869,-0.35778,-0.40184,0.2799,0.31987,0.235,0.16962,0.036254,-0.00086227,0.12238,0.25225,-0.41277,-0.37171,0.0071333,0.054398,0.08237,0.19617,0.099916,-0.035773,0.14663,0.051425,0.068212,0.17342,-0.11273,0.076215,0.001234,0.060694,0.73919,0.76095,-0.35719,0.0001346,0.74337,1,0.3911,0.79826,-0.11561,-0.31695,-0.26458,0.1252,0.58308,0.62239,0.70998,0.71379,0.72293,0.72338,0.46245,0.63936,0.53745,0.60379,0.61014,0.63244,-0.043886,0.46447,-0.54074,-0.50497,-0.4332,-0.49006,-0.063186,-0.30472,-0.3539,-0.42437,0.11724,0.024574,-0.22938,-0.25694,-0.31737,-0.27253,-0.27846,-0.17217,0.27725,0.51846,0.34066,0.46567
0.29322,-0.045463,0.27779,0.22796,-0.068607,-0.12546,0.40989,0.1558,0.067592,0.036815,0.19902,0.017672,0.32661,-0.01427,-0.10386,-0.20105,0.14423,-0.031786,-0.11463,-0.24275,0.080338,0.11755,0.22696,0.12087,0.38508,0.37766,0.044818,0.076263,-0.067115,-0.20741,0.087909,0.008728,-0.24535,-0.25526,0.75781,0.61878,0.45765,0.34639,0.37385,0.21759,0.24685,0.34087,0.4541,0.48251,0.61671,0.53265,0.11893,0.295,0.79328,0.3911,1,0.70325,-0.17348,-0.12131,-0.11545,-0.065453,-0.017913,-0.030372,0.10928,0.080752,0.090324,0.12702,0.10237,-0.0028863,0.50789,0.4067,0.3094,0.39604,-0.42786,-0.11778,-0.088313,-0.048187,0.011614,-0.12128,0.0040105,-0.15527,0.2211,0.056984,0.17628,0.075523,-0.3359,-0.33766,-0.37566,-0.40152,0.026895,0.32093,-0.17456,0.44892,0.065807,0.11886
0.43648,0.31356,0.24851,0.22604,-0.15352,-0.070153,0.41641,0.31592,-0.12053,-0.059704,0.037054,0.13788,0.21828,0.1101,-0.17512,-0.24797,0.024835,0.06807,-0.25406,-0.28441,0.19883,0.22959,0.08881,0.051563,0.15301,0.14732,-0.016172,0.10828,-0.21985,-0.28569,-0.022749,-0.039502,-0.068595,-0.049599,0.35229,0.22267,0.36172,0.24704,0.23281,0.2004,0.016879,0.23407,0.27256,0.32088,0.81314,0.72075,-0.16854,0.1902,0.87021,0.79826,0.70325,1,-0.082353,-0.15906,-0.2274,0.041909,0.27758,0.30972,0.45579,0.42453,0.46813,0.5177,0.424,0.39771,0.48702,0.49053,0.46486,0.58433,-0.29007,0.1647,-0.42022,-0.33556,-0.2402,-0.36265,-0.088642,-0.30683,0.037799,-0.053101,0.18233,0.090536,-0.22012,-0.17637,-0.41203,-0.32968,-0.16178,0.19748,-0.01855,0.52956,0.16579,0.34496
