1,0.63614,0.25819,-0.10438,-0.43401,-0.40154,0.70965,0.21647,-0.32873,-0.40164,0.50026,0.10759,0.35385,0.029197,0.0069933,-0.068846,0.22285,0.11518,0.26891,0.54117,-0.013198,0.089534,-0.031115,-0.18343,-0.41394,-0.32935,-0.33976,-0.33567,0.29577,0.029857,-0.11618,-0.015808,0.010548,0.11666,-0.18186,-0.090577,-0.19469,-0.38199,-0.38864,-0.26095,0.01147,-0.097389,-0.13903,-0.37577,0.041597,0.10267,-0.3481,-0.40213,0.44045,0.29859,0.41765,0.1946,-0.16268,-0.21678,-0.44864,-0.54476,0.67602,0.52161,0.55672,0.48809,0.50435,0.44975,0.43175,0.37362,0.4619,0.38554,-0.045692,-0.16791,0.22074,0.10541,0.058117,-0.13935,-0.02413,0.0098575,-0.15277,-0.41965,-0.1725,-0.18436,0.031025,0.20316,0.27207,0.066357,-0.031472,-0.11693,-0.045807,-0.43834,-0.35966,-0.30142,-0.34291,-0.54971
0.63614,1,-0.016674,0.17895,-0.43319,-0.38976,0.50278,0.58073,-0.37259,-0.31535,0.22562,0.26801,0.2387,0.20191,-0.043253,-0.034564,0.26063,0.19954,0.11485,0.59614,0.0055118,0.096891,-0.13909,-0.2513,-0.4205,-0.31242,-0.2931,-0.36841,0.48889,0.24393,-0.034316,-0.0020408,0.32322,0.33011,-0.33424,-0.22421,-0.25922,-0.33794,-0.40874,-0.25114,0.089902,-0.051215,-0.2656,-0.48043,-0.10983,0.0037153,-0.4183,-0.51367,0.40937,0.31739,0.17965,0.13721,-0.10872,-0.1447,-0.47975,-0.49708,0.61854,0.70542,0.61015,0.70923,0.5705,0.69727,0.44804,0.6808,0.23037,0.54451,-0.16175,-0.2598,0.2063,0.10009,0.0069579,-0.11876,0.076274,0.077198,-0.27394,-0.39243,-0.3133,-0.26873,0.13134,0.15486,0.36014,0.40117,0.061955,0.040081,-0.43255,-0.45574,-0.30957,-0.33781,-0.56297,-0.55528
0.25819,-0.016674,1,0.47479,-0.20192,-0.2366,0.60615,0.25847,-0.32125,-0.36897,-0.1212,-0.44373,-0.29227,-0.38441,-0.32474,-0.37749,-0.23451,-0.31693,0.030835,-0.17086,0.15739,0.27349,0.68873,0.65358,0.049085,0.16091,-0.091414,-0.11021,-0.40842,-0.55234,0.28436,0.24252,-0.50499,-0.29786,0.41697,0.28047,-0.0067599,-0.35811,0.014625,-0.0012424,-0.0036072,-0.27693,0.48663,0.39383,0.35558,0.11673,0.29086,0.30538,0.0085526,-0.14153,0.2718,-0.010311,-0.0049802,-0.22104,-0.044745,-0.056324,0.11679,0.065973,0.12989,-0.02595,0.052934,-0.013882,-0.086779,-0.10332,0.35594,-0.25527,0.29591,0.098909,-0.0066421,-0.018089,0.26796,0.14381,-0.28304,-0.4076,-0.070785,-0.29175,-0.0056505,-0.059632,-0.042872,-0.014833,-0.31623,-0.51209,-0.20392,-0.21864,0.099431,0.059057,-0.12554,0.12789,-0.13746,0.012035
-0.10438,0.17895,0.47479,1,-0.17252,-0.11662,0.18266,0.72141,-0.31019,-0.13046,-0.40816,-0.079523,-0.41079,-0.017673,-0.2395,-0.12924,-0.35572,-0.2621,-0.099927,-0.078884,0.19745,0.33878,0.54056,0.65115,0.07473,0.25617,0.0043308,-0.0055898,-0.25959,-0.27704,0.33823,0.333,-0.14415,-0.17725,0.17663,0.12411,-0.17837,-0.32282,-0.10229,0.03963,0.030747,-0.16309,0.23229,0.32731,0.21666,0.17229,0.090144,0.14935,-0.020806,-0.061027,0.078045,0.1899,0.012042,-0.087443,-0.18618,-0.041726,-0.063463,0.01106,0.13041,0.18897,0.12113,0.11372,-0.1458,0.093375,0.054986,-0.071661,0.34038,0.21797,0.1691,0.10254,0.18965,0.22822,-0.2138,-0.45013,-0.29648,-0.31492,-0.14922,-0.23361,0.0047879,-0.23732,-0.18859,-0.14777,-0.06729,0.059652,-0.17427,0.37521,-0.035283,0.027919,-0.33686,0.15728
-0.43401,-0.43319,-0.20192,-0.17252,1,0.89007,-0.54331,-0.37397,0.87028,0.88172,-0.14547,-0.033817,-0.10225,0.058948,0.29025,0.2216,0.033566,0.097436,0.14893,-0.27014,-0.023594,-0.10291,0.019311,0.12529,0.87686,0.61307,0.78254,0.75695,-0.16621,0.010138,0.099655,-0.03323,0.052183,-0.027341,-0.090205,-0.33047,0.16013,0.38947,0.28784,0.22774,-0.065064,0.057778,-0.12333,-0.065589,-0.2954,-0.40639,0.042176,0.085032,-0.35501,-0.23306,-0.36748,-0.25626,0.12443,0.27029,0.33907,0.28137,-0.12685,-0.23498,-0.30361,-0.34041,-0.1888,-0.27759,-0.17421,-0.12689,-0.23664,-0.19353,-0.035493,-0.019815,-0.19221,-0.12442,0.23092,0.36011,0.24237,0.16036,0.33042,0.49206,0.14588,0.18552,0.07861,0.023836,-0.1321,-0.040727,0.0491,0.16753,-0.040179,0.14122,0.46538,0.25952,0.28528,0.12096
-0.40154,-0.38976,-0.2366,-0.11662,0.89007,1,-0.49028,-0.29534,0.82834,0.89817,-0.10067,0.067522,-0.052716,0.13041,0.33007,0.32757,0.066647,0.15956,0.17185,-0.20051,0.03498,-0.012011,-0.10857,0.056711,0.80116,0.59973,0.7554,0.81953,-0.07823,0.12514,0.031844,-0.07631,0.12346,0.049503,-0.12569,-0.3576,0.025828,0.29128,0.19257,0.13596,-0.029278,0.18286,-0.16098,-0.12403,-0.28375,-0.41022,-0.042874,0.034883,-0.26838,-0.21189,-0.265,-0.19334,0.1678,0.30987,0.25286,0.21409,-0.095758,-0.22952,-0.23112,-0.25908,-0.092937,-0.24382,-0.059113,-0.077009,-0.20356,-0.11149,-0.0045065,0.0028414,-0.13883,-0.079243,0.18682,0.38645,0.20306,0.21781,0.23759,0.44232,0.067062,0.14348,0.053427,0.035479,-0.053979,0.084554,0.1201,0.22923,-0.050278,0.17108,0.50746,0.22871,0.20821,0.1267
0.70965,0.50278,0.60615,0.18266,-0.54331,-0.49028,1,0.45045,-0.47264,-0.54913,0.32446,0.017392,0.2767,-0.065307,-0.15498,-0.18947,0.028666,-0.021572,0.098454,0.32418,0.080033,0.18391,0.18526,0.037077,-0.44459,-0.32291,-0.42497,-0.42257,0.18869,-0.095805,0.071395,0.079752,-0.16539,0.067381,0.061804,0.087974,-0.28278,-0.48407,-0.38064,-0.29422,0.00083499,-0.19467,0.030907,-0.16393,0.17945,0.10957,-0.17667,-0.20486,0.31507,0.1506,0.39281,0.11502,-0.12667,-0.28039,-0.36265,-0.38178,0.41167,0.36235,0.398,0.32475,0.36309,0.30386,0.36393,0.23586,0.54248,0.26159,0.010708,-0.1493,0.071937,-0.002808,0.07555,-0.063937,-0.19199,-0.078862,-0.24954,-0.43452,-0.21235,-0.17183,-0.030216,0.11019,0.093787,-0.061475,-0.10885,-0.1933,-0.034182,-0.3329,-0.35205,-0.19435,-0.32957,-0.31409
0.21647,0.58073,0.25847,0.72141,-0.37397,-0.29534,0.45045,1,-0.43629,-0.24798,-0.11179,0.19984,-0.11619,0.24632,-0.26856,-0.13443,-0.10382,-0.014696,0.013486,0.2096,0.13345,0.20106,0.18816,0.16383,-0.23468,-0.12347,-0.18721,-0.26301,0.093806,-0.05052,0.15587,0.13962,0.11649,0.18193,-0.075824,-0.051162,-0.32113,-0.40192,-0.35032,-0.18814,0.13838,-0.21633,-0.13406,-0.14228,-0.016519,0.06185,-0.18965,-0.20447,0.13698,0.094849,0.10669,0.19482,-0.090867,-0.16574,-0.34449,-0.2601,0.19353,0.29531,0.25503,0.3562,0.33901,0.40452,0.23462,0.44872,0.17627,0.34757,0.0080325,-0.06762,0.108,-0.012507,0.12127,0.11682,-0.080914,-0.17557,-0.32387,-0.36152,-0.2766,-0.23806,-0.02658,-0.070442,0.033555,0.11926,-0.095361,-0.04988,-0.36729,-0.043642,-0.23328,-0.17728,-0.39666,-0.10021
-0.32873,-0.37259,-0.32125,-0.31019,0.87028,0.82834,-0.47264,-0.43629,1,0.8597,0.037997,0.16718,0.2115,0.18522,0.60475,0.44218,0.12445,0.1953,0.16433,-0.18093,-0.055775,-0.09462,-0.16572,-0.064383,0.69077,0.47117,0.63362,0.66556,-0.0032443,0.23993,-0.071091,-0.12787,0.095834,-0.015612,-0.12948,-0.3226,0.1082,0.40077,0.25106,0.19265,-0.0751,0.16646,-0.24306,-0.21105,-0.32433,-0.39561,-0.060292,-0.060855,-0.29241,-0.14602,-0.28129,-0.17074,0.061533,0.19831,0.27798,0.16758,-0.059842,-0.21065,-0.23414,-0.26512,-0.16438,-0.2412,-0.083439,-0.13008,-0.13267,-0.077515,-0.11597,-0.039706,-0.14863,-0.055565,0.096449,0.23895,0.16161,0.2861,0.29993,0.46016,0.12828,0.16992,0.053029,0.085606,-0.0093328,0.11286,0.17758,0.2611,0.03689,0.14022,0.48535,0.25147,0.24233,0.0076292
-0.40164,-0.31535,-0.36897,-0.13046,0.88172,0.89817,-0.54913,-0.24798,0.8597,1,-0.024209,0.27106,0.04257,0.33138,0.42481,0.48761,0.12974,0.30741,0.25115,-0.16733,-0.073736,-0.13519,-0.10063,-0.027816,0.74581,0.51002,0.70666,0.72599,-0.02973,0.25258,-0.0058277,-0.12623,0.22123,0.04658,-0.19881,-0.43007,0.098748,0.41125,0.20338,0.21964,-0.0015545,0.15333,-0.28384,-0.2363,-0.41256,-0.4687,-0.08838,-0.073801,-0.35485,-0.22641,-0.39329,-0.23513,0.10865,0.24182,0.26227,0.25059,-0.11815,-0.24384,-0.28842,-0.27676,-0.12322,-0.22274,-0.06249,-0.039836,-0.22948,-0.076607,-0.12773,-0.11386,-0.15269,-0.13131,0.12108,0.2917,0.26104,0.27836,0.28783,0.49233,0.097259,0.12824,0.044949,0.10701,-0.024773,0.17592,0.10146,0.32662,-0.094147,0.18175,0.47032,0.24172,0.23188,0.11494
0.50026,0.22562,-0.1212,-0.40816,-0.14547,-0.10067,0.32446,-0.11179,0.037997,-0.024209,1,0.51862,0.67284,0.36532,0.31649,0.33421,0.40596,0.35594,0.33395,0.2652,-0.11023,-0.26743,-0.10102,-0.27042,-0.22545,-0.37848,-0.14544,-0.2161,0.26319,0.29227,-0.18051,-0.25556,0.17036,0.28275,-0.066683,-0.099119,-0.16056,-0.12537,-0.25747,-0.31942,0.051371,-0.062252,-0.151,-0.3985,-0.0050267,0.071205,-0.37896,-0.41845,0.27554,0.27852,0.24514,0.13005,-0.23528,-0.029719,-0.23134,-0.29468,0.22131,0.004041,0.14002,0.15941,0.17409,0.18884,0.40151,0.20541,0.45728,0.42644,-0.31538,-0.31509,-0.26171,-0.26241,0.050179,-0.17582,0.17163,0.30341,-0.0031757,-0.018747,-0.088699,-0.0091152,-0.070062,0.21436,0.07385,0.085651,-0.073272,-0.07449,0.15452,-0.17214,-0.03441,-0.083215,-0.24163,-0.32576
0.10759,0.26801,-0.44373,-0.079523,-0.033817,0.067522,0.017392,0.19984,0.16718,0.27106,0.51862,1,0.59952,0.85242,0.5054,0.77765,0.19078,0.54729,0.1228,0.24399,-0.007179,-0.10544,-0.22291,-0.3103,-0.15706,-0.23311,-0.10978,-0.11628,0.41503,0.70128,-0.040677,-0.09399,0.32018,0.28452,-0.29441,-0.27527,-0.28509,0.011385,-0.32566,-0.22447,0.062925,0.067936,-0.41458,-0.50416,-0.29431,-0.053061,-0.50881,-0.53524,0.15219,0.23747,-0.0096736,0.17535,-0.16669,0.017236,-0.29338,-0.25422,-0.023249,-0.075879,0.045192,0.22959,0.12307,0.23599,0.31819,0.31233,0.17097,0.52825,-0.3845,-0.32524,-0.12501,-0.1857,-0.018688,0.010504,0.13375,0.43065,-0.18608,0.0092073,-0.18932,-0.13229,-0.054128,0.13883,0.19739,0.48474,0.11126,0.29972,-0.13123,0.078006,0.13609,-0.014483,-0.31474,-0.24408
0.35385,0.2387,-0.29227,-0.41079,-0.10225,-0.052716,0.2767,-0.11619,0.2115,0.04257,0.67284,0.59952,1,0.50585,0.57203,0.51424,0.27776,0.39008,0.0075638,0.21357,-0.087611,-0.081912,-0.32365,-0.44021,-0.23282,-0.22401,-0.21613,-0.11087,0.54358,0.55501,-0.10516,-0.063972,0.1467,0.19554,-0.28872,-0.20519,-0.29781,-0.10306,-0.30392,-0.19627,-0.12856,0.067763,-0.37561,-0.52992,-0.16548,-0.039961,-0.51643,-0.53039,0.21105,0.23441,0.093897,0.066049,-0.21063,-0.0082359,-0.25441,-0.28999,0.12428,0.027906,0.16194,0.23799,0.1832,0.25351,0.46096,0.28051,0.28203,0.43629,-0.34113,-0.32328,-0.095748,-0.10165,-0.17261,-0.21817,0.0055828,0.32357,-0.16878,-0.06879,-0.17376,-0.15585,0.076192,0.15117,0.40429,0.41337,0.16185,0.20582,-0.031944,-0.20384,0.035145,-0.13454,-0.22117,-0.3183
0.029197,0.20191,-0.38441,-0.017673,0.058948,0.13041,-0.065307,0.24632,0.18522,0.33138,0.36532,0.85242,0.50585,1,0.40876,0.63912,0.1865,0.52992,0.097391,0.09432,-0.02609,-0.076495,-0.15289,-0.2431,-0.04584,-0.11095,-0.0036508,-0.041562,0.27143,0.57502,-0.033645,-0.10807,0.20589,0.17419,-0.30527,-0.31179,-0.207,0.020654,-0.19484,-0.15598,0.10972,0.010517,-0.40476,-0.44402,-0.30687,-0.075581,-0.44289,-0.42933,0.050195,0.15295,-0.10052,0.072045,-0.18062,0.0040303,-0.18203,-0.135,-0.033649,-0.058424,0.023624,0.16112,0.10551,0.23912,0.29214,0.32879,0.07812,0.38942,-0.31385,-0.29346,-0.1307,-0.18325,0.031929,0.054985,0.11663,0.3437,-0.15336,0.060632,-0.13113,-0.12911,-0.079751,0.15015,0.1156,0.42353,0.097781,0.27884,-0.19908,0.083989,0.17132,0.03083,-0.24918,-0.1291
0.0069933,-0.043253,-0.32474,-0.2395,0.29025,0.33007,-0.15498,-0.26856,0.60475,0.42481,0.31649,0.5054,0.57203,0.40876,1,0.72849,0.15555,0.28704,0.13358,0.039539,-0.061599,0.15553,-0.1937,-0.17324,0.16887,0.14193,0.2029,0.24697,0.34423,0.63006,-0.18766,-0.16923,0.12477,-0.085315,-0.17399,-0.20791,-0.15804,0.12719,0.12496,0.041696,-0.066935,0.3738,-0.20405,-0.30774,-0.10961,-0.10697,-0.2308,-0.20476,0.050377,0.10068,-0.017331,0.02392,-0.021303,0.050594,-0.03108,-0.065236,-0.020135,-0.098082,0.0046709,0.091229,-0.015694,-0.012824,0.013767,-0.071798,0.040682,0.1363,-0.19847,-0.15744,0.022699,0.01917,-0.033022,-0.046759,0.10659,0.31169,0.066066,0.19775,-0.025213,-0.11946,-0.013639,0.038447,0.24515,0.44268,0.58887,0.56317,0.15667,0.2517,0.36043,0.15072,-0.087927,-0.10244
-0.068846,-0.034564,-0.37749,-0.12924,0.2216,0.32757,-0.18947,-0.13443,0.44218,0.48761,0.33421,0.77765,0.51424,0.63912,0.72849,1,0.089462,0.47721,0.043923,0.018776,0.031421,0.077756,-0.14835,-0.14594,0.11194,0.082455,0.097251,0.21761,0.27895,0.73798,-0.045083,-0.097956,0.12286,0.0147,-0.19118,-0.19212,-0.2049,0.11994,-0.14093,0.021137,-0.030217,0.266,-0.19888,-0.29101,-0.20388,-0.065467,-0.30921,-0.32089,0.054805,0.1278,-0.031347,0.086652,-0.025164,0.095713,-0.11547,-0.073285,-0.134,-0.19224,-0.014515,0.12475,0.012908,0.069851,0.12279,0.061323,0.089478,0.24438,-0.26474,-0.24496,-0.086061,-0.12399,0.026298,0.098981,0.10692,0.40346,-0.068094,0.17924,-0.11034,-0.10939,-0.095259,0.1317,0.13196,0.44937,0.26155,0.57641,0.035761,0.31837,0.29341,0.2076,-0.18388,-0.13014
0.22285,0.26063,-0.23451,-0.35572,0.033566,0.066647,0.028666,-0.10382,0.12445,0.12974,0.40596,0.19078,0.27776,0.1865,0.15555,0.089462,1,0.67107,0.28799,0.33175,-0.21925,-0.18813,-0.31611,-0.31691,-0.16956,-0.25173,-0.060174,-0.076055,0.38839,0.31801,-0.25965,-0.29581,0.36757,0.32353,-0.32209,-0.26194,0.016699,0.10967,0.052823,-0.10233,-0.018521,0.076828,-0.34677,-0.47566,-0.36149,-0.33642,-0.15736,-0.23096,-0.064363,-0.072647,-0.28155,-0.36183,-0.11159,-0.10943,0.08423,-0.020884,0.58413,0.33002,0.016537,-0.028069,0.095289,0.028296,0.20476,0.13327,-0.092976,0.13342,-0.42083,-0.36644,-0.10423,-0.13173,-0.013956,-0.12064,0.32158,0.42288,0.2104,0.1829,0.12429,0.2166,0.28347,0.48371,0.2188,0.20566,0.11498,-0.019634,-0.28648,-0.44241,0.17628,-0.083088,-0.046195,-0.27561
0.11518,0.19954,-0.31693,-0.2621,0.097436,0.15956,-0.021572,-0.014696,0.1953,0.30741,0.35594,0.54729,0.39008,0.52992,0.28704,0.47721,0.67107,1,0.19567,0.26788,-0.020565,-0.11814,-0.27974,-0.30965,-0.090364,-0.20312,-0.061449,0.00788,0.42074,0.51142,-0.030738,-0.14714,0.35151,0.31987,-0.35831,-0.35737,-0.1414,0.14997,-0.18082,-0.16414,0.0062539,0.020173,-0.3625,-0.46677,-0.41353,-0.31005,-0.33742,-0.35644,-0.026639,-0.033087,-0.2412,-0.18063,-0.11008,0.022375,-0.1022,-0.082863,0.3499,0.238,-0.075531,-0.0061791,0.01224,0.05275,0.25369,0.17935,-0.12402,0.15863,-0.44171,-0.44682,-0.1042,-0.2036,0.10295,0.07889,0.30637,0.52394,0.089507,0.1881,0.011206,0.12124,0.1871,0.59957,0.23742,0.38795,0.07442,0.10356,-0.32424,-0.27559,0.19757,-0.088436,-0.13657,-0.24329
0.26891,0.11485,0.030835,-0.099927,0.14893,0.17185,0.098454,0.013486,0.16433,0.25115,0.33395,0.1228,0.0075638,0.097391,0.13358,0.043923,0.28799,0.19567,1,0.36356,-0.063851,-0.18599,0.087584,-0.096354,0.080995,-0.13456,0.11429,0.016037,-0.014437,-0.03727,-0.1315,-0.27168,0.29415,0.17356,-0.11067,-0.28992,0.209,0.20212,0.031868,-0.10262,0.32366,0.01958,-0.23545,-0.35883,-0.18109,-0.28089,-0.025934,-0.10635,-0.078814,-0.031425,-0.09485,-0.072209,0.023766,0.044732,0.087673,0.019632,0.29247,0.12725,-0.060611,-0.14258,-0.0090097,-0.077195,0.097876,-0.017081,0.026962,-0.0023038,-0.052493,-0.14083,0.069656,0.026336,0.24336,0.098197,0.32547,0.22194,0.36759,0.20327,0.29771,0.27272,-0.10324,0.18467,-0.099354,-0.097034,-0.11509,-0.14956,-0.033497,-0.24666,0.062271,0.013224,0.11899,-0.078764
0.54117,0.59614,-0.17086,-0.078884,-0.27014,-0.20051,0.32418,0.2096,-0.18093,-0.16733,0.2652,0.24399,0.21357,0.09432,0.039539,0.018776,0.33175,0.26788,0.36356,1,-0.0024932,-0.10765,-0.2668,-0.31525,-0.41393,-0.43447,-0.26284,-0.29426,0.42343,0.2347,-0.1178,-0.10137,0.42707,0.4408,-0.43044,-0.24763,-0.044178,0.013243,-0.35858,-0.21871,0.1571,0.056642,-0.3766,-0.45288,-0.25734,-0.078362,-0.29171,-0.38012,0.25642,0.22246,0.013514,0.025019,0.048188,-0.07759,-0.22039,-0.29864,0.53837,0.51616,0.33573,0.37687,0.30609,0.26112,0.27066,0.24564,-0.045064,0.30037,-0.11435,-0.083838,0.41841,0.29027,0.0023441,0.043909,0.22285,0.30722,-0.01654,-0.13508,-0.027378,0.092185,0.033875,0.16324,0.27829,0.20036,-0.05398,-0.12558,-0.30789,-0.51654,-0.19015,-0.34029,-0.1796,-0.43169
-0.013198,0.0055118,0.15739,0.19745,-0.023594,0.03498,0.080033,0.13345,-0.055775,-0.073736,-0.11023,-0.007179,-0.087611,-0.02609,-0.061599,0.031421,-0.21925,-0.020565,-0.063851,-0.0024932,1,0.47397,0.22887,0.14436,0.068078,0.10629,0.20739,0.20043,-0.011289,-0.21833,0.54304,0.39618,-0.0060717,0.11283,0.19288,0.13972,-0.20361,-0.26666,-0.41641,-0.19576,0.22645,-0.1861,0.062052,0.086355,0.11293,0.11327,-0.18581,-0.16788,0.12021,0.038803,0.19455,0.28969,0.077484,0.10288,-0.25584,-0.2424,-0.04765,0.0057866,-0.015477,0.09108,-0.061861,-0.035261,0.043071,0.044135,0.064478,-0.061835,0.090365,0.017772,0.026388,-0.0055596,0.47905,0.38802,0.032336,-0.080176,-0.15288,-0.25031,-0.10045,-0.1142,0.061424,-0.12727,-0.068395,-0.15377,-0.21743,-0.1479,-0.11094,0.05902,0.16388,-0.014259,-0.16811,0.0052744
0.089534,0.096891,0.27349,0.33878,-0.10291,-0.012011,0.18391,0.20106,-0.09462,-0.13519,-0.26743,-0.10544,-0.081912,-0.076495,0.15553,0.077756,-0.18813,-0.11814,-0.18599,-0.10765,0.47397,1,0.15323,0.24833,0.065991,0.37366,0.14346,0.26643,0.1654,0.035498,0.24737,0.36034,-0.25853,-0.22057,0.11199,0.18293,-0.34448,-0.38583,-0.051171,-0.0023183,0.0057549,0.28351,0.13026,0.095319,0.22272,0.11605,-0.053197,0.069834,0.11176,-0.012261,0.23286,0.16356,0.10952,-0.11462,-0.22863,-0.20159,0.065239,0.12526,0.18203,0.19953,0.056447,0.079786,-0.09383,0.020837,0.12303,-0.067025,0.13721,0.066226,0.12686,0.090502,0.23979,0.13918,-0.1142,-0.20888,-0.20809,-0.2846,-0.23421,-0.39548,0.20281,-0.10165,0.19202,0.11281,0.39626,0.33166,0.0086219,0.22801,0.14895,0.023808,-0.22584,0.052743
-0.031115,-0.13909,0.68873,0.54056,0.019311,-0.10857,0.18526,0.18816,-0.16572,-0.10063,-0.10102,-0.22291,-0.32365,-0.15289,-0.1937,-0.14835,-0.31611,-0.27974,0.087584,-0.2668,0.22887,0.15323,1,0.83058,0.26331,0.27738,0.098785,0.0088289,-0.53696,-0.52206,0.50391,0.35595,-0.37578,-0.34659,0.38879,0.15539,0.086889,-0.18561,0.025399,0.10864,0.064899,-0.30986,0.44463,0.39723,0.2659,0.095149,0.23976,0.21788,-0.11604,-0.1509,0.03858,0.0026494,-0.03775,-0.10514,-0.0031873,0.072181,-0.142,-0.12034,-0.10665,-0.13296,-0.17952,-0.13563,-0.36329,-0.15955,0.17526,-0.33278,0.2218,0.034814,-0.050879,-0.044504,0.40508,0.24941,-0.16168,-0.46626,-0.038294,-0.20772,0.065614,-0.066861,-0.068644,-0.14973,-0.47695,-0.54578,-0.29464,-0.12064,0.092953,0.27895,-0.0022595,0.28259,-0.12211,0.15154
-0.18343,-0.2513,0.65358,0.65115,0.12529,0.056711,0.037077,0.16383,-0.064383,-0.027816,-0.27042,-0.3103,-0.44021,-0.2431,-0.17324,-0.14594,-0.31691,-0.30965,-0.096354,-0.31525,0.14436,0.24833,0.83058,1,0.3827,0.45506,0.17522,0.156,-0.56064,-0.45877,0.43831,0.34746,-0.3908,-0.32965,0.35242,0.20845,0.032678,-0.15951,0.15362,0.0995,-0.050589,-0.17772,0.53046,0.5553,0.30989,0.12619,0.3136,0.37148,-0.12306,-0.19499,0.033507,0.0016558,0.05378,-0.057853,0.059207,0.11707,-0.14155,-0.17594,-0.090322,-0.15045,-0.15154,-0.16393,-0.40094,-0.21568,0.068526,-0.3553,0.2892,0.18881,-0.066873,-0.067766,0.35782,0.30465,-0.20536,-0.4663,-0.076247,-0.13533,0.038029,-0.039862,-0.048989,-0.13065,-0.45684,-0.50692,-0.1316,-0.057316,0.1006,0.42741,0.14183,0.29218,-0.13794,0.19456
-0.41394,-0.4205,0.049085,0.07473,0.87686,0.80116,-0.44459,-0.23468,0.69077,0.74581,-0.22545,-0.15706,-0.23282,-0.04584,0.16887,0.11194,-0.16956,-0.090364,0.080995,-0.41393,0.068078,0.065991,0.26331,0.3827,1,0.82319,0.78292,0.76684,-0.25064,-0.17592,0.31108,0.20047,-0.058647,-0.12246,0.079957,-0.2099,0.075041,0.19469,0.23793,0.28573,-0.10541,0.041673,0.082368,0.11236,-0.1048,-0.30235,0.087072,0.14513,-0.2545,-0.22966,-0.15601,-0.1124,0.16255,0.27236,0.18441,0.17399,-0.20355,-0.25224,-0.22971,-0.29241,-0.17224,-0.2214,-0.23453,-0.080191,-0.11533,-0.23594,0.10401,0.041085,-0.17551,-0.10339,0.27759,0.36382,0.12007,-0.10289,0.17493,0.29176,0.0086084,-0.013512,0.12336,-0.09011,-0.11428,-0.11404,0.031063,0.21659,0.026725,0.27933,0.38869,0.26487,0.13998,0.15059
-0.32935,-0.31242,0.16091,0.25617,0.61307,0.59973,-0.32291,-0.12347,0.47117,0.51002,-0.37848,-0.23311,-0.22401,-0.11095,0.14193,0.082455,-0.25173,-0.20312,-0.13456,-0.43447,0.10629,0.37366,0.27738,0.45506,0.82319,1,0.59813,0.73646,-0.094524,-0.12748,0.37431,0.45837,-0.17792,-0.27797,0.064919,-0.095619,-0.1007,-0.031871,0.17918,0.41048,-0.27273,0.13864,0.154,0.19646,-0.00089791,-0.1794,0.07216,0.14069,-0.20528,-0.26934,-0.06127,-0.091289,0.15375,0.083742,0.03294,0.074211,-0.15337,-0.14326,-0.11902,-0.16613,-0.12551,-0.15846,-0.25948,-0.022037,-0.096788,-0.27472,0.18481,0.11219,-0.024982,0.032351,0.10095,0.2093,-0.085683,-0.28169,-0.023429,0.046893,-0.19956,-0.30592,0.2728,-0.20197,0.13228,0.009236,0.17093,0.4509,0.06254,0.34857,0.24515,0.23678,0.033477,0.14352
-0.33976,-0.2931,-0.091414,0.0043308,0.78254,0.7554,-0.42497,-0.18721,0.63362,0.70666,-0.14544,-0.10978,-0.21613,-0.0036508,0.2029,0.097251,-0.060174,-0.061449,0.11429,-0.26284,0.20739,0.14346,0.098785,0.17522,0.78292,0.59813,1,0.74714,-0.19146,-0.12874,0.059206,-0.052632,-0.004023,-0.055713,0.099291,-0.15635,0.04308,0.057851,0.21729,0.15612,0.056436,0.052161,-0.0025237,0.01464,-0.062487,-0.20648,0.00080528,0.077254,-0.22487,-0.12161,-0.14406,-0.042812,0.097684,0.22068,0.1612,0.12683,-0.15567,-0.16998,-0.18719,-0.17688,-0.12726,-0.18756,-0.18158,-0.10751,-0.11242,-0.16152,0.086546,0.10287,-0.13729,-0.023463,0.30229,0.27483,0.1926,-0.050005,0.20542,0.27502,0.052698,0.02231,0.01908,-0.11742,-0.13433,-0.046318,0.11668,0.20432,0.098264,0.27447,0.38708,0.21964,0.16039,0.15207
-0.33567,-0.36841,-0.11021,-0.0055898,0.75695,0.81953,-0.42257,-0.26301,0.66556,0.72599,-0.2161,-0.11628,-0.11087,-0.041562,0.24697,0.21761,-0.076055,0.00788,0.016037,-0.29426,0.20043,0.26643,0.0088289,0.156,0.76684,0.73646,0.74714,1,-0.056034,-0.028477,0.17096,0.14534,0.013172,-0.044363,-0.046313,-0.19269,-0.049942,0.12562,0.078887,0.23413,-0.097726,0.19635,-0.0061219,0.060796,-0.13911,-0.29196,-0.034385,0.047324,-0.25626,-0.27493,-0.13779,-0.13286,0.15488,0.21937,0.14102,0.17115,-0.14103,-0.20688,-0.23129,-0.23152,-0.1525,-0.26129,-0.1334,-0.081403,-0.17137,-0.21306,0.061999,-0.0079047,-0.11252,-0.093334,0.14593,0.28367,0.16411,-0.037359,0.18635,0.29499,-0.064977,-0.077846,0.18303,-0.016492,0.066408,0.040739,0.084485,0.30536,0.03602,0.24262,0.4114,0.14068,0.21166,0.23599
0.29577,0.48889,-0.40842,-0.25959,-0.16621,-0.07823,0.18869,0.093806,-0.0032443,-0.02973,0.26319,0.41503,0.54358,0.27143,0.34423,0.27895,0.38839,0.42074,-0.014437,0.42343,-0.011289,0.1654,-0.53696,-0.56064,-0.25064,-0.094524,-0.19146,-0.056034,1,0.64019,-0.039171,0.095824,0.40127,0.31778,-0.50571,-0.27738,-0.36735,-0.1314,-0.31235,-0.087112,-0.16709,0.32554,-0.44033,-0.58378,-0.32602,-0.17937,-0.4861,-0.50889,0.23786,0.12816,-0.0008599,0.0045015,0.063999,-0.0029764,-0.35729,-0.34902,0.31557,0.34159,0.17585,0.30823,0.21727,0.2745,0.36832,0.39603,-0.041882,0.4397,-0.42344,-0.38622,0.11355,0.03378,-0.21025,-0.23779,0.25427,0.40953,-0.11638,-0.071309,-0.31161,-0.27889,0.38332,0.11498,0.82856,0.71451,0.41269,0.38411,-0.20679,-0.37106,-0.080963,-0.34465,-0.21856,-0.35957
0.029857,0.24393,-0.55234,-0.27704,0.010138,0.12514,-0.095805,-0.05052,0.23993,0.25258,0.29227,0.70128,0.55501,0.57502,0.63006,0.73798,0.31801,0.51142,-0.03727,0.2347,-0.21833,0.035498,-0.52206,-0.45877,-0.17592,-0.12748,-0.12874,-0.028477,0.64019,1,-0.29709,-0.28301,0.29962,0.19113,-0.45419,-0.26886,-0.21906,0.1233,-0.047184,-0.080214,-0.075038,0.44687,-0.35016,-0.48278,-0.32174,-0.10582,-0.31467,-0.33211,0.11748,0.17872,-0.12097,-0.047754,-0.0029173,0.0034721,-0.10516,-0.12759,0.061724,0.055578,0.096957,0.24798,0.16508,0.24196,0.24316,0.22764,-0.050465,0.4235,-0.44477,-0.3251,-0.050819,-0.11593,-0.17496,-0.099226,0.23369,0.57988,-0.025722,0.20548,-0.18006,-0.094382,-0.037614,0.21953,0.42775,0.77098,0.51151,0.57526,-0.089511,0.0044077,0.10732,0.0039498,-0.17475,-0.25796
-0.11618,-0.034316,0.28436,0.33823,0.099655,0.031844,0.071395,0.15587,-0.071091,-0.0058277,-0.18051,-0.040677,-0.10516,-0.033645,-0.18766,-0.045083,-0.25965,-0.030738,-0.1315,-0.1178,0.54304,0.24737,0.50391,0.43831,0.31108,0.37431,0.059206,0.17096,-0.039171,-0.29709,1,0.82099,-0.0060265,0.092172,0.13018,0.037096,-0.18632,-0.17132,-0.35829,-0.047991,-0.059255,-0.28551,0.17946,0.1646,0.0061769,-0.047976,-0.14478,-0.12454,0.046346,-0.14146,0.034281,0.050546,0.052596,0.099359,-0.26356,-0.14724,-0.075159,-0.057053,-0.12511,-0.052352,-0.15841,-0.091762,-0.079948,0.095199,0.0039957,-0.15374,-0.0030101,-0.19803,-0.034854,-0.15014,0.34262,0.38753,-0.070277,-0.21007,-0.24335,-0.25767,-0.2352,-0.25167,0.3185,-0.12472,-0.0036102,-0.20263,-0.2972,-0.13979,-0.2846,0.013054,0.1369,-0.0063993,-0.27313,0.0071056
-0.015808,-0.0020408,0.24252,0.333,-0.03323,-0.07631,0.079752,0.13962,-0.12787,-0.12623,-0.25556,-0.09399,-0.063972,-0.10807,-0.16923,-0.097956,-0.29581,-0.14714,-0.27168,-0.10137,0.39618,0.36034,0.35595,0.34746,0.20047,0.45837,-0.052632,0.14534,0.095824,-0.28301,0.82099,1,-0.10362,-0.046705,0.057791,0.090906,-0.2722,-0.25397,-0.3204,0.13337,-0.22299,-0.13428,0.073724,0.14247,-0.0089082,-0.017631,-0.15296,-0.14194,0.028074,-0.18694,0.087586,0.087966,-0.02018,-0.087369,-0.34517,-0.24622,-0.027408,-0.0010718,-0.053422,-0.01254,-0.18348,-0.082418,-0.14257,0.10065,-0.014207,-0.1506,0.060597,-0.039495,0.14001,0.073214,0.020183,0.10461,-0.29915,-0.3466,-0.39395,-0.43136,-0.36991,-0.46879,0.49744,-0.2625,0.26398,-0.099813,-0.12384,0.018967,-0.17719,0.047301,0.024753,-0.093998,-0.2198,-0.048499
0.010548,0.32322,-0.50499,-0.14415,0.052183,0.12346,-0.16539,0.11649,0.095834,0.22123,0.17036,0.32018,0.1467,0.20589,0.12477,0.12286,0.36757,0.35151,0.29415,0.42707,-0.0060717,-0.25853,-0.37578,-0.3908,-0.058647,-0.17792,-0.004023,0.013172,0.40127,0.29962,-0.0060265,-0.10362,1,0.73291,-0.40124,-0.38003,-0.089679,0.14502,-0.24549,-0.16763,0.1089,0.12473,-0.4188,-0.4614,-0.3478,-0.28506,-0.34648,-0.40637,0.050147,-0.011697,-0.19486,-0.11319,0.02217,0.14387,-0.14354,-0.10829,0.2308,0.1946,-0.052072,0.057286,0.077203,0.035682,0.18109,0.18077,-0.2937,0.18809,-0.28591,-0.23457,0.050724,-0.018812,-0.12275,-0.020432,0.30176,0.32685,0.043385,0.10849,-0.055923,0.054993,0.14961,0.16662,0.33791,0.36327,0.012817,-0.007086,-0.34545,-0.34532,0.059149,-0.2315,-0.11754,-0.16187
0.11666,0.33011,-0.29786,-0.17725,-0.027341,0.049503,0.067381,0.18193,-0.015612,0.04658,0.28275,0.28452,0.19554,0.17419,-0.085315,0.0147,0.32353,0.31987,0.17356,0.4408,0.11283,-0.22057,-0.34659,-0.32965,-0.12246,-0.27797,-0.055713,-0.044363,0.31778,0.19113,0.092172,-0.046705,0.73291,1,-0.34035,-0.24798,-0.16207,-0.009952,-0.38005,-0.37443,0.1357,-0.028342,-0.34341,-0.38768,-0.25754,-0.1603,-0.35663,-0.38505,0.13708,0.05933,-0.040267,-0.041116,-0.081822,0.093359,-0.1786,-0.21715,0.25083,0.18677,0.042119,0.084636,0.1347,0.15492,0.36366,0.29021,-0.082693,0.33163,-0.31207,-0.22548,-0.17301,-0.19835,-0.010427,0.060723,0.26144,0.33685,0.002402,0.044624,-0.16946,0.11825,0.14696,0.26163,0.17023,0.16652,-0.20097,-0.29182,-0.35663,-0.42179,0.07823,-0.24566,-0.21359,-0.24361
-0.18186,-0.33424,0.41697,0.17663,-0.090205,-0.12569,0.061804,-0.075824,-0.12948,-0.19881,-0.066683,-0.29441,-0.28872,-0.30527,-0.17399,-0.19118,-0.32209,-0.35831,-0.11067,-0.43044,0.19288,0.11199,0.38879,0.35242,0.079957,0.064919,0.099291,-0.046313,-0.50571,-0.45419,0.13018,0.057791,-0.40124,-0.34035,1,0.70463,0.060768,-0.16596,0.12243,0.059989,0.02758,-0.23721,0.5366,0.55697,0.53824,0.35357,0.38295,0.40671,-0.064307,-0.042088,0.28063,0.16824,-0.09722,-0.071439,0.050722,0.08909,-0.33098,-0.29629,-0.15456,-0.19742,-0.2776,-0.3018,-0.30593,-0.3894,0.33091,-0.30227,0.30412,0.28064,-0.14172,-0.059238,0.14662,0.051197,-0.26085,-0.32275,-0.020719,-0.082123,0.06738,-0.00070883,-0.19603,-0.21825,-0.46255,-0.46883,-0.1648,-0.17393,0.42446,0.4399,-0.026985,0.15551,-0.0016448,0.24323
-0.090577,-0.22421,0.28047,0.12411,-0.33047,-0.3576,0.087974,-0.051162,-0.3226,-0.43007,-0.099119,-0.27527,-0.20519,-0.31179,-0.20791,-0.19212,-0.26194,-0.35737,-0.28992,-0.24763,0.13972,0.18293,0.15539,0.20845,-0.2099,-0.095619,-0.15635,-0.19269,-0.27738,-0.26886,0.037096,0.090906,-0.38003,-0.24798,0.70463,1,-0.04291,-0.24063,0.051451,-0.014376,-0.098303,-0.10314,0.46482,0.53684,0.51655,0.5866,0.28624,0.32142,0.05401,0.077056,0.28583,0.20743,-0.044272,-0.25279,-0.011686,0.011674,-0.2856,-0.2651,-0.0030918,-0.036093,-0.16402,-0.14694,-0.26602,-0.33056,0.27429,-0.1469,0.22961,0.31276,-0.04684,-0.059518,-0.08192,-0.19714,-0.2742,-0.31691,-0.13381,-0.17376,0.026356,-0.037555,-0.062372,-0.15673,-0.22085,-0.35426,-0.067087,-0.15586,0.36556,0.34639,-0.072292,-0.046561,0.00136,0.17224
-0.19469,-0.25922,-0.0067599,-0.17837,0.16013,0.025828,-0.28278,-0.32113,0.1082,0.098748,-0.16056,-0.28509,-0.29781,-0.207,-0.15804,-0.2049,0.016699,-0.1414,0.209,-0.044178,-0.20361,-0.34448,0.086889,0.032678,0.075041,-0.1007,0.04308,-0.049942,-0.36735,-0.21906,-0.18632,-0.2722,-0.089679,-0.16207,0.060768,-0.04291,1,0.6319,0.52027,0.21293,0.41084,0.11159,0.1864,0.24767,-0.12892,-0.20629,0.57382,0.42634,-0.34345,-0.22273,-0.31192,-0.31603,0.22648,0.045582,0.62447,0.5061,-0.066472,-0.1342,-0.22263,-0.34392,-0.21255,-0.29543,-0.23591,-0.31041,-0.25683,-0.37887,0.045159,0.023199,-0.052223,0.031488,-0.092595,0.010837,0.15316,0.037363,0.45457,0.35742,0.50936,0.51054,-0.13444,0.074198,-0.38581,-0.36687,-0.22486,-0.26588,0.04621,-0.08371,0.054541,0.33575,0.42185,0.23736
-0.38199,-0.33794,-0.35811,-0.32282,0.38947,0.29128,-0.48407,-0.40192,0.40077,0.41125,-0.12537,0.011385,-0.10306,0.020654,0.12719,0.11994,0.10967,0.14997,0.20212,0.013243,-0.26666,-0.38583,-0.18561,-0.15951,0.19469,-0.031871,0.057851,0.12562,-0.1314,0.1233,-0.17132,-0.25397,0.14502,-0.009952,-0.16596,-0.24063,0.6319,1,0.46606,0.24303,0.20281,0.28287,-0.089196,0.022084,-0.35521,-0.34785,0.35191,0.28707,-0.37092,-0.24512,-0.4661,-0.3837,0.26803,0.18785,0.57047,0.55823,-0.13417,-0.17869,-0.34801,-0.38001,-0.28822,-0.3509,-0.21518,-0.31866,-0.44573,-0.29968,-0.1407,-0.06223,-0.023432,-0.0041093,-0.12566,0.12525,0.25687,0.31582,0.48435,0.56489,0.42395,0.45326,-0.037073,0.13313,-0.15441,-0.041472,-0.037878,-0.059614,-0.021312,-0.04256,0.24115,0.23259,0.52057,0.27802
-0.38864,-0.40874,0.014625,-0.10229,0.28784,0.19257,-0.38064,-0.35032,0.25106,0.20338,-0.25747,-0.32566,-0.30392,-0.19484,0.12496,-0.14093,0.052823,-0.18082,0.031868,-0.35858,-0.41641,-0.051171,0.025399,0.15362,0.23793,0.17918,0.21729,0.078887,-0.31235,-0.047184,-0.35829,-0.3204,-0.24549,-0.38005,0.12243,0.051451,0.52027,0.46606,1,0.28228,0.14646,0.34939,0.19787,0.291,0.029396,-0.12329,0.62121,0.66067,-0.42605,-0.25711,-0.3513,-0.36696,0.12984,-0.020173,0.68716,0.58695,-0.1798,-0.21608,-0.2038,-0.3549,-0.23357,-0.30496,-0.38307,-0.41585,-0.28782,-0.42363,0.12077,0.21555,-0.06968,0.062676,-0.15727,-0.18699,-0.032645,-0.033517,0.41221,0.37303,0.39345,0.26074,-0.056728,-0.087567,-0.29813,-0.14598,0.42885,0.099888,0.18582,0.24609,0.30075,0.38808,0.4305,0.36938
-0.26095,-0.25114,-0.0012424,0.03963,0.22774,0.13596,-0.29422,-0.18814,0.19265,0.21964,-0.31942,-0.22447,-0.19627,-0.15598,0.041696,0.021137,-0.10233,-0.16414,-0.10262,-0.21871,-0.19576,-0.0023183,0.10864,0.0995,0.28573,0.41048,0.15612,0.23413,-0.087112,-0.080214,-0.047991,0.13337,-0.16763,-0.37443,0.059989,-0.014376,0.21293,0.24303,0.28228,1,-0.12716,0.20419,0.038092,0.14447,-0.11313,-0.15276,0.33938,0.19575,-0.33763,-0.25458,-0.23635,-0.2079,0.012614,-0.12429,0.23837,0.28538,-0.18113,-0.073152,-0.25851,-0.24577,-0.27396,-0.28298,-0.33494,-0.19763,-0.24016,-0.3762,0.057284,0.082925,0.11422,0.21802,-0.19957,-0.048522,0.0018899,-0.09007,0.18839,0.22205,-0.017832,-0.18378,0.037012,-0.24494,0.041525,0.033215,0.033705,0.51023,0.21512,0.26245,-0.1523,0.30097,0.31408,0.19096
0.01147,0.089902,-0.0036072,0.030747,-0.065064,-0.029278,0.00083499,0.13838,-0.0751,-0.0015545,0.051371,0.062925,-0.12856,0.10972,-0.066935,-0.030217,-0.018521,0.0062539,0.32366,0.1571,0.22645,0.0057549,0.064899,-0.050589,-0.10541,-0.27273,0.056436,-0.097726,-0.16709,-0.075038,-0.059255,-0.22299,0.1089,0.1357,0.02758,-0.098303,0.41084,0.20281,0.14646,-0.12716,1,0.18888,-0.02394,0.00052496,-0.068149,-0.090287,0.13454,0.071026,-0.15034,-0.054657,-0.11449,-0.014727,0.072018,0.068941,0.2695,0.15825,0.03702,-0.025309,-0.058449,-0.055137,-0.021072,-0.039646,0.10503,0.0061821,-0.048028,-0.04602,0.010963,-0.057834,-0.095658,-0.065141,0.16101,0.15073,0.24134,0.12432,0.30239,0.10567,0.14999,0.18366,-0.18997,0.058343,-0.35202,-0.13179,-0.15575,-0.25972,-0.096221,-0.068471,0.1156,0.20331,0.10242,0.14256
-0.097389,-0.051215,-0.27693,-0.16309,0.057778,0.18286,-0.19467,-0.21633,0.16646,0.15333,-0.062252,0.067936,0.067763,0.010517,0.3738,0.266,0.076828,0.020173,0.01958,0.056642,-0.1861,0.28351,-0.30986,-0.17772,0.041673,0.13864,0.052161,0.19635,0.32554,0.44687,-0.28551,-0.13428,0.12473,-0.028342,-0.23721,-0.10314,0.11159,0.28287,0.34939,0.20419,0.18888,1,-0.063138,-0.066894,-0.12508,-0.14271,0.10353,0.12795,-0.091458,-0.085581,-0.080628,-0.11342,0.2207,0.042492,0.20057,0.18301,-0.039445,-0.030621,-0.030118,-0.037841,-0.071335,-0.094393,-0.092857,-0.1343,-0.19901,-0.053544,-0.096746,-0.030907,0.044282,0.093296,-0.24337,-0.1616,0.18385,0.16681,0.19936,0.22894,-0.06523,-0.10655,0.085214,-0.014197,0.30176,0.39448,0.5666,0.44998,0.15391,0.13481,0.22275,0.14018,0.14911,0.12217
-0.13903,-0.2656,0.48663,0.23229,-0.12333,-0.16098,0.030907,-0.13406,-0.24306,-0.28384,-0.151,-0.41458,-0.37561,-0.40476,-0.20405,-0.19888,-0.34677,-0.3625,-0.23545,-0.3766,0.062052,0.13026,0.44463,0.53046,0.082368,0.154,-0.0025237,-0.0061219,-0.44033,-0.35016,0.17946,0.073724,-0.4188,-0.34341,0.5366,0.46482,0.1864,-0.089196,0.19787,0.038092,-0.02394,-0.063138,1,0.81556,0.5731,0.37519,0.53729,0.54738,0.06285,-0.065051,0.33283,0.082623,0.28511,0.090744,0.11805,0.19238,-0.2812,-0.23072,-0.056919,-0.084503,-0.17912,-0.19643,-0.38631,-0.33685,0.11547,-0.36513,0.18203,0.029665,-0.20619,-0.2236,0.11041,0.06176,-0.087445,-0.3196,0.023467,0.010251,0.085662,0.022509,-0.13095,-0.042597,-0.3942,-0.41634,-0.11405,-0.10556,0.38523,0.4223,-0.09709,0.1679,-0.085765,0.27994
-0.37577,-0.48043,0.39383,0.32731,-0.065589,-0.12403,-0.16393,-0.14228,-0.21105,-0.2363,-0.3985,-0.50416,-0.52992,-0.44402,-0.30774,-0.29101,-0.47566,-0.46677,-0.35883,-0.45288,0.086355,0.095319,0.39723,0.5553,0.11236,0.19646,0.01464,0.060796,-0.58378,-0.48278,0.1646,0.14247,-0.4614,-0.38768,0.55697,0.53684,0.24767,0.022084,0.291,0.14447,0.00052496,-0.066894,0.81556,1,0.5242,0.42211,0.59439,0.68539,-0.16021,-0.20893,0.15077,0.057249,0.15964,0.0039617,0.2493,0.34426,-0.44911,-0.37395,-0.21272,-0.27606,-0.30638,-0.36693,-0.46806,-0.48553,-0.078097,-0.55192,0.40721,0.34318,-0.11022,-0.073177,-0.00092437,0.053974,-0.20619,-0.43082,0.05983,0.049471,0.11073,0.063475,-0.1144,-0.16656,-0.46816,-0.52327,-0.17541,-0.16561,0.37142,0.54434,0.012007,0.20921,0.12956,0.48532
0.041597,-0.10983,0.35558,0.21666,-0.2954,-0.28375,0.17945,-0.016519,-0.32433,-0.41256,-0.0050267,-0.29431,-0.16548,-0.30687,-0.10961,-0.20388,-0.36149,-0.41353,-0.18109,-0.25734,0.11293,0.22272,0.2659,0.30989,-0.1048,-0.00089791,-0.062487,-0.13911,-0.32602,-0.32174,0.0061769,-0.0089082,-0.3478,-0.25754,0.53824,0.51655,-0.12892,-0.35521,0.029396,-0.11313,-0.068149,-0.12508,0.5731,0.5242,1,0.74258,0.14206,0.2354,0.45009,0.41679,0.5837,0.49837,-0.11774,0.039808,-0.20861,-0.091403,-0.24547,-0.10551,0.25913,0.20809,0.056651,0.092333,-0.13815,-0.16983,0.3533,-0.068155,0.53658,0.44611,-0.072202,0.01376,0.095079,-0.13968,-0.24307,-0.36551,-0.20621,-0.19656,-0.019059,-0.088896,-0.13366,-0.24897,-0.2601,-0.29467,0.010148,-0.081255,0.41798,0.40883,-0.12039,-0.031288,-0.29507,0.16461
0.10267,0.0037153,0.11673,0.17229,-0.40639,-0.41022,0.10957,0.06185,-0.39561,-0.4687,0.071205,-0.053061,-0.039961,-0.075581,-0.10697,-0.065467,-0.33642,-0.31005,-0.28089,-0.078362,0.11327,0.11605,0.095149,0.12619,-0.30235,-0.1794,-0.20648,-0.29196,-0.17937,-0.10582,-0.047976,-0.017631,-0.28506,-0.1603,0.35357,0.5866,-0.20629,-0.34785,-0.12329,-0.15276,-0.090287,-0.14271,0.37519,0.42211,0.74258,1,-0.031061,0.082161,0.52381,0.6178,0.53515,0.59733,-0.16789,-0.073061,-0.31244,-0.2141,-0.2501,-0.093329,0.35364,0.37757,0.15926,0.24417,0.010144,-0.048682,0.36636,0.14386,0.45664,0.49045,0.053791,0.052814,-0.011948,-0.18536,-0.2264,-0.26006,-0.29951,-0.24926,-0.14997,-0.12052,-0.18726,-0.26345,-0.15201,-0.15446,-0.034654,-0.054775,0.32454,0.36916,-0.21092,-0.12927,-0.31834,0.0060396
-0.3481,-0.4183,0.29086,0.090144,0.042176,-0.042874,-0.17667,-0.18965,-0.060292,-0.08838,-0.37896,-0.50881,-0.51643,-0.44289,-0.2308,-0.30921,-0.15736,-0.33742,-0.025934,-0.29171,-0.18581,-0.053197,0.23976,0.3136,0.087072,0.07216,0.00080528,-0.034385,-0.4861,-0.31467,-0.14478,-0.15296,-0.34648,-0.35663,0.38295,0.28624,0.57382,0.35191,0.62121,0.33938,0.13454,0.10353,0.53729,0.59439,0.14206,-0.031061,1,0.87561,-0.42157,-0.32725,-0.22618,-0.32304,0.32108,-0.017848,0.68064,0.61426,-0.23275,-0.20573,-0.28804,-0.44828,-0.36986,-0.45054,-0.52258,-0.50542,-0.27792,-0.56641,0.14744,0.16915,-0.049299,0.016616,-0.082038,0.0095145,-0.059152,-0.13483,0.3434,0.3,0.35412,0.32108,-0.20365,-0.12214,-0.46968,-0.44016,-0.048643,-0.13254,0.20262,0.23291,-0.043573,0.38168,0.42971,0.44801
-0.40213,-0.51367,0.30538,0.14935,0.085032,0.034883,-0.20486,-0.20447,-0.060855,-0.073801,-0.41845,-0.53524,-0.53039,-0.42933,-0.20476,-0.32089,-0.23096,-0.35644,-0.10635,-0.38012,-0.16788,0.069834,0.21788,0.37148,0.14513,0.14069,0.077254,0.047324,-0.50889,-0.33211,-0.12454,-0.14194,-0.40637,-0.38505,0.40671,0.32142,0.42634,0.28707,0.66067,0.19575,0.071026,0.12795,0.54738,0.68539,0.2354,0.082161,0.87561,1,-0.38604,-0.32716,-0.18864,-0.28501,0.31581,0.085716,0.65076,0.65115,-0.299,-0.27734,-0.27431,-0.43548,-0.33449,-0.45777,-0.51091,-0.56536,-0.29744,-0.6137,0.27165,0.29609,-0.027124,0.027415,-0.033399,0.033923,-0.10869,-0.2188,0.29849,0.28172,0.32302,0.25949,-0.17779,-0.14511,-0.4569,-0.44882,0.091885,-0.13141,0.23471,0.34222,0.10687,0.34253,0.42337,0.56452
0.44045,0.40937,0.0085526,-0.020806,-0.35501,-0.26838,0.31507,0.13698,-0.29241,-0.35485,0.27554,0.15219,0.21105,0.050195,0.050377,0.054805,-0.064363,-0.026639,-0.078814,0.25642,0.12021,0.11176,-0.11604,-0.12306,-0.2545,-0.20528,-0.22487,-0.25626,0.23786,0.11748,0.046346,0.028074,0.050147,0.13708,-0.064307,0.05401,-0.34345,-0.37092,-0.42605,-0.33763,-0.15034,-0.091458,0.06285,-0.16021,0.45009,0.52381,-0.42157,-0.38604,1,0.78506,0.74532,0.63859,-0.024906,0.1659,-0.62892,-0.59065,0.18257,0.25796,0.62339,0.67924,0.46472,0.5564,0.36133,0.35557,0.45576,0.54261,0.11408,0.010688,0.13233,0.023971,0.11158,-0.022793,-0.020654,0.011403,-0.43904,-0.35448,-0.26935,-0.19872,-0.079845,-0.042796,0.20599,0.18047,0.08028,-0.011579,-0.032154,-0.10854,-0.24939,-0.39685,-0.60199,-0.48457
0.29859,0.31739,-0.14153,-0.061027,-0.23306,-0.21189,0.1506,0.094849,-0.14602,-0.22641,0.27852,0.23747,0.23441,0.15295,0.10068,0.1278,-0.072647,-0.033087,-0.031425,0.22246,0.038803,-0.012261,-0.1509,-0.19499,-0.22966,-0.26934,-0.12161,-0.27493,0.12816,0.17872,-0.14146,-0.18694,-0.011697,0.05933,-0.042088,0.077056,-0.22273,-0.24512,-0.25711,-0.25458,-0.054657,-0.085581,-0.065051,-0.20893,0.41679,0.6178,-0.32725,-0.32716,0.78506,1,0.54286,0.72608,-0.15567,0.17891,-0.40214,-0.42514,0.07081,0.17726,0.60452,0.6639,0.40596,0.59593,0.32454,0.33933,0.46044,0.6181,0.24443,0.24158,0.097994,0.12025,0.094048,-0.05396,-0.01464,0.06577,-0.30753,-0.20656,-0.14309,-0.038043,-0.20152,-0.15362,0.022518,0.1662,0.048067,-0.0059778,-0.01207,-0.024147,-0.22252,-0.23772,-0.47696,-0.42016
0.41765,0.17965,0.2718,0.078045,-0.36748,-0.265,0.39281,0.10669,-0.28129,-0.39329,0.24514,-0.0096736,0.093897,-0.10052,-0.017331,-0.031347,-0.28155,-0.2412,-0.09485,0.013514,0.19455,0.23286,0.03858,0.033507,-0.15601,-0.06127,-0.14406,-0.13779,-0.0008599,-0.12097,0.034281,0.087586,-0.19486,-0.040267,0.28063,0.28583,-0.31192,-0.4661,-0.3513,-0.23635,-0.11449,-0.080628,0.33283,0.15077,0.5837,0.53515,-0.22618,-0.18864,0.74532,0.54286,1,0.72212,-0.075687,0.041736,-0.58785,-0.56481,0.035095,0.069397,0.49903,0.46905,0.30143,0.32543,0.21413,0.1303,0.65658,0.33932,0.2721,0.12749,0.037804,-0.0076262,0.10968,-0.050216,-0.17377,-0.19598,-0.38476,-0.40937,-0.28941,-0.28802,-0.11957,-0.059098,0.047583,-0.052536,-0.021763,-0.049231,0.3233,0.17441,-0.2635,-0.32218,-0.49163,-0.3005
