1,0.36074,0.17274,-0.005456,-0.24149,-0.42375,0.53498,0.13517,-0.34853,-0.13669,0.49451,0.032814,0.16862,-0.15811,0.11303,-0.10181,0.37313,-0.11565,0.22732,-0.1141,-0.25802,-0.29909,0.19638,0.029945,-0.21502,-0.46783,-0.41382,-0.27228,0.19055,0.062745,-0.13908,-0.36149,0.53707,0.40779,0.33273,0.13859,0.13356,0.098898,0.43779,0.32586,0.2943,0.25462,-0.20957,-0.37661,0.0071793,0.18803,0.061485,-0.16267,0.28016,0.34003,0.037938,0.087214,-0.11148,-0.23966,0.099574,0.17239,0.3212,0.14761,0.5911,0.32311,0.60889,0.13217,0.32384,0.05936,0.17046,0.13562,0.52751,0.33391,0.013636,-0.068445,-0.12452,-0.13031,-0.076168,-0.027083,0.17159,0.06842,0.35918,0.18612,0.075394,0.37642,0.39447,0.31364,0.23582,0.25325,0.43768,-0.0024498,0.28624,0.10416,0.46707,0.2234
0.36074,1,0.31902,0.39804,-0.036652,0.027708,0.32823,0.5082,0.088277,0.061065,0.24127,0.50655,0.30987,0.33052,0.16601,0.033838,0.084949,0.18998,0.0058384,-0.062921,0.065955,-0.026795,0.33262,0.28142,0.11503,0.11821,0.072342,-0.00011156,0.28026,0.15277,0.12635,0.175,-0.028372,-0.059251,-0.1594,-0.22503,-0.078009,-0.22735,-0.046651,-0.16685,0.20191,-0.040031,-0.19123,-0.26632,-0.072027,0.0084101,-0.25343,-0.32194,0.063281,0.16378,-0.0327,0.24966,-0.30054,-0.15709,-0.31374,-0.37699,0.33388,0.70225,0.35898,0.65026,0.18519,0.49042,0.087907,0.48237,0.172,0.28276,-0.0054106,0.14986,-0.28421,-0.31871,0.095835,0.016106,0.11807,0.11115,-0.0037027,-0.011059,-0.016404,-0.059475,-0.019417,0.073714,-0.041714,0.065303,0.10884,0.014036,-0.15951,-0.078973,0.089915,0.046899,-0.21083,-0.20864
0.17274,0.31902,1,0.77787,-0.11144,-0.089665,0.62991,0.43503,0.14022,-0.14409,0.216,0.28183,0.57562,0.18888,0.1391,-0.13573,-0.12745,-0.32737,0.11571,-0.025691,0.14071,0.014736,0.87504,0.85665,0.34718,0.22047,-0.041519,-0.16973,-0.054108,-0.17748,0.50774,0.48263,0.0082247,0.11514,0.1383,-0.2975,-0.19541,-0.33547,-0.12566,-0.28601,-0.076726,-0.1859,0.058043,-0.14188,0.14453,-0.16565,0.016516,-0.12032,-0.17389,-0.090214,-0.046453,0.16369,-0.036454,-0.052007,-0.15111,-0.36633,-0.00062578,0.037941,-0.017541,0.066608,-0.019619,0.10725,-0.12063,-0.13645,0.014986,0.16818,0.042643,-0.010575,-0.070278,0.082101,0.29011,0.022036,0.0024765,-0.15175,-0.27054,-0.20995,-0.24876,-0.32703,-0.19999,-0.28087,-0.17675,-0.26363,-0.043702,-0.12202,0.05775,-0.022818,0.035076,0.12244,-0.07753,-0.25224
-0.005456,0.39804,0.77787,1,-0.12788,0.033032,0.58068,0.78685,0.10694,0.086174,0.096775,0.47819,0.43005,0.30941,-0.026692,-0.12862,-0.29799,-0.31647,-0.11507,-0.16299,0.2022,0.087356,0.70843,0.8043,0.32516,0.28101,0.015931,-0.14167,-0.086604,-0.13157,0.4734,0.5503,-0.075329,0.13778,0.067482,-0.20274,-0.18156,-0.32367,-0.15664,-0.32328,-0.091785,-0.19103,0.22321,0.039017,0.2898,-0.047172,0.029292,-0.085004,-0.043919,-0.064176,0.060459,0.34549,-0.11183,-0.086346,-0.20216,-0.39722,-0.22578,-0.0014779,-0.11101,0.092088,-0.099808,0.39304,-0.10592,0.13553,0.12298,0.50174,-0.0364,0.023082,-0.28474,-0.080976,0.22257,0.017841,-0.012308,-0.090877,-0.24632,-0.24349,-0.23089,-0.26456,-0.15493,-0.27529,-0.18281,-0.14167,-0.067499,-0.13476,0.0047088,0.15781,0.054863,0.06895,-0.20441,-0.17693
-0.24149,-0.036652,-0.11144,-0.12788,1,0.87264,-0.34546,-0.17003,0.78125,0.67773,-0.19851,0.013129,-0.0051403,0.16188,0.3406,0.45014,0.11868,0.39505,0.17296,0.19865,0.2537,0.343,-0.22107,-0.17111,0.64461,0.66941,0.74585,0.805,0.088848,0.14854,0.077722,0.15329,-0.22227,-0.27533,-0.27614,-0.13591,-0.14711,0.022837,-0.18465,0.071069,-0.23183,0.06941,-0.26813,-0.043835,-0.2469,-0.24044,-0.23666,-0.11109,-0.30464,-0.33977,-0.18257,-0.25969,-0.10422,-0.0020095,-0.1054,-0.010231,0.13211,-0.0073672,-0.23144,-0.21156,-0.27046,-0.23841,-0.18374,-0.12809,-0.167,-0.21238,-0.054817,-0.18328,0.21542,-0.049394,0.097067,0.27388,0.15269,0.27691,0.17691,0.32587,-0.19397,-0.00076816,-0.045476,0.023905,-0.2135,-0.17225,-0.043408,0.153,-0.33773,-0.13492,-0.25245,0.11341,-0.1855,0.022404
-0.42375,0.027708,-0.089665,0.033032,0.87264,1,-0.39349,0.020223,0.7305,0.75517,-0.26364,0.19638,-0.033991,0.35339,0.23435,0.49704,-0.023081,0.43997,0.077303,0.2238,0.23352,0.33083,-0.20953,-0.11428,0.58834,0.75046,0.75665,0.80832,0.013497,0.13292,0.074054,0.23897,-0.33763,-0.36384,-0.35897,-0.1701,-0.17718,0.051467,-0.32812,-0.035479,-0.30773,0.0046871,-0.13695,0.12759,-0.18313,-0.19383,-0.18265,-0.020979,-0.25251,-0.33045,-0.068538,-0.13987,-0.068411,0.061208,-0.15333,-0.10782,-0.023748,0.014689,-0.31429,-0.18095,-0.3518,-0.13395,-0.19023,0.0065003,-0.15079,-0.13079,-0.16745,-0.24139,0.11096,-0.020832,0.062198,0.25044,0.11266,0.22396,0.04519,0.21277,-0.24004,-0.054319,-0.12636,-0.089978,-0.3552,-0.13778,-0.12197,0.13791,-0.43682,-0.0054324,-0.28377,0.13781,-0.36201,0.03873
0.53498,0.32823,0.62991,0.58068,-0.34546,-0.39349,1,0.62055,-0.13123,-0.13233,0.3463,0.18097,0.40872,0.014888,-0.038586,-0.25948,-0.076141,-0.43867,-0.12092,-0.27614,-0.029659,-0.10789,0.54452,0.47556,-0.067949,-0.25975,-0.40224,-0.42918,0.10916,-0.020929,0.21521,0.13405,0.29471,0.39517,0.18456,-0.058923,0.011568,-0.16522,0.18179,-0.055809,0.1256,-0.02674,0.0095103,-0.28897,0.22946,0.082336,0.058678,-0.12004,0.25382,0.16012,0.11723,0.26409,-0.21777,-0.30044,-0.063124,-0.13006,0.015366,0.042836,0.30906,0.29577,0.38824,0.45241,0.24855,0.17879,0.28706,0.42366,0.1305,0.15399,-0.27217,-0.18861,0.053849,-0.1555,-0.043324,-0.010656,-0.078743,-0.12208,-0.050568,-0.11399,-0.017869,0.014424,0.17939,-0.046535,0.094739,-0.083726,0.25224,-0.067853,0.21187,0.022777,0.13819,-0.055794
0.13517,0.5082,0.43503,0.78685,-0.17003,0.020223,0.62055,1,-0.0037084,0.22381,0.16003,0.56791,0.29988,0.38443,-0.072805,-0.11087,-0.22913,-0.18415,-0.25787,-0.25693,0.093032,0.016038,0.39788,0.44151,0.093999,0.089664,-0.096362,-0.1935,0.070189,0.066096,0.23918,0.32138,0.074963,0.21092,0.023357,-0.017375,-0.05591,-0.20338,-0.025579,-0.20564,-0.0052632,-0.080923,0.076865,-0.086144,0.18607,0.090673,-0.089933,-0.189,0.15037,0.072866,0.12235,0.40874,-0.26346,-0.20217,-0.24578,-0.32484,-0.20789,0.15267,0.10005,0.29647,0.16145,0.66862,0.16971,0.46621,0.27296,0.65116,-0.036722,0.084278,-0.40556,-0.18334,-0.001371,-0.087513,-0.045511,0.014933,-0.15145,-0.21102,-0.055292,-0.12893,-0.024794,-0.022121,0.033605,0.023339,0.069905,-0.065823,0.06735,0.178,0.17459,0.031453,-0.11913,0.04081
-0.34853,0.088277,0.14022,0.10694,0.78125,0.7305,-0.13123,-0.0037084,1,0.57342,-0.33622,0.061946,0.17808,0.26113,0.43763,0.50888,-0.19593,0.23541,0.051836,0.12278,0.38645,0.47537,0.0049815,0.07651,0.66256,0.71309,0.60752,0.55114,0.077279,0.10392,0.27302,0.36156,-0.35141,-0.37978,-0.28968,-0.21499,-0.17062,-0.14251,-0.28219,-0.18595,-0.15878,-0.092592,-0.073595,0.053809,-0.10197,-0.25084,-0.18452,-0.047879,-0.29036,-0.30797,-0.050481,-0.054656,-0.10255,0.090777,-0.16997,-0.27149,0.014374,0.071167,-0.32876,-0.13574,-0.29879,-0.097955,-0.32151,-0.14646,0.0035467,-0.064562,-0.18143,-0.23249,0.027439,-0.030995,0.31551,0.28698,0.19367,0.21274,0.0083196,0.1716,-0.26477,-0.073145,-0.0025162,-0.055812,-0.34176,-0.30985,-0.14152,-0.10946,-0.45551,-0.17302,-0.32564,-0.02121,-0.33933,-0.2995
-0.13669,0.061065,-0.14409,0.086174,0.67773,0.75517,-0.13233,0.22381,0.57342,1,-0.11506,0.24901,-0.058314,0.42049,0.3561,0.69006,-0.064343,0.27654,-0.074151,-0.010559,0.17714,0.29745,-0.21795,-0.13451,0.3556,0.47503,0.43159,0.60669,-0.0086954,0.24171,-0.09102,0.026848,-0.14706,-0.20023,-0.15095,0.057297,0.065869,0.10769,-0.0026452,0.13324,-0.10828,0.035436,-0.052649,0.13068,-0.013402,-0.021199,-0.12584,-0.066026,0.070439,-0.11682,0.14735,0.082365,-0.11511,-0.073004,-0.046389,-0.025048,-0.053068,-0.05292,-0.14593,-0.069896,-0.086916,0.07925,0.050429,0.068909,0.15414,0.19822,0.0030769,-0.0017357,-0.043951,-0.076381,-0.070835,0.14687,0.04241,0.22389,0.16309,0.25332,-0.028557,0.033947,-0.045566,0.16992,-0.12062,0.050833,0.092657,0.26146,-0.14921,0.089472,0.0079901,0.15557,-0.086313,0.12603
0.49451,0.24127,0.216,0.096775,-0.19851,-0.26364,0.3463,0.16003,-0.33622,-0.11506,1,0.42339,0.65507,0.3036,0.28975,-0.03322,0.54225,0.073584,0.070041,-0.091344,-0.27141,-0.29389,0.30921,0.17459,-0.25288,-0.2637,-0.22535,-0.15178,0.46161,0.27983,0.016367,-0.0046678,0.32522,0.2614,0.062303,-0.094439,0.13426,0.21067,0.28783,0.20835,0.21446,0.26324,-0.25686,-0.38153,-0.033302,-0.08921,-0.19547,-0.31909,0.035094,-0.053073,-0.091463,-0.11247,-0.26648,-0.22178,-0.050613,-0.048987,0.25452,0.094503,0.17453,0.12165,0.2455,0.091806,0.64379,0.29387,0.046212,-0.025671,-0.063088,-0.099418,0.0030289,-0.043515,-0.18398,-0.18932,0.15951,0.24043,0.17629,0.20606,0.189,0.022264,-0.054444,0.13944,0.5128,0.2438,0.40905,0.33205,0.45994,-0.05077,0.38663,0.24262,0.20665,-0.0026732
0.032814,0.50655,0.28183,0.47819,0.013129,0.19638,0.18097,0.56791,0.061946,0.24901,0.42339,1,0.52183,0.82586,0.30511,0.25756,-0.02815,0.28192,-0.16921,-0.15507,0.02479,0.0039954,0.2681,0.32301,0.098291,0.2749,0.20248,0.11283,0.19297,0.28095,0.18951,0.30949,-0.13651,-0.095097,-0.057439,-0.13139,0.051103,0.061947,-0.057248,-0.068785,0.012004,0.13733,-0.089453,-0.041025,0.012034,-0.092158,-0.27841,-0.21071,-0.083245,-0.15565,0.03967,0.18832,-0.27727,-0.060656,-0.26631,-0.28906,-0.12043,0.23329,-0.052941,0.15319,-0.087295,0.38347,0.22522,0.5783,0.14306,0.30962,-0.25372,-0.19412,-0.22759,-0.11364,-0.041772,-0.036905,0.14763,0.31931,0.094096,0.1573,0.090943,0.028619,-0.056465,-0.040826,-0.03361,0.10156,0.12168,0.14658,-0.034322,0.14019,0.081054,0.18842,-0.22023,-0.051936
0.16862,0.30987,0.57562,0.43005,-0.0051403,-0.033991,0.40872,0.29988,0.17808,-0.058314,0.65507,0.52183,1,0.49878,0.46121,0.079159,0.15806,0.046291,-0.0017085,-0.15269,0.054371,0.072175,0.60055,0.52874,0.22799,0.21268,0.089475,-0.057669,0.46906,0.24105,0.50216,0.48761,0.0053192,-0.026625,-0.11178,-0.32906,-0.079635,-0.11976,-0.010309,-0.14508,0.022823,0.027974,-0.1892,-0.29712,-0.052268,-0.21872,-0.30649,-0.32061,-0.1863,-0.19906,-0.11204,-0.036755,-0.26079,-0.056443,-0.28123,-0.40746,0.0033732,0.086728,-0.10241,0.0099409,-0.051119,0.046808,0.22488,0.13943,0.029713,-0.025903,-0.20555,-0.28022,-0.097787,0.054037,0.20842,0.07528,0.24234,0.19649,-0.0023469,0.084514,-0.017737,-0.12704,0.043652,0.0063477,0.201,-0.1377,0.2361,0.041265,0.087999,-0.23779,0.12051,0.12223,-0.098802,-0.32143
-0.15811,0.33052,0.18888,0.30941,0.16188,0.35339,0.014888,0.38443,0.26113,0.42049,0.3036,0.82586,0.49878,1,0.57477,0.59976,-0.089409,0.3663,-0.30624,-0.19295,0.074739,0.1814,0.16978,0.27328,0.1481,0.41618,0.23114,0.22992,0.23031,0.44031,0.1208,0.30445,-0.30402,-0.36231,-0.22019,-0.16165,0.21097,0.11809,-0.037418,-0.045701,0.010325,0.061691,-0.038539,0.12386,-0.0028252,-0.061308,-0.29335,-0.1672,-0.053082,-0.13876,0.14888,0.11965,-0.19832,-0.0051538,-0.19935,-0.31362,-0.12364,0.1658,-0.15316,0.078327,-0.20328,0.14208,0.15043,0.33701,0.021175,0.063648,-0.31469,-0.22384,-0.23681,-0.01511,-0.060862,0.046767,0.17999,0.34655,0.11932,0.21581,0.046524,-0.017738,-0.013713,0.050656,-0.081714,-0.020653,0.23582,0.14763,-0.10656,0.015416,0.12247,0.13885,-0.2486,-0.19199
0.11303,0.16601,0.1391,-0.026692,0.3406,0.23435,-0.038586,-0.072805,0.43763,0.3561,0.28975,0.30511,0.46121,0.57477,1,0.72649,0.07062,0.25061,0.0034769,-0.083239,0.2947,0.40092,0.21515,0.23956,0.2786,0.38793,0.18668,0.29215,0.44455,0.61163,0.17884,0.19166,-0.033661,-0.23037,-0.085758,-0.13152,0.31039,0.11099,0.22251,0.12549,0.28006,0.16409,-0.15457,6.5877e-005,-0.17631,-0.25901,-0.16399,-0.12791,-0.24411,-0.14686,-0.08264,-0.16928,-0.15728,0.072442,-0.020771,-0.20469,0.071554,0.023449,-0.10514,-0.024642,-0.052862,-0.17287,0.10877,-0.063044,-0.14287,-0.20765,-0.047449,-0.13314,-0.061553,0.024212,0.14564,0.15602,0.28994,0.36604,0.23803,0.28929,0.16482,0.10467,0.1315,0.3247,0.22005,0.111,0.49726,0.28638,0.21087,-0.038987,0.32425,0.15578,0.1089,-0.25697
-0.10181,0.033838,-0.13573,-0.12862,0.45014,0.49704,-0.25948,-0.11087,0.50888,0.69006,-0.03322,0.25756,0.079159,0.59976,0.72649,1,-0.085965,0.33468,-0.10374,-0.028706,0.15158,0.3568,-0.15489,-0.052686,0.18737,0.38983,0.25458,0.48027,0.10982,0.44505,-0.11758,-0.021976,-0.22321,-0.36478,-0.17691,0.017476,0.28382,0.24558,0.14918,0.22434,0.082153,0.12861,-0.0080175,0.24201,-0.086059,-0.095329,-0.086691,0.0095755,-0.057151,-0.10311,0.15559,-0.045486,-0.0057053,0.035593,0.090433,-0.018504,0.0038702,-0.035687,-0.18545,-0.10367,-0.18905,-0.18521,-0.043531,-0.10863,-0.038643,-0.13301,-0.08782,-0.10314,-0.058069,0.034962,-0.019719,0.18074,0.15052,0.30565,0.2158,0.37433,0.11269,0.15717,0.033007,0.24185,-0.08751,0.04977,0.25349,0.27178,-0.1076,-0.025698,0.1178,0.12888,-0.019557,-0.13982
0.37313,0.084949,-0.12745,-0.29799,0.11868,-0.023081,-0.076141,-0.22913,-0.19593,-0.064343,0.54225,-0.02815,0.15806,-0.089409,0.07062,-0.085965,1,0.48513,0.3544,0.28454,-0.36369,-0.37476,-0.054764,-0.22178,-0.089706,-0.23757,-0.046234,0.058963,0.41144,0.1162,-0.096978,-0.18343,0.44468,0.30355,0.040548,0.047113,0.035959,0.3034,0.20075,0.32692,0.14837,0.30437,-0.43381,-0.46619,-0.24337,-0.2158,-0.13677,-0.28059,-0.14216,-0.1929,-0.36217,-0.38569,-0.2119,-0.314,0.069444,0.12848,0.63464,0.19788,0.071114,-0.08844,0.091444,-0.26992,0.41469,0.05573,-0.24465,-0.32669,0.095991,-0.075943,0.34706,-0.0051101,-0.26774,-0.13915,0.10875,0.16723,0.23328,0.24682,0.21368,0.13894,0.10652,0.33178,0.50011,0.28852,0.15831,0.23118,0.27087,-0.1593,0.085731,0.097443,0.18925,0.10133
-0.11565,0.18998,-0.32737,-0.31647,0.39505,0.43997,-0.43867,-0.18415,0.23541,0.27654,0.073584,0.28192,0.046291,0.3663,0.25061,0.33468,0.48513,1,0.055053,0.15659,-0.17248,-0.091658,-0.21852,-0.30123,0.1264,0.22914,0.39175,0.39186,0.32679,0.29619,-0.055695,-0.005555,0.030546,-0.17735,-0.32454,-0.18206,0.087104,0.35543,-0.033849,0.21262,0.031016,0.28036,-0.36821,-0.12241,-0.43146,-0.28247,-0.27413,-0.17176,-0.22778,-0.23314,-0.24191,-0.30171,-0.24328,-0.061014,-0.075467,-0.020896,0.39499,0.40963,-0.1825,-0.079928,-0.21307,-0.26905,0.12283,0.22712,-0.23386,-0.41096,-0.17971,-0.33694,0.13003,-0.056802,-0.175,0.05983,0.29523,0.39218,0.33446,0.40784,0.23054,0.20752,0.089762,0.36118,0.073249,0.30579,-0.0043634,0.15875,-0.22256,-0.15343,-0.20792,0.074097,-0.14357,0.039328
0.22732,0.0058384,0.11571,-0.11507,0.17296,0.077303,-0.12092,-0.25787,0.051836,-0.074151,0.070041,-0.16921,-0.0017085,-0.30624,0.0034769,-0.10374,0.3544,0.055053,1,0.76719,-0.024955,-0.1243,0.15586,-0.054898,0.16614,-0.033865,0.098263,0.1193,0.051608,-0.2094,0.085647,-0.10671,0.40635,0.29162,0.21582,0.0028462,-0.28241,-0.040877,-0.13881,-0.041895,-0.078058,-0.0032728,-0.30081,-0.30646,-0.20314,-0.14411,0.069935,-0.091352,-0.19484,-0.10701,-0.31606,-0.28494,0.035948,-0.077806,-0.0099078,-0.031629,0.23358,-0.026285,-0.032093,-0.24459,0.13962,-0.26604,0.05948,-0.13601,-0.10529,-0.16443,0.42909,0.069261,0.68346,0.35656,0.08137,0.056593,-0.067834,-0.16793,-0.08597,-0.03763,0.097589,0.052006,-0.15871,-0.079744,0.054032,0.14813,-0.17811,0.045585,0.13893,0.035994,-0.19785,0.068889,0.0055969,0.014889
-0.1141,-0.062921,-0.025691,-0.16299,0.19865,0.2238,-0.27614,-0.25693,0.12278,-0.010559,-0.091344,-0.15507,-0.15269,-0.19295,-0.083239,-0.028706,0.28454,0.15659,0.76719,1,-0.058127,-0.10947,-0.078185,-0.16297,0.081034,0.055598,0.15364,0.16398,-0.013845,-0.20657,-0.021032,-0.042116,0.25331,0.24228,0.041932,0.0083106,-0.27513,0.014788,-0.36602,-0.18571,-0.24548,-0.10604,-0.19013,-0.13321,-0.18826,-0.2162,0.076609,-0.032443,-0.2379,-0.2638,-0.27433,-0.28883,-0.018652,-0.093317,-0.071994,-0.12593,0.27468,0.037396,-0.20209,-0.27021,-0.027924,-0.17013,0.059407,-0.016319,-0.13354,-0.13523,0.12928,-0.0097492,0.54809,0.3047,-0.073371,-0.061318,-0.042536,-0.049306,-0.15465,-0.019385,-0.02503,0.015529,-0.21076,-0.19732,-0.061114,0.095638,-0.34482,-0.18917,-0.039059,0.069486,-0.36829,-0.081593,-0.23704,-0.1156
-0.25802,0.065955,0.14071,0.2022,0.2537,0.23352,-0.029659,0.093032,0.38645,0.17714,-0.27141,0.02479,0.054371,0.074739,0.2947,0.15158,-0.36369,-0.17248,-0.024955,-0.058127,1,0.84206,0.16914,0.24858,0.54304,0.56355,0.38251,0.26151,0.17582,0.25604,0.47366,0.44054,-0.2235,-0.20444,0.035472,0.058854,0.020338,-0.33174,-0.17603,-0.33886,0.24078,-0.1386,0.099899,0.10758,-0.0070346,-0.27369,-0.12324,-0.02394,-0.33057,-0.2415,-0.23295,-0.020885,-0.11695,0.091548,-0.33989,-0.36932,-0.26452,-0.091162,-0.24298,-0.093656,-0.20278,0.06119,-0.23926,-0.084852,-0.033512,0.089644,-0.10937,0.0082978,-0.22843,-0.065623,0.59367,0.47222,0.22625,0.13994,-0.0054055,-0.11725,-0.066797,0.040178,0.23835,0.029941,0.013227,-0.14968,0.11968,-0.06703,-0.060695,0.11357,0.041074,-0.00019025,-0.13122,-0.092849
-0.29909,-0.026795,0.014736,0.087356,0.343,0.33083,-0.10789,0.016038,0.47537,0.29745,-0.29389,0.0039954,0.072175,0.1814,0.40092,0.3568,-0.37476,-0.091658,-0.1243,-0.10947,0.84206,1,0.033411,0.14624,0.53798,0.63633,0.41931,0.35075,0.21573,0.35076,0.42625,0.4405,-0.33208,-0.32705,-0.11497,0.039635,0.13536,-0.21306,-0.09368,-0.21418,0.16535,-0.061537,0.12667,0.23736,-0.040662,-0.19655,-0.12789,0.028301,-0.25375,-0.20915,-0.059148,-0.0067614,-0.032677,0.17781,-0.21909,-0.30987,-0.27665,-0.16755,-0.28363,-0.15246,-0.30054,-0.084234,-0.31198,-0.20163,-0.030068,0.0085271,-0.13863,-0.033814,-0.20869,-0.03893,0.61556,0.59598,0.29223,0.22094,0.12924,0.026812,0.049501,0.20527,0.29549,0.11144,-0.030216,-0.2785,0.17179,-0.11409,-0.16419,-0.067044,0.038319,-0.061315,-0.12058,-0.21609
0.19638,0.33262,0.87504,0.70843,-0.22107,-0.20953,0.54452,0.39788,0.0049815,-0.21795,0.30921,0.2681,0.60055,0.16978,0.21515,-0.15489,-0.054764,-0.21852,0.15586,-0.078185,0.16914,0.033411,1,0.89321,0.28026,0.14951,-0.086247,-0.24074,0.12043,-0.021413,0.61169,0.54614,0.13547,0.20137,0.10824,-0.36789,-0.13038,-0.31836,-0.025696,-0.2547,0.070269,-0.17373,-0.029964,-0.13868,-0.0033573,-0.23062,-0.035744,-0.1704,-0.22888,-0.091606,-0.17126,0.034521,-0.067216,0.014101,-0.15962,-0.37536,-0.028108,0.040913,-0.051109,0.044904,-0.0052431,0.043997,-0.031364,-0.081632,-0.059615,0.086351,0.081057,-0.025651,-0.10644,0.052133,0.33775,0.043927,0.044664,-0.15035,-0.23917,-0.25961,-0.10841,-0.28343,-0.12462,-0.092762,0.019276,-0.042527,0.11629,-0.0317,0.21642,0.042059,0.18551,0.12834,0.0075916,-0.24552
0.029945,0.28142,0.85665,0.8043,-0.17111,-0.11428,0.47556,0.44151,0.07651,-0.13451,0.17459,0.32301,0.52874,0.27328,0.23956,-0.052686,-0.22178,-0.30123,-0.054898,-0.16297,0.24858,0.14624,0.89321,1,0.35381,0.33255,-0.013977,-0.1696,0.015816,-0.054173,0.61304,0.65482,-0.049972,0.091973,0.093374,-0.31173,-0.11527,-0.31704,-0.092011,-0.31449,-0.021982,-0.17623,0.16395,0.034143,0.17184,-0.16445,0.024335,-0.10372,-0.19773,-0.079826,-0.035838,0.18838,-0.025787,0.073396,-0.15467,-0.42946,-0.13898,-0.03799,-0.10886,0.039394,-0.094895,0.10516,-0.16028,-0.11498,-0.05437,0.20813,0.0038776,0.00026967,-0.20726,-0.0057719,0.34084,0.061481,0.038931,-0.12432,-0.27695,-0.27103,-0.19489,-0.27955,-0.1343,-0.22618,-0.09533,-0.12678,0.045769,-0.12456,0.14889,0.13574,0.11937,0.061125,-0.062577,-0.30945
-0.21502,0.11503,0.34718,0.32516,0.64461,0.58834,-0.067949,0.093999,0.66256,0.3556,-0.25288,0.098291,0.22799,0.1481,0.2786,0.18737,-0.089706,0.1264,0.16614,0.081034,0.54304,0.53798,0.28026,0.35381,1,0.81166,0.71903,0.56301,0.14758,0.075416,0.57621,0.57095,-0.23555,-0.21853,-0.070949,-0.16946,-0.26447,-0.31843,-0.18925,-0.16193,-0.13997,-0.055337,-0.032153,-0.041391,-0.065161,-0.24554,-0.12895,-0.10489,-0.35545,-0.24498,-0.17121,-0.060576,-0.16986,-0.01309,-0.24772,-0.35153,-0.084217,-0.062815,-0.22334,-0.19408,-0.26908,-0.20385,-0.42985,-0.26283,-0.098692,-0.0597,0.1017,-0.053876,0.075733,0.042035,0.47908,0.41633,0.2052,0.058189,0.024889,0.070172,-0.19316,-0.078374,0.093907,-0.026324,-0.17787,-0.30711,-0.025218,-0.023008,-0.29202,-0.10008,-0.20433,0.11838,-0.22138,-0.1221
-0.46783,0.11821,0.22047,0.28101,0.66941,0.75046,-0.25975,0.089664,0.71309,0.47503,-0.2637,0.2749,0.21268,0.41618,0.38793,0.38983,-0.23757,0.22914,-0.033865,0.055598,0.56355,0.63633,0.14951,0.33255,0.81166,1,0.79437,0.64598,0.10618,0.14787,0.50063,0.64293,-0.46779,-0.44776,-0.26214,-0.24734,-0.18294,-0.20312,-0.37005,-0.30509,-0.23683,-0.088152,0.022269,0.19591,-0.090217,-0.27839,-0.22497,-0.086386,-0.37773,-0.33966,-0.064382,0.00099716,-0.098119,0.20364,-0.31775,-0.437,-0.18694,-0.016826,-0.34607,-0.13901,-0.41307,-0.11587,-0.36682,-0.096343,-0.11533,-0.043913,-0.20668,-0.21169,-0.077742,-0.039728,0.40081,0.39055,0.20568,0.17217,-0.062482,0.036429,-0.26433,-0.11765,-0.0044857,-0.1639,-0.32379,-0.27435,-0.081672,-0.074274,-0.38132,0.023772,-0.26637,0.046166,-0.35975,-0.21861
-0.41382,0.072342,-0.041519,0.015931,0.74585,0.75665,-0.40224,-0.096362,0.60752,0.43159,-0.22535,0.20248,0.089475,0.23114,0.18668,0.25458,-0.046234,0.39175,0.098263,0.15364,0.38251,0.41931,-0.086247,-0.013977,0.71903,0.79437,1,0.83123,0.084983,0.1153,0.29038,0.3872,-0.3884,-0.38305,-0.22722,-0.20256,-0.2561,-0.13486,-0.31008,-0.11169,-0.23602,0.022286,-0.17259,-0.0095693,-0.20366,-0.30503,-0.26669,-0.085113,-0.37972,-0.35677,-0.14552,-0.13664,-0.15765,0.12123,-0.30856,-0.26473,-0.048614,0.081356,-0.23566,-0.12551,-0.32988,-0.11714,-0.24545,0.043263,-0.014316,-0.10836,-0.15752,-0.21828,0.095878,-0.061293,0.30107,0.34091,0.29241,0.24284,0.12659,0.26012,-0.21986,-0.013728,-0.052857,-0.15364,-0.29785,-0.23063,-0.09388,0.068835,-0.45607,-0.064819,-0.36622,0.1883,-0.33744,-0.028896
-0.27228,-0.00011156,-0.16973,-0.14167,0.805,0.80832,-0.42918,-0.1935,0.55114,0.60669,-0.15178,0.11283,-0.057669,0.22992,0.29215,0.48027,0.058963,0.39186,0.1193,0.16398,0.26151,0.35075,-0.24074,-0.1696,0.56301,0.64598,0.83123,1,0.046777,0.23083,0.0055654,0.10776,-0.30563,-0.36144,-0.21784,-0.11897,-0.090201,0.04435,-0.11062,0.15236,-0.15141,0.11533,-0.2233,-0.027835,-0.21809,-0.23981,-0.17852,-0.038936,-0.30295,-0.28832,-0.09398,-0.1894,-0.089532,0.0015621,-0.15134,-0.061481,0.03712,0.019396,-0.17974,-0.15294,-0.27241,-0.1799,-0.14761,-0.046716,-0.082509,-0.17214,-0.068436,-0.16144,0.16697,-0.034336,0.10314,0.28632,0.2697,0.29014,0.23791,0.41995,-0.15628,0.058977,-0.10124,-0.037635,-0.2445,-0.13305,0.11899,0.3565,-0.35365,-0.048072,-0.11006,0.34287,-0.18143,0.11885
0.19055,0.28026,-0.054108,-0.086604,0.088848,0.013497,0.10916,0.070189,0.077279,-0.0086954,0.46161,0.19297,0.46906,0.23031,0.44455,0.10982,0.41144,0.32679,0.051608,-0.013845,0.17582,0.21573,0.12043,0.015816,0.14758,0.10618,0.084983,0.046777,1,0.70148,0.38446,0.32313,0.24771,0.067905,-0.26202,-0.20724,0.061209,-0.024844,0.13392,0.0136,0.31977,0.18062,-0.33614,-0.35035,-0.30779,-0.21219,-0.30156,-0.30594,-0.13779,-0.11863,-0.30771,-0.32713,-0.46141,-0.24335,-0.29677,-0.28062,0.13529,0.14835,0.049258,0.10944,0.092161,-0.037103,0.31204,0.24779,-0.18716,-0.23978,-0.10361,-0.20845,-0.055109,-0.10363,0.14806,0.17719,0.37675,0.45012,0.26433,0.1776,0.24886,0.19691,0.48047,0.46067,0.66152,0.21332,0.4878,0.15693,0.18915,-0.23051,0.28775,-0.0092282,-0.096852,-0.16817
0.062745,0.15277,-0.17748,-0.13157,0.14854,0.13292,-0.020929,0.066096,0.10392,0.24171,0.27983,0.28095,0.24105,0.44031,0.61163,0.44505,0.1162,0.29619,-0.2094,-0.20657,0.25604,0.35076,-0.021413,-0.054173,0.075416,0.14787,0.1153,0.23083,0.70148,1,0.096477,0.1119,0.050323,-0.07449,-0.25641,-0.099938,0.42017,0.10582,0.37651,0.26099,0.42314,0.29888,-0.1643,0.015549,-0.28491,-0.17525,-0.14652,-0.0042929,-0.14143,-0.10069,-0.10151,-0.22216,-0.27298,-0.077805,-0.095829,-0.045174,-0.051777,-0.012561,-0.058217,0.040481,-0.075059,-0.061332,0.2094,0.1686,-0.23818,-0.22545,-0.20919,-0.23955,-0.25705,-0.17248,-0.013704,0.14504,0.35961,0.57352,0.3889,0.32392,0.28401,0.28687,0.41403,0.54517,0.47956,0.1947,0.75424,0.44202,0.15834,-0.086245,0.53378,0.2047,0.035591,-0.010761
-0.13908,0.12635,0.50774,0.4734,0.077722,0.074054,0.21521,0.23918,0.27302,-0.09102,0.016367,0.18951,0.50216,0.1208,0.17884,-0.11758,-0.096978,-0.055695,0.085647,-0.021032,0.47366,0.42625,0.61169,0.61304,0.57621,0.50063,0.29038,0.0055654,0.38446,0.096477,1,0.88657,0.02417,0.072313,-0.0059235,-0.31909,-0.34165,-0.45433,-0.25354,-0.45649,-0.097315,-0.18167,-0.0093103,-0.10145,-0.092161,-0.26135,-0.21879,-0.22581,-0.365,-0.27479,-0.2985,-0.1306,-0.24626,0.0057758,-0.43397,-0.55685,-0.204,-0.043247,-0.23696,-0.13662,-0.19918,-0.045968,-0.2314,-0.049033,-0.079192,0.034597,-0.070214,-0.17527,-0.078138,0.04497,0.56364,0.34164,0.18467,0.0054986,-0.14633,-0.24907,-0.05136,-0.1274,0.30634,0.025867,0.13861,-0.13094,-0.02297,-0.29202,-0.028108,-0.082635,-0.07894,-0.15207,-0.27781,-0.31022
-0.36149,0.175,0.48263,0.5503,0.15329,0.23897,0.13405,0.32138,0.36156,0.026848,-0.0046678,0.30949,0.48761,0.30445,0.19166,-0.021976,-0.18343,-0.005555,-0.10671,-0.042116,0.44054,0.4405,0.54614,0.65482,0.57095,0.64293,0.3872,0.10776,0.32313,0.1119,0.88657,1,-0.23353,-0.10068,-0.20668,-0.40454,-0.34438,-0.44563,-0.38385,-0.52775,-0.18622,-0.26629,0.044484,0.016569,-0.028043,-0.25742,-0.26046,-0.22512,-0.34607,-0.30305,-0.18823,-0.032299,-0.24664,0.052911,-0.47886,-0.63768,-0.21502,-0.0098613,-0.32554,-0.083318,-0.31286,0.051895,-0.24173,0.017353,-0.061598,0.085203,-0.2575,-0.23335,-0.18508,-0.053528,0.49619,0.29266,0.1927,0.047617,-0.20428,-0.2223,-0.23352,-0.20195,0.10597,-0.14646,-0.03419,-0.23092,-0.042296,-0.33568,-0.17642,-0.03139,-0.10998,-0.17553,-0.43869,-0.39692
0.53707,-0.028372,0.0082247,-0.075329,-0.22227,-0.33763,0.29471,0.074963,-0.35141,-0.14706,0.32522,-0.13651,0.0053192,-0.30402,-0.033661,-0.22321,0.44468,0.030546,0.40635,0.25331,-0.2235,-0.33208,0.13547,-0.049972,-0.23555,-0.46779,-0.3884,-0.30563,0.24771,0.050323,0.02417,-0.23353,1,0.8351,0.36082,0.18922,0.065595,0.19223,0.3173,0.2436,0.18235,0.24754,-0.21684,-0.37778,-0.14993,-0.063037,0.15263,-0.14095,0.072397,0.058936,-0.27505,-0.25976,-0.27872,-0.35185,0.10128,0.12094,0.21129,-0.013787,0.202,-0.075162,0.46422,0.035066,0.43504,0.15685,-0.051333,0.028269,0.41448,0.15395,0.25175,0.098953,-0.21863,-0.24611,0.057989,0.048131,0.16924,0.047619,0.40359,0.19516,0.19631,0.41139,0.65298,0.58821,0.090858,0.11798,0.60997,0.11557,0.14965,-0.0085561,0.3689,0.25296
0.40779,-0.059251,0.11514,0.13778,-0.27533,-0.36384,0.39517,0.21092,-0.37978,-0.20023,0.2614,-0.095097,-0.026625,-0.36231,-0.23037,-0.36478,0.30355,-0.17735,0.29162,0.24228,-0.20444,-0.32705,0.20137,0.091973,-0.21853,-0.44776,-0.38305,-0.36144,0.067905,-0.07449,0.072313,-0.10068,0.8351,1,0.34377,0.17368,-0.0028441,0.11847,0.2578,0.17543,0.038963,0.17484,-0.055047,-0.24931,-0.040583,-0.080217,0.21955,-0.046907,0.0066009,-0.035396,-0.26545,-0.19081,-0.23272,-0.36049,0.12332,0.1394,0.15366,-0.11647,0.077059,-0.13284,0.28274,0.14203,0.31275,0.15462,-0.051963,0.17417,0.25326,0.14612,0.14245,-0.044188,-0.1852,-0.26371,-0.016456,0.020253,0.070748,-0.03307,0.25157,0.16121,0.097799,0.19268,0.49503,0.42204,-0.014108,-0.033362,0.52371,0.15961,0.1078,-0.057668,0.2695,0.18004
0.33273,-0.1594,0.1383,0.067482,-0.27614,-0.35897,0.18456,0.023357,-0.28968,-0.15095,0.062303,-0.057439,-0.11178,-0.22019,-0.085758,-0.17691,0.040548,-0.32454,0.21582,0.041932,0.035472,-0.11497,0.10824,0.093374,-0.070949,-0.26214,-0.22722,-0.21784,-0.26202,-0.25641,-0.0059235,-0.20668,0.36082,0.34377,1,0.65496,0.16575,0.099094,0.28365,0.14816,0.24984,0.24624,0.26149,-0.083116,0.43772,0.18541,0.21357,0.040887,0.047008,0.10281,0.087667,0.19451,0.057676,-0.064951,0.1469,0.11355,-0.076649,-0.17853,0.13374,-0.13763,0.37607,0.091896,0.15779,-0.061207,0.35746,0.35988,0.43974,0.297,0.12878,0.20398,-0.060009,-0.24616,0.021601,-0.11581,0.12176,0.033854,0.23191,0.12437,0.058939,0.031803,0.23409,0.20913,-0.028387,0.088545,0.51224,0.3866,0.10842,0.22157,0.44271,0.30842
0.13859,-0.22503,-0.2975,-0.20274,-0.13591,-0.1701,-0.058923,-0.017375,-0.21499,0.057297,-0.094439,-0.13139,-0.32906,-0.16165,-0.13152,0.017476,0.047113,-0.18206,0.0028462,0.0083106,0.058854,0.039635,-0.36789,-0.31173,-0.16946,-0.24734,-0.20256,-0.11897,-0.20724,-0.099938,-0.31909,-0.40454,0.18922,0.17368,0.65496,1,0.29577,0.23468,0.2606,0.20383,0.24784,0.22008,0.21367,-0.0073528,0.42384,0.30518,0.13806,0.042167,0.18465,0.15956,0.14815,0.23363,0.076978,-0.095317,0.16964,0.19144,-0.060597,-0.21403,0.13717,-0.10602,0.24876,0.088085,0.11817,-0.032007,0.22832,0.3056,0.25626,0.37809,-0.014336,0.10007,-0.20716,-0.19143,-0.035032,0.040806,0.17578,0.11481,0.20057,0.24153,0.12374,0.12377,0.21309,0.09307,-0.018032,0.040901,0.27223,0.25385,0.080009,0.086428,0.40949,0.33607
0.13356,-0.078009,-0.19541,-0.18156,-0.14711,-0.17718,0.011568,-0.05591,-0.17062,0.065869,0.13426,0.051103,-0.079635,0.21097,0.31039,0.28382,0.035959,0.087104,-0.28241,-0.27513,0.020338,0.13536,-0.13038,-0.11527,-0.26447,-0.18294,-0.2561,-0.090201,0.061209,0.42017,-0.34165,-0.34438,0.065595,-0.0028441,0.16575,0.29577,1,0.59827,0.65856,0.548,0.60245,0.52159,0.2293,0.26047,0.10855,0.033284,0.22112,0.29501,0.10476,0.101,0.23775,0.14948,0.080475,0.095796,0.48334,0.37293,0.035133,-0.076914,0.00387,0.02281,0.055216,-0.027713,0.14859,-0.019712,-0.014903,-0.034409,-0.047788,-0.0070619,-0.26836,-0.23076,-0.20363,-0.14652,0.28253,0.41954,0.50709,0.39152,0.37727,0.39656,0.18119,0.41046,0.23828,0.21483,0.44192,0.26004,0.31903,0.10988,0.46144,0.17622,0.46592,0.12046
0.098898,-0.22735,-0.33547,-0.32367,0.022837,0.051467,-0.16522,-0.20338,-0.14251,0.10769,0.21067,0.061947,-0.11976,0.11809,0.11099,0.24558,0.3034,0.35543,-0.040877,0.014788,-0.33174,-0.21306,-0.31836,-0.31704,-0.31843,-0.20312,-0.13486,0.04435,-0.024844,0.10582,-0.45433,-0.44563,0.19223,0.11847,0.099094,0.23468,0.59827,1,0.44438,0.67772,0.25629,0.69169,0.073802,0.11484,-0.028422,-0.10214,0.25761,0.26931,0.01338,-0.089046,0.099813,-0.072061,0.10587,0.062503,0.57338,0.56584,0.15369,-0.10236,-0.11397,-0.18534,0.024568,-0.17192,0.26488,0.045605,-0.095456,-0.17456,-0.064164,-0.18568,0.071709,-0.11626,-0.38867,-0.22658,0.16919,0.40085,0.42511,0.50037,0.32297,0.39816,-0.1019,0.23958,0.15447,0.41403,0.037115,0.27351,0.25154,0.16014,0.082982,0.26659,0.45984,0.33486
0.43779,-0.046651,-0.12566,-0.15664,-0.18465,-0.32812,0.18179,-0.025579,-0.28219,-0.0026452,0.28783,-0.057248,-0.010309,-0.037418,0.22251,0.14918,0.20075,-0.033849,-0.13881,-0.36602,-0.17603,-0.09368,-0.025696,-0.092011,-0.18925,-0.37005,-0.31008,-0.11062,0.13392,0.37651,-0.25354,-0.38385,0.3173,0.2578,0.28365,0.2606,0.65856,0.44438,1,0.82242,0.57129,0.6707,0.07653,-0.041431,0.034161,0.088703,0.23142,0.16148,0.14019,0.20434,0.13122,0.043602,-0.088615,-0.14973,0.56488,0.49576,0.1056,-0.081658,0.24631,0.087338,0.24269,-0.04658,0.12634,-0.11051,0.030611,-0.0207,0.21468,0.12233,-0.11825,-0.19261,-0.1929,-0.12851,0.20146,0.21444,0.49615,0.37161,0.41305,0.34932,0.24754,0.53538,0.43376,0.27299,0.63724,0.47163,0.40527,-0.086144,0.61716,0.24253,0.64012,0.19315
0.32586,-0.16685,-0.28601,-0.32328,0.071069,-0.035479,-0.055809,-0.20564,-0.18595,0.13324,0.20835,-0.068785,-0.14508,-0.045701,0.12549,0.22434,0.32692,0.21262,-0.041895,-0.18571,-0.33886,-0.21418,-0.2547,-0.31449,-0.16193,-0.30509,-0.11169,0.15236,0.0136,0.26099,-0.45649,-0.52775,0.2436,0.17543,0.14816,0.20383,0.548,0.67772,0.82242,1,0.33092,0.75122,-0.03282,-0.031504,-0.12432,-0.012148,0.28751,0.26662,0.049157,0.083909,0.056526,-0.11558,-0.00099323,-0.1385,0.63494,0.72423,0.19236,-0.11989,0.10615,-0.10511,0.093442,-0.21546,0.093149,-0.12806,-0.095188,-0.19396,0.15629,-0.035254,0.074105,-0.15071,-0.30808,-0.10089,0.20357,0.27405,0.56612,0.5804,0.34447,0.36974,0.071582,0.42645,0.24099,0.28478,0.44495,0.6058,0.22285,-0.092175,0.39706,0.3801,0.56823,0.37236
0.2943,0.20191,-0.076726,-0.091785,-0.23183,-0.30773,0.1256,-0.0052632,-0.15878,-0.10828,0.21446,0.012004,0.022823,0.010325,0.28006,0.082153,0.14837,0.031016,-0.078058,-0.24548,0.24078,0.16535,0.070269,-0.021982,-0.13997,-0.23683,-0.23602,-0.15141,0.31977,0.42314,-0.097315,-0.18622,0.18235,0.038963,0.24984,0.24784,0.60245,0.25629,0.57129,0.33092,1,0.43914,0.049465,-0.098731,0.17275,-0.010877,0.0075338,-0.012598,0.02455,0.10985,-0.01883,0.11767,-0.17747,-0.047237,0.15311,0.084118,0.10764,0.11386,0.12385,0.19432,0.18417,0.096068,0.18142,0.078025,0.090837,0.02603,0.074233,0.081939,-0.2382,-0.27498,0.098616,-0.0025317,0.34367,0.29087,0.4279,0.21172,0.3623,0.36227,0.25541,0.495,0.4213,0.31037,0.50516,0.26572,0.35293,0.05243,0.52627,0.16462,0.37547,0.070378
0.25462,-0.040031,-0.1859,-0.19103,0.06941,0.0046871,-0.02674,-0.080923,-0.092592,0.035436,0.26324,0.13733,0.027974,0.061691,0.16409,0.12861,0.30437,0.28036,-0.0032728,-0.10604,-0.1386,-0.061537,-0.17373,-0.17623,-0.055337,-0.088152,0.022286,0.11533,0.18062,0.29888,-0.18167,-0.26629,0.24754,0.17484,0.24624,0.22008,0.52159,0.69169,0.6707,0.75122,0.43914,1,-0.013224,-0.082632,-0.028832,-0.10877,0.11366,0.10705,-0.10249,-0.071069,-0.0054662,-0.0339,-0.14795,-0.06118,0.43001,0.46027,0.15542,-0.016172,0.0078249,-0.065184,0.081146,-0.066905,0.13919,0.097393,-0.0070608,-0.074444,0.0191,-0.15854,-0.013157,-0.26089,-0.15406,-0.050231,0.40138,0.49865,0.55024,0.53668,0.4326,0.47748,0.18821,0.3818,0.30878,0.36428,0.296,0.4211,0.2568,0.017881,0.22923,0.2918,0.47173,0.29657
-0.20957,-0.19123,0.058043,0.22321,-0.26813,-0.13695,0.0095103,0.076865,-0.073595,-0.052649,-0.25686,-0.089453,-0.1892,-0.038539,-0.15457,-0.0080175,-0.43381,-0.36821,-0.30081,-0.19013,0.099899,0.12667,-0.029964,0.16395,-0.032153,0.022269,-0.17259,-0.2233,-0.33614,-0.1643,-0.0093103,0.044484,-0.21684,-0.055047,0.26149,0.21367,0.2293,0.073802,0.07653,-0.03282,0.049465,-0.013224,1,0.68859,0.53386,0.37178,0.60439,0.55023,0.28897,0.33908,0.57125,0.4507,0.29782,0.23896,0.22643,0.078363,-0.25354,-0.2379,-0.099906,-0.00037605,-0.041748,0.042596,-0.32845,-0.25673,0.10252,0.20582,-0.092197,0.0086782,-0.20038,0.018556,0.0014141,-0.15214,0.022922,-0.06525,0.0090758,-0.033749,-0.044166,0.051677,0.010554,-0.16417,-0.17684,-0.095061,-0.15066,-0.20028,0.016318,0.24925,-0.0083218,-0.0081978,-0.020518,-0.086061
-0.37661,-0.26632,-0.14188,0.039017,-0.043835,0.12759,-0.28897,-0.086144,0.053809,0.13068,-0.38153,-0.041025,-0.29712,0.12386,6.5877e-005,0.24201,-0.46619,-0.12241,-0.30646,-0.13321,0.10758,0.23736,-0.13868,0.034143,-0.041391,0.19591,-0.0095693,-0.027835,-0.35035,0.015549,-0.10145,0.016569,-0.37778,-0.24931,-0.083116,-0.0073528,0.26047,0.11484,-0.041431,-0.031504,-0.098731,-0.082632,0.68859,1,0.15383,0.17293,0.48146,0.62368,0.082864,0.057571,0.41134,0.17315,0.39912,0.42883,0.30022,0.20366,-0.35437,-0.32273,-0.303,-0.1802,-0.33488,-0.16708,-0.39496,-0.26654,-0.14162,-0.050426,-0.18141,-0.1227,-0.20064,-0.0090736,0.014386,0.023798,-0.079498,-0.044942,-0.063345,-0.074367,-0.000577,0.060795,-0.02067,-0.071038,-0.34009,-0.048778,-0.1238,-0.078738,-0.11235,0.22854,-0.077637,-0.08691,-0.095162,-0.13096
0.0071793,-0.072027,0.14453,0.2898,-0.2469,-0.18313,0.22946,0.18607,-0.10197,-0.013402,-0.033302,0.012034,-0.052268,-0.0028252,-0.17631,-0.086059,-0.24337,-0.43146,-0.20314,-0.18826,-0.0070346,-0.040662,-0.0033573,0.17184,-0.065161,-0.090217,-0.20366,-0.21809,-0.30779,-0.28491,-0.092161,-0.028043,-0.14993,-0.040583,0.43772,0.42384,0.10855,-0.028422,0.034161,-0.12432,0.17275,-0.028832,0.53386,0.15383,1,0.58134,0.12406,-0.0038422,0.48635,0.35004,0.54179,0.59145,0.029121,-0.084283,0.030898,-0.096937,-0.20358,-0.20311,0.14879,0.13442,0.14183,0.25527,0.0094684,-0.035667,0.39994,0.47528,0.18278,0.40213,-0.12664,-0.09802,-0.10248,-0.25648,-0.12381,-0.12896,-0.047319,-0.10777,-0.14778,-0.089612,-0.091504,-0.27066,-0.12097,-0.17168,-0.16881,-0.1881,0.1236,0.22264,-0.0021963,0.006,0.069983,-0.043824
0.18803,0.0084101,-0.16565,-0.047172,-0.24044,-0.19383,0.082336,0.090673,-0.25084,-0.021199,-0.08921,-0.092158,-0.21872,-0.061308,-0.25901,-0.095329,-0.2158,-0.28247,-0.14411,-0.2162,-0.27369,-0.19655,-0.23062,-0.16445,-0.24554,-0.27839,-0.30503,-0.23981,-0.21219,-0.17525,-0.26135,-0.25742,-0.063037,-0.080217,0.18541,0.30518,0.033284,-0.10214,0.088703,-0.012148,-0.010877,-0.10877,0.37178,0.17293,0.58134,1,0.14135,0.036784,0.80022,0.79196,0.65515,0.52163,0.1202,-0.043781,0.031324,0.063005,-0.18023,-0.047441,0.45417,0.3322,0.33352,0.163,-0.053339,-0.011068,0.26742,0.25407,0.33962,0.43163,0.014942,0.038531,-0.18918,-0.16653,-0.20518,-0.19237,0.014588,-0.091335,0.031997,-0.0083241,0.013288,-0.078024,-0.10738,-0.13484,-0.10269,-0.10844,-0.061869,-0.075347,-0.00065539,-0.15592,-0.015981,-0.020174
0.061485,-0.25343,0.016516,0.029292,-0.23666,-0.18265,0.058678,-0.089933,-0.18452,-0.12584,-0.19547,-0.27841,-0.30649,-0.29335,-0.16399,-0.086691,-0.13677,-0.27413,0.069935,0.076609,-0.12324,-0.12789,-0.035744,0.024335,-0.12895,-0.22497,-0.26669,-0.17852,-0.30156,-0.14652,-0.21879,-0.26046,0.15263,0.21955,0.21357,0.13806,0.22112,0.25761,0.23142,0.28751,0.0075338,0.11366,0.60439,0.48146,0.12406,0.14135,1,0.8251,0.20107,0.2875,0.30818,0.14361,0.40136,0.18669,0.55237,0.39354,-0.074243,-0.30809,-0.033765,-0.14882,0.10604,-0.11201,-0.23636,-0.30099,-0.13877,-0.0036865,0.15163,-0.029463,0.090231,0.083369,-0.1042,-0.23438,0.017299,-0.072418,0.069017,0.1013,0.0098538,0.071373,-0.12211,-0.043121,-0.091673,0.12828,-0.09814,0.062234,0.13527,0.19797,-0.0056886,0.10853,0.19347,0.091469
-0.16267,-0.32194,-0.12032,-0.085004,-0.11109,-0.020979,-0.12004,-0.189,-0.047879,-0.066026,-0.31909,-0.21071,-0.32061,-0.1672,-0.12791,0.0095755,-0.28059,-0.17176,-0.091352,-0.032443,-0.02394,0.028301,-0.1704,-0.10372,-0.10489,-0.086386,-0.085113,-0.038936,-0.30594,-0.0042929,-0.22581,-0.22512,-0.14095,-0.046907,0.040887,0.042167,0.29501,0.26931,0.16148,0.26662,-0.012598,0.10705,0.55023,0.62368,-0.0038422,0.036784,0.8251,1,0.036624,0.1216,0.26011,0.074965,0.50462,0.40486,0.57016,0.49992,-0.23032,-0.33986,-0.20225,-0.21503,-0.14003,-0.19365,-0.32565,-0.28879,-0.19583,-0.12229,-0.11242,-0.23096,-0.023534,-0.0049037,-0.050413,-0.11209,0.0028239,0.00069157,0.086023,0.10159,-0.028366,0.1202,-0.030022,-0.050126,-0.24807,-0.018461,-0.050761,0.085212,-0.084061,0.12451,-0.011882,0.10712,0.097638,0.074423
0.28016,0.063281,-0.17389,-0.043919,-0.30464,-0.25251,0.25382,0.15037,-0.29036,0.070439,0.035094,-0.083245,-0.1863,-0.053082,-0.24411,-0.057151,-0.14216,-0.22778,-0.19484,-0.2379,-0.33057,-0.25375,-0.22888,-0.19773,-0.35545,-0.37773,-0.37972,-0.30295,-0.13779,-0.14143,-0.365,-0.34607,0.072397,0.0066009,0.047008,0.18465,0.10476,0.01338,0.14019,0.049157,0.02455,-0.10249,0.28897,0.082864,0.48635,0.80022,0.20107,0.036624,1,0.78743,0.71506,0.52871,-0.022841,-0.17916,0.052286,0.066906,-0.11435,-0.028138,0.52439,0.39292,0.47564,0.25119,0.20903,0.12806,0.37865,0.29609,0.3487,0.43464,-0.085917,-0.034735,-0.26349,-0.25289,-0.21484,-0.15768,0.051639,-0.053171,0.091528,0.015183,-0.046054,0.0051531,0.032679,0.045391,-0.05133,-0.063074,0.062466,-0.043941,0.043234,-0.22044,-0.0041162,0.019391
0.34003,0.16378,-0.090214,-0.064176,-0.33977,-0.33045,0.16012,0.072866,-0.30797,-0.11682,-0.053073,-0.15565,-0.19906,-0.13876,-0.14686,-0.10311,-0.1929,-0.23314,-0.10701,-0.2638,-0.2415,-0.20915,-0.091606,-0.079826,-0.24498,-0.33966,-0.35677,-0.28832,-0.11863,-0.10069,-0.27479,-0.30305,0.058936,-0.035396,0.10281,0.15956,0.101,-0.089046,0.20434,0.083909,0.10985,-0.071069,0.33908,0.057571,0.35004,0.79196,0.2875,0.1216,0.78743,1,0.61564,0.57315,0.099797,0.02157,0.072457,0.058374,-0.029345,0.086211,0.58197,0.51056,0.47584,0.15433,-0.074403,-0.064374,0.21583,0.18218,0.36866,0.40751,-0.0918,-0.0069828,-0.11328,-0.15492,-0.093221,-0.20928,0.087054,-0.046502,0.091444,0.012088,-0.032196,0.041858,-0.045519,0.0026322,0.025042,-0.033938,-0.014809,-0.08222,0.14543,-0.1142,0.083537,0.031919
0.037938,-0.0327,-0.046453,0.060459,-0.18257,-0.068538,0.11723,0.12235,-0.050481,0.14735,-0.091463,0.03967,-0.11204,0.14888,-0.08264,0.15559,-0.36217,-0.24191,-0.31606,-0.27433,-0.23295,-0.059148,-0.17126,-0.035838,-0.17121,-0.064382,-0.14552,-0.09398,-0.30771,-0.10151,-0.2985,-0.18823,-0.27505,-0.26545,0.087667,0.14815,0.23775,0.099813,0.13122,0.056526,-0.01883,-0.0054662,0.57125,0.41134,0.54179,0.65515,0.30818,0.26011,0.71506,0.61564,1,0.71387,0.26135,0.17954,0.16675,0.039853,-0.25546,-0.15095,0.25494,0.24833,0.25218,0.16289,-0.031442,-0.060432,0.42273,0.29595,0.11132,0.1412,-0.18182,-0.016178,-0.1724,-0.20382,-0.10071,-0.067836,0.018954,0.066156,-0.0061639,0.04784,-0.14119,-0.14648,-0.23709,-0.17198,-0.054657,-0.052875,-0.073407,0.075106,-0.0076515,-0.028157,0.001544,-0.064045
