1,0.42145,0.65366,0.34935,-0.1905,-0.12461,0.66871,0.46763,-0.02636,-0.29043,0.45587,-0.0072838,0.40707,0.018415,0.051659,-0.23405,-0.0029917,0.061698,0.48184,0.0036626,-0.42115,-0.33811,0.23473,-0.057801,-0.27186,-0.33445,-0.07625,-0.26806,-0.085086,-0.23296,-0.074996,-0.13061,0.13221,0.036912,0.12537,-0.14373,0.0023683,-0.13567,0.0066049,-0.12661,0.19665,-0.033367,-0.13513,-0.23691,0.0941,-0.15977,-0.17822,-0.22953,0.29697,0.15225,0.18362,0.011555,-0.19997,-0.15275,-0.04113,-0.099009,0.2367,0.2491,0.47814,0.44424,0.43761,0.43449,0.29356,0.45645,0.38625,-0.0028166,0.20547,-0.075209,0.10674,0.00088752,0.026054,-0.010403,0.039977,-0.082646,0.16389,0.04336,0.10403,-0.067695,-0.33228,-0.23365,-0.34593,-0.21635,-0.32905,-0.2743,-0.029957,-0.35118,0.014984,0.1365,0.13431,-0.055821
0.42145,1,0.18453,0.38437,-0.31978,-0.27406,0.083478,0.28138,-0.18284,-0.093637,-0.10107,0.23607,-0.10566,0.24497,-0.011956,0.089642,0.010165,0.1299,0.30164,0.5677,-0.14194,-0.092723,0.085763,0.19235,-0.23408,-0.20967,-0.20409,-0.22438,-0.137,-0.01828,-0.21644,-0.20079,0.030632,0.033383,-0.18171,-0.12803,0.0048578,0.091666,0.016721,0.042602,0.21829,0.18098,-0.11528,-0.095301,0.07883,0.024352,0.08344,0.056694,0.22096,0.081478,-0.17232,-0.095258,-0.057386,-0.07456,-0.097015,-0.099887,0.27188,0.59418,0.30774,0.46324,0.19431,0.3907,-0.14309,0.1182,0.056956,0.18586,-0.091992,-0.10851,0.23705,0.12116,-0.042603,0.050416,0.041364,0.12533,0.07149,0.15057,-0.039948,0.08904,-0.059754,0.036493,-0.16642,-0.081673,-0.097977,-0.04118,-0.27502,-0.069977,0.13897,0.13634,-0.14096,-0.077876
0.65366,0.18453,1,0.60668,-0.13923,-0.12808,0.74238,0.54741,0.076084,-0.12167,0.23373,0.035886,0.4052,0.11418,0.10971,-0.16365,-0.15829,-0.19642,0.37526,-0.021034,-0.37508,-0.31668,0.42368,0.23815,-0.025779,-0.23089,-0.0048804,-0.18878,-0.30209,-0.39469,-0.14523,-0.22151,-0.20026,-0.23827,0.27238,0.1175,-0.0094953,-0.10908,0.12812,0.023397,0.12218,-0.017595,-0.0081128,-0.05884,0.26995,-0.020272,-0.13505,-0.14499,0.31766,0.25965,0.45635,0.24932,-0.085597,-0.042346,0.13716,0.051975,-0.028286,0.082735,0.41086,0.3012,0.21715,0.36232,0.071695,0.3921,0.55727,0.23327,0.35872,0.19023,0.13703,0.15988,0.031028,-0.012065,-0.27281,-0.37843,-0.094348,-0.1942,-0.008209,-0.12774,-0.38004,-0.40613,-0.46535,-0.34525,-0.19318,-0.13975,0.071458,-0.1171,0.16141,0.17411,0.36082,0.054835
0.34935,0.38437,0.60668,1,-0.24599,-0.11434,0.34845,0.71608,-0.1042,0.17258,-0.0078069,0.41267,-0.0023945,0.52906,-0.029645,0.13751,-0.25749,-0.24175,0.22632,0.15802,-0.20072,-0.14617,0.31596,0.62603,0.074099,-0.026107,-0.071832,-0.060484,-0.34813,-0.25772,-0.2164,-0.18817,-0.33983,-0.29061,0.18661,0.35977,0.054455,0.047343,0.2018,0.2155,0.16907,0.1673,0.11711,0.14335,0.18386,0.23066,0.02294,0.044129,0.051359,0.21347,0.33367,0.39542,-0.36019,-0.23229,0.11588,0.052372,-0.27411,-0.14508,0.1061,0.17108,-0.19118,0.15373,-0.31695,0.19103,0.40317,0.57346,0.25115,0.24077,-0.0066379,-0.073833,-0.066053,-0.032484,-0.12737,-0.18908,-0.0040419,-0.035955,-0.19828,-0.10988,-0.1357,-0.29343,-0.43607,-0.32402,-0.038269,0.046367,0.21007,0.36847,0.3409,0.38726,0.10993,-0.12507
-0.1905,-0.31978,-0.13923,-0.24599,1,0.7599,-0.22514,-0.26237,0.77834,0.54341,0.080104,0.0066431,0.057287,-0.061263,0.44222,0.1854,0.095485,0.062191,-0.063146,-0.086312,-0.084528,-0.048829,0.0058483,-0.031069,0.26967,0.33041,0.71512,0.74551,-0.1245,-0.19162,-0.22583,-0.24667,-0.010208,0.032983,0.14392,0.18453,0.069854,0.059366,0.23456,0.07103,-0.17688,-0.10051,-0.064029,0.016109,-0.24408,-0.10489,0.026383,0.085466,-0.45791,-0.30733,-0.14006,-0.20361,0.057969,0.042217,0.28273,0.2715,0.19138,0.034568,-0.14371,-0.32399,0.083938,-0.1492,0.11529,-0.13882,0.043438,-0.065755,-0.080032,0.1729,0.050214,0.25777,0.092904,0.14364,0.043412,0.050789,0.088171,0.24469,0.20364,0.24258,-0.11951,-0.053517,-0.077292,-0.14007,-0.10179,-0.15091,-0.040395,-0.070239,0.090682,0.25967,0.40295,0.18982
-0.12461,-0.27406,-0.12808,-0.11434,0.7599,1,-0.21076,-0.039659,0.57236,0.61967,0.137,0.19552,0.18617,0.16513,0.38644,0.33382,-0.025499,0.050283,0.021477,-0.052022,-0.16104,-0.089116,0.010643,-0.0071964,0.13261,0.3501,0.6007,0.75625,-0.10531,-0.17936,-0.23059,-0.17169,0.048773,0.11334,0.10853,0.17727,-0.054772,-0.041229,0.13813,0.029209,-0.1752,-0.14848,-0.13338,-0.070546,-0.22217,-0.0053196,-0.10419,-0.0051541,-0.4421,-0.177,-0.066615,-0.069076,-0.046471,-0.0024497,0.1173,0.18351,0.068363,-0.086813,-0.17761,-0.33707,0.039684,-0.12117,0.10391,-0.01242,0.13094,0.080416,-0.066983,0.18402,0.12016,0.25591,0.11248,0.16236,0.057488,0.06652,0.11133,0.23962,0.16642,0.23403,-0.16561,-0.095144,-0.11664,-0.13601,-0.1843,-0.20812,-0.081471,0.0010771,0.031467,0.25423,0.28348,0.27409
0.66871,0.083478,0.74238,0.34845,-0.22514,-0.21076,1,0.56507,-0.042685,-0.46772,0.29096,-0.26869,0.44435,-0.18755,-0.041855,-0.24712,0.00885,-0.025455,0.49944,-0.060376,-0.22767,-0.23205,0.28428,-0.12481,-0.19772,-0.36973,-0.21432,-0.38996,0.081736,-0.066906,0.067761,0.0076951,0.14106,0.043097,0.062026,-0.28025,0.006971,-0.11571,0.031496,-0.069461,0.2213,0.0091487,-0.16021,-0.28008,0.12655,-0.27555,-0.24226,-0.35483,0.21426,0.10791,0.14457,-0.029453,-0.024714,0.009985,-0.035928,-0.14124,0.016765,0.10298,0.38628,0.36835,0.22232,0.28033,0.15099,0.40487,0.20481,-0.18715,0.26484,-0.10973,-0.018925,-0.067188,-0.039516,-0.081911,-0.015482,-0.10173,0.045291,-0.074054,-0.0053107,-0.24249,-0.26882,-0.17771,-0.1547,0.0049085,-0.050436,-0.026133,0.15315,-0.29696,-0.051387,-0.03568,0.083859,-0.096809
0.46763,0.28138,0.54741,0.71608,-0.26237,-0.039659,0.56507,1,-0.11454,0.041119,0.23414,0.37649,0.3417,0.48766,-0.066151,0.081732,-0.21513,-0.16065,0.42394,0.10595,-0.28405,-0.26628,0.16998,0.16953,-0.29892,-0.35528,-0.17206,-0.2597,-0.1654,-0.18849,-0.2255,-0.14655,-0.11861,-0.072651,-0.016593,0.012165,-0.09792,-0.14702,0.010812,-0.0094033,0.15704,0.036704,-0.25658,-0.26982,-0.0017568,-0.086825,-0.2958,-0.30149,0.119,0.28871,0.24721,0.29925,-0.3807,-0.28205,-0.11309,-0.094414,-0.24716,-0.17309,0.1636,0.12429,-0.0022957,0.3565,-0.076447,0.51691,0.35293,0.41662,0.18353,0.1283,-0.00025537,-0.022182,-0.049104,0.017697,-0.031008,-0.10125,0.091303,0.035612,-0.1896,-0.20282,-0.30832,-0.36048,-0.3573,-0.21767,-0.11169,-0.070141,0.065718,0.043557,0.080941,0.10203,0.076818,0.036632
-0.02636,-0.18284,0.076084,-0.1042,0.77834,0.57236,-0.042685,-0.11454,1,0.44976,0.095293,-0.031996,0.17869,0.00122,0.5087,0.028465,0.22421,0.22851,0.0072412,0.0098332,-0.27831,-0.20154,0.045765,0.0068239,0.022857,0.16349,0.52594,0.47737,-0.1584,-0.28917,-0.2849,-0.27662,0.063559,0.076508,0.092642,0.060863,0.06613,-0.022415,0.14614,-0.042004,-0.10457,-0.07812,-0.15564,-0.053269,-0.15144,-0.12987,-0.045639,-0.029958,-0.33782,-0.29214,-0.15017,-0.24476,0.16509,0.19455,0.21757,0.13036,0.3113,0.14945,-0.065388,-0.19448,0.17678,-0.038134,0.13192,-0.05117,0.18473,0.022412,-0.22607,-0.030927,0.065351,0.19681,0.11891,0.10604,0.064392,0.012723,0.13254,0.21029,0.18188,0.19401,-0.12024,-0.06625,-0.13085,-0.10377,-0.25305,-0.25313,-0.17946,-0.13372,0.071153,0.23898,0.35611,0.10177
-0.29043,-0.093637,-0.12167,0.17258,0.54341,0.61967,-0.46772,0.041119,0.44976,1,0.033324,0.60238,-0.092801,0.59374,0.5094,0.55203,-0.20703,-0.18421,-0.094827,0.10498,-0.14874,-0.10333,0.22454,0.51625,0.17508,0.33161,0.51242,0.60014,-0.47033,-0.38122,-0.39672,-0.33555,-0.41447,-0.25504,0.19442,0.43439,-0.03037,0.054145,0.20366,0.15776,-0.19282,-0.06469,0.081452,0.16729,-0.061199,0.19179,0.04195,0.19152,-0.36761,-0.090098,0.1096,0.11461,-0.065266,-0.029765,0.22143,0.33797,-0.14457,-0.25427,-0.43667,-0.54631,-0.18014,-0.12063,-0.23929,-0.15233,0.42315,0.60583,-0.21827,0.25099,0.11651,0.22711,0.088222,0.16486,-0.16904,-0.11462,-0.045055,0.1554,-0.030401,0.16123,-0.13507,-0.25595,-0.35555,-0.42262,-0.10302,-0.14688,0.047166,0.45332,0.37675,0.41149,0.43304,0.37927
0.45587,-0.10107,0.23373,-0.0078069,0.080104,0.137,0.29096,0.23414,0.095293,0.033324,1,0.25511,0.48303,0.15555,0.24105,-0.044987,0.17909,0.16134,0.35894,-0.24164,-0.37704,-0.40123,0.32959,-0.048465,-0.18708,-0.21646,0.24581,-0.044764,0.025594,-0.23613,0.23742,0.20587,0.14272,0.21071,0.12545,-0.078421,-0.28187,-0.37167,-0.3037,-0.38927,-0.20103,-0.30178,-0.18494,-0.30456,-0.19645,-0.20851,-0.48864,-0.42826,0.10313,0.17031,0.22763,0.17205,-0.38497,-0.28512,-0.17085,-0.12412,-0.050063,-0.23696,-0.013324,-0.079446,0.14854,0.17392,0.42119,0.45905,0.42678,0.017051,0.066861,-0.014533,-0.086144,-0.069742,0.03562,0.031461,-0.088724,-0.14847,-0.01682,-0.14406,0.021774,-0.081588,-0.19781,-0.2432,-0.18455,-0.15317,-0.3592,-0.42238,0.14705,-0.13973,-0.063447,0.10689,0.26179,0.18297
-0.0072838,0.23607,0.035886,0.41267,0.0066431,0.19552,-0.26869,0.37649,-0.031996,0.60238,0.25511,1,0.033999,0.88764,0.23248,0.53217,-0.27392,-0.18761,0.058326,0.10212,-0.19659,-0.17709,0.24993,0.50867,-0.0051829,-0.023153,0.17061,0.15548,-0.38649,-0.28159,-0.23625,-0.18768,-0.34932,-0.16405,0.072858,0.36644,-0.10933,-0.026042,0.027266,0.033221,-0.11395,-0.047769,-0.019005,-0.023519,-0.16901,0.12516,-0.10244,0.023079,-0.14992,0.14086,0.24061,0.37247,-0.41578,-0.36849,-0.10421,0.060018,-0.3465,-0.33075,-0.31401,-0.34783,-0.22127,0.096547,-0.18152,0.24127,0.43879,0.67677,-0.12956,0.21489,-0.0046387,0.047845,0.059542,0.13092,-0.17682,-0.14795,-0.065694,0.0041612,-0.128,0.066848,-0.16765,-0.32353,-0.36981,-0.37679,-0.14457,-0.15791,0.10024,0.44229,0.2514,0.33415,0.2497,0.33345
0.40707,-0.10566,0.4052,-0.0023945,0.057287,0.18617,0.44435,0.3417,0.17869,-0.092801,0.48303,0.033999,1,0.1502,0.031563,-0.30667,0.2015,0.2377,0.073945,-0.25347,-0.48389,-0.4043,-0.14457,-0.42257,-0.50067,-0.49367,0.06405,-0.13399,0.072233,-0.277,-0.096939,-0.04049,0.29204,0.25996,-0.097755,-0.31554,-0.29192,-0.41377,-0.27323,-0.42385,-0.10079,-0.26145,-0.50938,-0.54792,-0.41353,-0.536,-0.59417,-0.5897,0.089518,0.2599,0.21041,0.17544,-0.15367,-0.10008,-0.2554,-0.15045,0.11281,0.026841,0.30275,0.11056,0.4542,0.42026,0.7321,0.72722,0.26045,-0.049809,-0.060789,-0.17793,-0.00062095,0.05066,0.093696,0.036745,0.051362,0.0061816,0.080946,-0.09845,-0.048379,-0.21212,-0.37588,-0.23771,-0.06215,-0.038259,-0.52274,-0.50963,-0.40659,-0.58533,-0.27058,-0.23418,0.25248,0.2582
0.018415,0.24497,0.11418,0.52906,-0.061263,0.16513,-0.18755,0.48766,0.00122,0.59374,0.15555,0.88764,0.1502,1,0.20139,0.46407,-0.22666,-0.16781,-0.0031519,0.11587,-0.28016,-0.2392,0.15461,0.49564,-0.14743,-0.10947,0.078962,0.092419,-0.39716,-0.33677,-0.33189,-0.25003,-0.32235,-0.18373,0.010182,0.30107,-0.16135,-0.09517,-0.0025467,0.00032235,-0.077377,-0.044905,-0.08687,-0.048094,-0.16882,0.074723,-0.15599,-0.068558,-0.15487,0.12232,0.24351,0.36912,-0.33181,-0.3024,-0.11326,0.028222,-0.28921,-0.30455,-0.28559,-0.30833,-0.18011,0.10694,-0.14635,0.26591,0.41469,0.70107,-0.19783,0.10066,-0.0073835,0.0021185,0.019034,0.063499,-0.11972,-0.11483,-0.02585,0.025797,-0.20924,-0.040093,-0.18917,-0.32868,-0.36147,-0.34919,-0.21943,-0.20898,0.014007,0.41412,0.23409,0.29237,0.23442,0.2945
0.051659,-0.011956,0.10971,-0.029645,0.44222,0.38644,-0.041855,-0.066151,0.5087,0.5094,0.24105,0.23248,0.031563,0.20139,1,0.46817,-0.019644,-0.046278,0.14385,0.123,-0.0010528,0.036401,0.41988,0.3511,0.10096,0.3309,0.25311,0.28014,-0.062136,-0.065317,-0.036321,-0.14185,-0.18018,-0.088624,0.1737,0.1027,0.18702,0.16652,0.22023,0.14898,0.035339,0.091667,0.033859,-0.015971,0.070662,0.049701,0.090148,0.074995,-0.24935,-0.27689,-0.16169,-0.2571,0.056535,0.21313,0.15221,0.054408,0.047132,0.048194,-0.24337,-0.18956,0.013286,0.048074,-0.16189,-0.16586,0.46803,0.27422,-0.39775,-0.1732,-0.030945,0.066023,0.18236,0.12225,-0.071134,-0.043303,0.11216,0.12167,0.074435,0.12444,0.0088981,0.010144,-0.11328,-0.10945,0.0626,-0.03453,0.10818,0.22678,0.20964,0.32637,0.33795,0.11867
-0.23405,0.089642,-0.16365,0.13751,0.1854,0.33382,-0.24712,0.081732,0.028465,0.55203,-0.044987,0.53217,-0.30667,0.46407,0.46817,1,-0.33452,-0.34788,0.16825,0.31144,0.16702,0.1413,0.35544,0.47519,0.21804,0.31411,0.13279,0.30932,-0.14324,0.13761,-0.1708,-0.20845,-0.29333,-0.21542,-0.024421,0.16952,0.1726,0.33527,0.40045,0.46704,0.034333,0.10084,0.086982,0.090901,0.041256,0.1555,0.25216,0.26953,-0.3275,-0.24541,-0.14112,-0.12367,-0.023225,-0.0013779,0.1939,0.27067,-0.24043,-0.18988,-0.38957,-0.37761,-0.30078,-0.20902,-0.48826,-0.2677,0.099339,0.2789,-0.20808,0.043329,0.050419,0.048028,-0.041135,0.051483,-0.094645,-0.036718,0.016243,0.2345,-0.027034,0.1023,0.034867,-0.0084946,-0.10029,-0.087606,0.40865,0.36429,0.30541,0.5684,0.32409,0.38897,0.15833,0.30315
-0.0029917,0.010165,-0.15829,-0.25749,0.095485,-0.025499,0.00885,-0.21513,0.22421,-0.20703,0.17909,-0.27392,0.2015,-0.22666,-0.019644,-0.33452,1,0.76971,-0.082259,0.053268,0.0036253,-0.044983,-0.23398,-0.28662,-0.28811,-0.16591,-0.015847,-0.04458,0.41879,0.20182,0.20877,0.28402,0.40305,0.42406,-0.27732,-0.35935,-0.11338,-0.20476,-0.38919,-0.39499,0.020057,0.027811,-0.28578,-0.34362,-0.35822,-0.35581,-0.3663,-0.39669,-0.11956,-0.22651,-0.34119,-0.28263,0.039367,0.0051612,-0.29924,-0.42755,0.42183,0.266,-0.0011614,0.098373,0.11833,-0.0054888,0.35119,0.11581,-0.22413,-0.31541,-0.3306,-0.45659,-0.21947,-0.25512,0.064728,-0.025872,0.36697,0.35563,0.15717,-0.011632,0.11042,0.028152,0.39639,0.35124,0.48735,0.43443,-0.18812,-0.20673,-0.19457,-0.26169,-0.25329,-0.18512,-0.16796,-0.32843
0.061698,0.1299,-0.19642,-0.24175,0.062191,0.050283,-0.025455,-0.16065,0.22851,-0.18421,0.16134,-0.18761,0.2377,-0.16781,-0.046278,-0.34788,0.76971,1,-0.10853,0.0086222,-0.13596,-0.15667,-0.28182,-0.3533,-0.31902,-0.16017,0.018834,-0.058501,0.40082,0.19149,0.15022,0.25268,0.55984,0.55909,-0.29701,-0.33564,-0.10445,-0.23544,-0.39282,-0.44929,-0.020409,-0.071781,-0.2268,-0.32238,-0.43876,-0.34096,-0.27766,-0.32502,-0.13263,-0.2105,-0.38361,-0.26397,0.022588,-0.015538,-0.34803,-0.44631,0.45878,0.39692,0.094118,0.16683,0.27757,0.19868,0.39185,0.24013,-0.21662,-0.2856,-0.38378,-0.47871,-0.15788,-0.25293,-0.036593,-0.056515,0.44692,0.48811,0.2793,0.16383,0.13321,0.079046,0.29541,0.45751,0.39135,0.46342,-0.3564,-0.33031,-0.35619,-0.38655,-0.31889,-0.17126,-0.25411,-0.27892
0.48184,0.30164,0.37526,0.22632,-0.063146,0.021477,0.49944,0.42394,0.0072412,-0.094827,0.35894,0.058326,0.073945,-0.0031519,0.14385,0.16825,-0.082259,-0.10853,1,0.50515,-0.25134,-0.27242,0.48001,0.066168,-0.084519,-0.23987,0.10639,-0.1122,-0.15187,-0.16333,0.0074876,-0.029446,0.061575,0.097023,0.0026288,-0.20245,-0.090735,-0.10684,-0.018147,-0.090022,0.0554,-0.069993,-0.22363,-0.16248,0.15953,-0.091363,-0.21715,-0.17455,0.17873,0.081269,0.02719,-0.10863,-0.04389,-0.035738,-0.044287,-0.043591,0.049274,0.11347,0.18706,0.1812,-0.0025397,0.09159,-0.15125,0.12983,0.25039,-0.051319,0.26072,0.16276,0.43799,0.38278,0.13609,0.15393,-0.15204,-0.14191,-0.018966,-0.016979,0.23308,0.19869,-0.34149,-0.28407,-0.31585,-0.1909,-0.051894,-0.11138,0.15837,-0.094839,0.095397,0.1556,0.14878,0.14992
0.0036626,0.5677,-0.021034,0.15802,-0.086312,-0.052022,-0.060376,0.10595,0.0098332,0.10498,-0.24164,0.10212,-0.25347,0.11587,0.123,0.31144,0.053268,0.0086222,0.50515,1,0.065817,0.067069,0.1619,0.18575,-0.12019,-0.054432,-0.061454,-0.067943,-0.052167,0.12072,-0.16452,-0.13419,-0.031172,0.029517,-0.31156,-0.27391,-0.0045529,0.084795,-0.00081089,0.048966,0.092641,0.11195,-0.18245,-0.035218,0.11088,0.015106,0.039825,0.066184,0.031879,-0.078796,-0.32523,-0.24924,0.15941,0.13032,-0.044422,-0.029121,0.16714,0.33319,0.026253,0.16821,-0.17169,-0.050862,-0.38036,-0.23067,-0.078654,0.056216,-0.11278,-0.023092,0.43652,0.37592,0.11445,0.1894,0.038643,0.1543,0.034309,0.1137,0.16095,0.35221,0.066302,0.066969,0.0092127,0.056039,0.14383,0.10369,-0.1313,0.10574,0.14009,0.057954,-0.10223,0.031709
-0.42115,-0.14194,-0.37508,-0.20072,-0.084528,-0.16104,-0.22767,-0.28405,-0.27831,-0.14874,-0.37704,-0.19659,-0.48389,-0.28016,-0.0010528,0.16702,0.0036253,-0.13596,-0.25134,0.065817,1,0.89147,-0.21842,-0.0012819,0.2672,0.51365,-0.3612,0.039527,0.52074,0.75843,0.40256,0.36875,-0.17288,-0.2153,-0.11731,-0.012271,0.33867,0.35171,0.08824,0.29104,0.26465,0.3765,0.1909,0.060531,0.12292,0.18883,0.29947,0.18449,-0.21891,-0.25179,-0.38343,-0.23133,0.010953,0.032667,-0.098257,-0.20418,-0.16585,-0.11655,-0.23998,-0.070654,-0.3963,-0.31786,-0.43677,-0.46376,-0.41901,-0.12213,-0.095653,-0.14507,-0.29811,-0.26714,0.07315,0.029184,0.22637,0.25082,0.083646,0.01442,-0.017367,0.0096728,0.6447,0.50234,0.59189,0.51105,0.72016,0.64699,0.28494,0.34698,-0.17666,-0.26157,-0.48774,-0.38519
-0.33811,-0.092723,-0.31668,-0.14617,-0.048829,-0.089116,-0.23205,-0.26628,-0.20154,-0.10333,-0.40123,-0.17709,-0.4043,-0.2392,0.036401,0.1413,-0.044983,-0.15667,-0.27242,0.067069,0.89147,1,-0.21683,0.050096,0.23019,0.53287,-0.30999,0.12201,0.4728,0.64508,0.30321,0.29189,-0.15493,-0.22188,-0.057245,0.0092303,0.40903,0.38326,0.12593,0.27926,0.35479,0.4403,0.17855,0.062505,0.11939,0.16903,0.34826,0.23308,-0.27649,-0.30148,-0.38842,-0.27126,0.042293,0.050857,-0.051806,-0.16007,-0.13894,-0.095806,-0.19981,-0.036325,-0.33675,-0.31021,-0.37853,-0.46423,-0.37054,-0.10363,-0.11992,-0.14885,-0.27677,-0.23077,0.22878,0.22371,0.31408,0.32969,0.19984,0.088047,0.10827,0.13372,0.53466,0.42558,0.47663,0.41723,0.55095,0.53542,0.20267,0.30279,-0.18172,-0.17712,-0.40008,-0.34819
0.23473,0.085763,0.42368,0.31596,0.0058483,0.010643,0.28428,0.16998,0.045765,0.22454,0.32959,0.24993,-0.14457,0.15461,0.41988,0.35544,-0.23398,-0.28182,0.48001,0.1619,-0.21842,-0.21683,1,0.66715,0.36373,0.15511,0.22884,0.057116,-0.40016,-0.32097,0.13657,-0.01925,-0.2342,-0.13426,0.31157,0.19157,-0.055029,-0.02056,0.11329,0.051204,-0.055908,-0.093769,0.27013,0.25509,0.28071,0.16762,0.051297,0.13446,0.026167,-0.070987,0.22607,0.0054448,0.018628,0.067701,0.14212,0.11217,-0.1558,-0.10304,-0.20457,-0.22262,-0.18324,-0.15228,-0.3154,-0.16234,0.51358,0.17138,0.13433,0.23989,0.1477,0.21446,0.12038,0.12976,-0.39117,-0.36692,-0.22878,-0.19198,0.12595,0.15361,-0.23088,-0.28125,-0.4572,-0.41233,0.02357,-0.063252,0.47079,0.37749,0.41037,0.43493,0.3926,0.17169
-0.057801,0.19235,0.23815,0.62603,-0.031069,-0.0071964,-0.12481,0.16953,0.0068239,0.51625,-0.048465,0.50867,-0.42257,0.49564,0.3511,0.47519,-0.28662,-0.3533,0.066168,0.18575,-0.0012819,0.050096,0.66715,1,0.43338,0.40201,0.14425,0.22103,-0.47073,-0.25906,-0.065769,-0.11635,-0.51809,-0.37794,0.34716,0.54915,0.1172,0.20811,0.26161,0.30822,0.016578,0.16276,0.4515,0.48179,0.31924,0.45736,0.29168,0.38621,-0.16349,-0.10979,0.20646,0.15626,-0.10346,-0.0086929,0.23091,0.17709,-0.30714,-0.24473,-0.39269,-0.30244,-0.42829,-0.24038,-0.58167,-0.34984,0.4606,0.59989,-0.014359,0.24953,-0.02984,-0.0085928,0.099365,0.11963,-0.28577,-0.26841,-0.15691,-0.096113,-0.042645,0.15102,0.022872,-0.19806,-0.43345,-0.44056,0.11878,0.10528,0.42802,0.7574,0.52709,0.57433,0.24498,-0.013318
-0.27186,-0.23408,-0.025779,0.074099,0.26967,0.13261,-0.19772,-0.29892,0.022857,0.17508,-0.18708,-0.0051829,-0.50067,-0.14743,0.10096,0.21804,-0.28811,-0.31902,-0.084519,-0.12019,0.2672,0.23019,0.36373,0.43338,1,0.71281,0.35098,0.49099,-0.17437,0.033196,0.27234,0.09185,-0.30998,-0.21176,0.58639,0.60959,0.17157,0.23519,0.34397,0.40418,-0.10044,0.095584,0.66006,0.68451,0.37521,0.53819,0.57341,0.65195,-0.21349,-0.23143,0.15826,0.032813,0.025555,0.075738,0.31456,0.24482,-0.27191,-0.15865,-0.32486,-0.32059,-0.44578,-0.4475,-0.46053,-0.49826,0.05071,0.046899,0.26769,0.42877,0.023908,0.09948,-0.12467,-0.121,-0.22036,-0.1745,-0.15632,-0.036548,0.044063,0.15114,0.15502,0.092717,-0.11588,-0.16489,0.30591,0.3042,0.48327,0.40074,0.1984,0.28079,0.042309,-0.12617
-0.33445,-0.20967,-0.23089,-0.026107,0.33041,0.3501,-0.36973,-0.35528,0.16349,0.33161,-0.21646,-0.023153,-0.49367,-0.10947,0.3309,0.31411,-0.16591,-0.16017,-0.23987,-0.054432,0.51365,0.53287,0.15511,0.40201,0.71281,1,0.17895,0.5639,0.13462,0.32518,0.3231,0.24082,-0.25727,-0.19523,0.39211,0.47224,0.28404,0.33931,0.27671,0.39672,-0.019011,0.22814,0.50124,0.47759,0.25993,0.5348,0.51195,0.52728,-0.44366,-0.42266,-0.2002,-0.1989,-0.015457,0.11826,0.17549,0.062091,-0.14874,-0.12371,-0.40771,-0.31248,-0.37433,-0.43253,-0.46949,-0.61618,-0.0087484,0.13216,-0.059459,0.11883,-0.13167,-0.094597,-0.0047631,-0.031564,0.014287,0.048918,0.074116,0.10343,0.11737,0.23044,0.46798,0.37869,0.14702,0.092682,0.39546,0.36989,0.32819,0.47252,0.085472,0.22804,-0.19119,-0.30434
-0.07625,-0.20409,-0.0048804,-0.071832,0.71512,0.6007,-0.21432,-0.17206,0.52594,0.51242,0.24581,0.17061,0.06405,0.078962,0.25311,0.13279,-0.015847,0.018834,0.10639,-0.061454,-0.3612,-0.30999,0.22884,0.14425,0.35098,0.17895,1,0.72554,-0.40146,-0.51048,-0.17158,-0.18712,0.020936,0.11486,0.31096,0.29013,-0.19589,-0.1643,0.06927,-0.10134,-0.38933,-0.33229,0.066393,0.24373,-0.11654,0.041887,-0.010212,0.14636,-0.16499,0.0091982,0.17772,0.1004,0.022369,-0.040797,0.28328,0.37564,0.072607,-0.099952,-0.076199,-0.2836,0.020821,-0.15869,0.10742,-0.078079,0.24505,0.061657,0.17289,0.407,0.24046,0.37594,0.0731,0.13673,-0.17679,-0.13121,-0.12149,0.067448,0.16634,0.24674,-0.33463,-0.3234,-0.40101,-0.45081,-0.387,-0.41692,-0.032158,-0.048947,0.21095,0.37511,0.53024,0.38199
-0.26806,-0.22438,-0.18878,-0.060484,0.74551,0.75625,-0.38996,-0.2597,0.47737,0.60014,-0.044764,0.15548,-0.13399,0.092419,0.28014,0.30932,-0.04458,-0.058501,-0.1122,-0.067943,0.039527,0.12201,0.057116,0.22103,0.49099,0.5639,0.72554,1,-0.24217,-0.20408,-0.17043,-0.15805,-0.12199,-0.028107,0.30892,0.44526,0.05452,0.11113,0.2866,0.21174,-0.13135,-0.015966,0.20959,0.25943,-0.021208,0.23929,0.18842,0.29648,-0.41207,-0.18017,-0.0048899,-0.013902,-0.0086731,-0.011196,0.29306,0.31039,-0.0099522,-0.091,-0.24852,-0.36221,-0.15635,-0.2915,-0.12059,-0.29536,0.069029,0.13135,0.056286,0.35325,0.070196,0.24216,0.077879,0.14343,-0.021235,0.005419,0.0020262,0.17133,0.1628,0.26367,-0.057847,-0.079456,-0.18575,-0.24902,-0.049045,-0.045127,0.033558,0.16542,0.16158,0.34861,0.2793,0.18087
-0.085086,-0.137,-0.30209,-0.34813,-0.1245,-0.10531,0.081736,-0.1654,-0.1584,-0.47033,0.025594,-0.38649,0.072233,-0.39716,-0.062136,-0.14324,0.41879,0.40082,-0.15187,-0.052167,0.52074,0.4728,-0.40016,-0.47073,-0.17437,0.13462,-0.40146,-0.24217,1,0.83604,0.53646,0.57278,0.39233,0.26582,-0.37769,-0.44532,0.12687,0.037887,-0.27921,-0.12414,0.11029,0.10787,-0.20663,-0.33245,-0.31058,-0.24785,-0.11881,-0.26672,-0.23809,-0.2655,-0.52224,-0.29749,-0.10218,-0.020021,-0.39406,-0.47882,0.15652,0.082174,0.047703,0.19389,0.040518,-0.028169,0.1401,-0.0047805,-0.54675,-0.47336,-0.26244,-0.52081,-0.35475,-0.44458,-0.026949,-0.044062,0.5034,0.49589,0.33973,0.08633,0.10962,-0.020166,0.67081,0.71336,0.83122,0.83856,0.29503,0.28041,0.028537,-0.14558,-0.52209,-0.46095,-0.597,-0.47399
-0.23296,-0.01828,-0.39469,-0.25772,-0.19162,-0.17936,-0.066906,-0.18849,-0.28917,-0.38122,-0.23613,-0.28159,-0.277,-0.33677,-0.065317,0.13761,0.20182,0.19149,-0.16333,0.12072,0.75843,0.64508,-0.32097,-0.25906,0.033196,0.32518,-0.51048,-0.20408,0.83604,1,0.45262,0.43349,0.18935,0.093868,-0.36422,-0.29523,0.31924,0.30848,-0.0018071,0.20921,0.216,0.30462,-0.014937,-0.14379,-0.12977,-0.052288,0.18976,0.013889,-0.25764,-0.35527,-0.57143,-0.35598,-0.10142,-0.025098,-0.24424,-0.36767,0.0020891,0.07692,-0.097432,0.11537,-0.17919,-0.12651,-0.20585,-0.22837,-0.58112,-0.3498,-0.23608,-0.42973,-0.33789,-0.43745,-0.16326,-0.15222,0.42022,0.467,0.31843,0.18649,0.021544,0.0079039,0.74036,0.77661,0.80418,0.82266,0.64049,0.60887,0.17725,0.12884,-0.3183,-0.32866,-0.67571,-0.51078
-0.074996,-0.21644,-0.14523,-0.2164,-0.22583,-0.23059,0.067761,-0.2255,-0.2849,-0.39672,0.23742,-0.23625,-0.096939,-0.33189,-0.036321,-0.1708,0.20877,0.15022,0.0074876,-0.16452,0.40256,0.30321,0.13657,-0.065769,0.27234,0.3231,-0.17158,-0.17043,0.53646,0.45262,1,0.89388,0.12799,0.17323,0.13518,-0.067268,-0.20198,-0.23429,-0.44088,-0.27553,-0.21058,-0.1236,0.17382,0.075621,0.03031,0.12597,-0.084673,-0.11318,-0.018415,-0.13912,-0.11063,-0.099934,-0.12111,-0.094732,-0.41705,-0.47068,-0.051652,-0.17346,-0.19609,-0.058322,-0.23559,-0.27533,-0.0041391,-0.12757,-0.12238,-0.25392,0.025067,-0.16252,-0.25771,-0.32582,0.028338,-0.11238,-0.041789,-0.022314,-0.15022,-0.43001,-0.060825,-0.11818,0.50936,0.35927,0.46146,0.38392,0.19444,0.11048,0.3366,0.11124,-0.25523,-0.23868,-0.40504,-0.38735
-0.13061,-0.20079,-0.22151,-0.18817,-0.24667,-0.17169,0.0076951,-0.14655,-0.27662,-0.33555,0.20587,-0.18768,-0.04049,-0.25003,-0.14185,-0.20845,0.28402,0.25268,-0.029446,-0.13419,0.36875,0.29189,-0.01925,-0.11635,0.09185,0.24082,-0.18712,-0.15805,0.57278,0.43349,0.89388,1,0.12517,0.20198,0.015538,-0.12408,-0.28483,-0.28603,-0.57419,-0.3722,-0.233,-0.15061,0.058675,-0.038626,-0.084719,0.061425,-0.2276,-0.25121,-0.061342,-0.095741,-0.12754,-0.041001,-0.12215,-0.13708,-0.50514,-0.534,-0.039175,-0.19243,-0.21059,-0.075392,-0.2356,-0.27936,0.053145,-0.061518,-0.19081,-0.21304,-0.06597,-0.21758,-0.26042,-0.35103,0.11323,-0.010625,0.015053,0.024498,-0.15382,-0.44417,-0.04758,-0.074698,0.51234,0.32816,0.49342,0.41808,0.09497,0.045873,0.19945,0.094887,-0.36344,-0.31192,-0.46185,-0.38855
0.13221,0.030632,-0.20026,-0.33983,-0.010208,0.048773,0.14106,-0.11861,0.063559,-0.41447,0.14272,-0.34932,0.29204,-0.32235,-0.18018,-0.29333,0.40305,0.55984,0.061575,-0.031172,-0.17288,-0.15493,-0.2342,-0.51809,-0.30998,-0.25727,0.020936,-0.12199,0.39233,0.18935,0.12799,0.12517,1,0.85561,-0.36095,-0.50824,-0.10837,-0.20167,-0.27352,-0.38306,-0.046048,-0.15852,-0.33895,-0.30379,-0.40951,-0.45209,-0.21876,-0.28808,-0.021597,-0.18136,-0.45499,-0.36684,0.0056487,0.074239,-0.25698,-0.24965,0.42883,0.23735,0.19646,0.17598,0.38859,0.077417,0.41093,0.12459,-0.30002,-0.53036,-0.19147,-0.42479,0.021784,-0.19977,-0.056134,-0.066306,0.36284,0.37109,0.19177,0.17099,0.1765,0.065902,0.043329,0.2955,0.28974,0.35353,-0.32114,-0.29366,-0.35561,-0.54293,-0.33884,-0.22567,-0.32082,-0.1987
0.036912,0.033383,-0.23827,-0.29061,0.032983,0.11334,0.043097,-0.072651,0.076508,-0.25504,0.21071,-0.16405,0.25996,-0.18373,-0.088624,-0.21542,0.42406,0.55909,0.097023,0.029517,-0.2153,-0.22188,-0.13426,-0.37794,-0.21176,-0.19523,0.11486,-0.028107,0.26582,0.093868,0.17323,0.20198,0.85561,1,-0.23621,-0.31796,-0.20066,-0.21004,-0.29037,-0.37069,-0.11576,-0.15847,-0.28395,-0.25942,-0.38637,-0.30719,-0.23566,-0.23948,-0.050458,-0.1494,-0.38024,-0.29337,-0.081319,0.013582,-0.28529,-0.27021,0.27883,0.17255,-0.0047725,0.027657,0.16996,0.038279,0.30879,0.13471,-0.14979,-0.32878,-0.25367,-0.32906,0.003316,-0.17273,-0.042191,-0.056396,0.22715,0.2914,0.10656,0.093103,0.098936,0.10751,0.015414,0.20634,0.18654,0.23552,-0.3323,-0.32765,-0.36866,-0.44684,-0.23666,-0.14389,-0.30849,-0.19545
0.12537,-0.18171,0.27238,0.18661,0.14392,0.10853,0.062026,-0.016593,0.092642,0.19442,0.12545,0.072858,-0.097755,0.010182,0.1737,-0.024421,-0.27732,-0.29701,0.0026288,-0.31156,-0.11731,-0.057245,0.31157,0.34716,0.58639,0.39211,0.31096,0.30892,-0.37769,-0.36422,0.13518,0.015538,-0.36095,-0.23621,1,0.66191,0.051476,0.0062329,0.25945,0.21405,-0.096356,0.0093823,0.5581,0.48364,0.50891,0.53039,0.31694,0.38427,-0.035112,-0.0492,0.39183,0.12764,-0.041373,0.011872,0.27248,0.19294,-0.24657,-0.20595,-0.2108,-0.23057,-0.18894,-0.14529,-0.14028,-0.078746,0.49904,0.32699,0.26659,0.33756,-0.036326,0.01991,-0.014085,-0.14969,-0.26514,-0.32482,-0.14554,-0.12748,-0.06974,-0.086583,-0.15105,-0.27018,-0.4517,-0.45809,-0.08637,-0.037724,0.33789,0.21905,0.21981,0.33056,0.22189,-0.032556
-0.14373,-0.12803,0.1175,0.35977,0.18453,0.17727,-0.28025,0.012165,0.060863,0.43439,-0.078421,0.36644,-0.31554,0.30107,0.1027,0.16952,-0.35935,-0.33564,-0.20245,-0.27391,-0.012271,0.0092303,0.19157,0.54915,0.60959,0.47224,0.29013,0.44526,-0.44532,-0.29523,-0.067268,-0.12408,-0.50824,-0.31796,0.66191,1,0.138,0.17699,0.35025,0.39082,-0.073444,0.10798,0.52865,0.4934,0.31549,0.67769,0.35447,0.48612,-0.16866,0.028376,0.42239,0.39449,-0.24567,-0.21047,0.29095,0.2513,-0.35328,-0.28598,-0.27246,-0.29555,-0.32131,-0.069984,-0.33828,-0.12848,0.36393,0.60204,0.22997,0.54759,-0.089274,0.032339,-0.069909,-0.11768,-0.29187,-0.31518,-0.088711,-0.057915,-0.12561,0.019136,-0.062738,-0.23542,-0.41237,-0.43223,0.028681,0.065997,0.28619,0.48016,0.34439,0.42603,0.19656,-0.01932
0.0023683,0.0048578,-0.0094953,0.054455,0.069854,-0.054772,0.006971,-0.09792,0.06613,-0.03037,-0.28187,-0.10933,-0.29192,-0.16135,0.18702,0.1726,-0.11338,-0.10445,-0.090735,-0.0045529,0.33867,0.40903,-0.055029,0.1172,0.17157,0.28404,-0.19589,0.05452,0.12687,0.31924,-0.20198,-0.28483,-0.10837,-0.20066,0.051476,0.138,1,0.80956,0.67573,0.62315,0.65985,0.63192,0.18577,-0.0015744,0.11871,0.056076,0.5114,0.38723,-0.25156,-0.35849,-0.28751,-0.28278,-0.018079,0.091979,0.45249,0.18402,-0.11784,0.047387,0.0765,0.17923,-0.051622,0.077307,-0.2707,-0.22568,-0.098529,-0.015081,-0.041918,-0.13278,-0.2227,-0.21452,-0.040677,-0.031405,0.29037,0.27519,0.49447,0.46871,0.23652,0.16884,0.13655,0.247,0.042186,0.15252,0.40067,0.42971,0.18454,0.14337,0.051942,0.20958,-0.064658,-0.29828
-0.13567,0.091666,-0.10908,0.047343,0.059366,-0.041229,-0.11571,-0.14702,-0.022415,0.054145,-0.37167,-0.026042,-0.41377,-0.09517,0.16652,0.33527,-0.20476,-0.23544,-0.10684,0.084795,0.35171,0.38326,-0.02056,0.20811,0.23519,0.33931,-0.1643,0.11113,0.037887,0.30848,-0.23429,-0.28603,-0.20167,-0.21004,0.0062329,0.17699,0.80956,1,0.7287,0.7732,0.51805,0.6687,0.22979,0.14511,0.17167,0.17969,0.57022,0.50953,-0.2378,-0.31996,-0.31378,-0.29399,0.030277,0.18656,0.54315,0.36702,-0.19388,0.081435,-0.020973,0.098886,-0.15477,-0.033282,-0.40693,-0.38442,-0.17428,0.024298,-0.067189,-0.057526,-0.1221,-0.10637,-0.11329,-0.023609,0.061879,0.12122,0.26938,0.38565,0.13174,0.19874,0.14758,0.21554,-0.012115,0.055801,0.51904,0.52938,0.10769,0.20616,0.15486,0.24009,-0.1152,-0.23626
0.0066049,0.016721,0.12812,0.2018,0.23456,0.13813,0.031496,0.010812,0.14614,0.20366,-0.3037,0.027266,-0.27323,-0.0025467,0.22023,0.40045,-0.38919,-0.39282,-0.018147,-0.00081089,0.08824,0.12593,0.11329,0.26161,0.34397,0.27671,0.06927,0.2866,-0.27921,-0.0018071,-0.44088,-0.57419,-0.27352,-0.29037,0.25945,0.35025,0.67573,0.7287,1,0.88191,0.44553,0.48521,0.29162,0.2434,0.29566,0.2582,0.57801,0.53492,-0.17454,-0.17858,-0.041262,-0.11039,0.0017693,0.12786,0.73088,0.57609,-0.2523,0.015716,0.049452,0.054339,-0.092693,0.04613,-0.3606,-0.23305,0.082837,0.15596,0.13987,0.1604,-0.029943,0.021099,-0.23913,-0.178,-0.020107,-0.023527,0.23026,0.4291,0.0015754,0.0017958,-0.13368,-0.039054,-0.29542,-0.19576,0.4456,0.49732,0.17566,0.16915,0.43481,0.45611,0.17565,0.0050123
-0.12661,0.042602,0.023397,0.2155,0.07103,0.029209,-0.069461,-0.0094033,-0.042004,0.15776,-0.38927,0.033221,-0.42385,0.00032235,0.14898,0.46704,-0.39499,-0.44929,-0.090022,0.048966,0.29104,0.27926,0.051204,0.30822,0.40418,0.39672,-0.10134,0.21174,-0.12414,0.20921,-0.27553,-0.3722,-0.38306,-0.37069,0.21405,0.39082,0.62315,0.7732,0.88191,1,0.42143,0.56279,0.37584,0.31293,0.35971,0.38934,0.61777,0.56824,-0.1762,-0.1848,-0.062416,-0.098043,-0.033169,0.1352,0.62104,0.50965,-0.34992,-0.020802,-0.060278,0.020898,-0.24272,-0.043499,-0.51135,-0.34753,-0.036936,0.19243,0.11314,0.1457,-0.07732,-0.074493,-0.30761,-0.22341,-0.086817,-0.051324,0.14862,0.33805,-0.11051,-0.04308,0.10933,0.10771,-0.12212,-0.051829,0.64882,0.72604,0.25092,0.33302,0.36814,0.34869,-0.033295,-0.10056
0.19665,0.21829,0.12218,0.16907,-0.17688,-0.1752,0.2213,0.15704,-0.10457,-0.19282,-0.20103,-0.11395,-0.10079,-0.077377,0.035339,0.034333,0.020057,-0.020409,0.0554,0.092641,0.26465,0.35479,-0.055908,0.016578,-0.10044,-0.019011,-0.38933,-0.13135,0.11029,0.216,-0.21058,-0.233,-0.046048,-0.11576,-0.096356,-0.073444,0.65985,0.51805,0.44553,0.42143,1,0.7093,0.0095938,-0.20248,0.12432,-0.066442,0.22484,0.10149,-0.079381,-0.14381,-0.22089,-0.21246,0.010757,0.11892,0.23461,0.013794,-0.053814,0.15618,0.15816,0.29452,-0.010937,0.14565,-0.19531,-0.033898,-0.0791,-0.039525,-0.043163,-0.19081,-0.14209,-0.16676,0.016826,0.077742,0.37284,0.3485,0.43353,0.37035,0.11104,0.00037291,0.033355,0.13198,0.030023,0.1539,0.3078,0.34305,0.072398,0.0048757,0.0078,-0.012908,-0.11726,-0.27435
-0.033367,0.18098,-0.017595,0.1673,-0.10051,-0.14848,0.0091487,0.036704,-0.07812,-0.06469,-0.30178,-0.047769,-0.26145,-0.044905,0.091667,0.10084,0.027811,-0.071781,-0.069993,0.11195,0.3765,0.4403,-0.093769,0.16276,0.095584,0.22814,-0.33229,-0.015966,0.10787,0.30462,-0.1236,-0.15061,-0.15852,-0.15847,0.0093823,0.10798,0.63192,0.6687,0.48521,0.56279,0.7093,1,0.12303,-0.004494,0.15649,0.10679,0.32733,0.24523,-0.18309,-0.24664,-0.2535,-0.22659,-0.050771,0.17854,0.27715,0.045209,-0.14917,0.11318,-0.060268,0.15521,-0.17547,0.01591,-0.32753,-0.22227,-0.076444,0.088563,-0.13066,-0.15741,-0.19505,-0.19851,-0.09541,-0.0053,0.22803,0.2706,0.31541,0.28864,-0.022933,-0.0021729,0.22629,0.22902,0.11897,0.16408,0.41555,0.45384,0.10649,0.19676,0.11469,0.078656,-0.18449,-0.35904
-0.13513,-0.11528,-0.0081128,0.11711,-0.064029,-0.13338,-0.16021,-0.25658,-0.15564,0.081452,-0.18494,-0.019005,-0.50938,-0.08687,0.033859,0.086982,-0.28578,-0.2268,-0.22363,-0.18245,0.1909,0.17855,0.27013,0.4515,0.66006,0.50124,0.066393,0.20959,-0.20663,-0.014937,0.17382,0.058675,-0.33895,-0.28395,0.5581,0.52865,0.18577,0.22979,0.29162,0.37584,0.0095938,0.12303,1,0.80078,0.56367,0.60408,0.64525,0.64979,-0.0028958,-0.086842,0.26034,0.10546,0.10571,0.12216,0.34246,0.2533,-0.28623,-0.15583,-0.27933,-0.18074,-0.32391,-0.29559,-0.43559,-0.44781,0.093169,0.15942,0.20786,0.25053,-0.09433,-0.1199,-0.16547,-0.12634,-0.16889,-0.15772,-0.13634,-0.072836,-0.050025,0.045291,0.1843,0.098002,-0.20522,-0.18549,0.21057,0.27237,0.44856,0.46127,0.25164,0.28889,-0.043958,-0.18615
-0.23691,-0.095301,-0.05884,0.14335,0.016109,-0.070546,-0.28008,-0.26982,-0.053269,0.16729,-0.30456,-0.023519,-0.54792,-0.048094,-0.015971,0.090901,-0.34362,-0.32238,-0.16248,-0.035218,0.060531,0.062505,0.25509,0.48179,0.68451,0.47759,0.24373,0.25943,-0.33245,-0.14379,0.075621,-0.038626,-0.30379,-0.25942,0.48364,0.4934,-0.0015744,0.14511,0.2434,0.31293,-0.20248,-0.004494,0.80078,1,0.50921,0.63052,0.60834,0.69363,0.0021582,-0.051282,0.26665,0.11092,0.17862,0.24821,0.355,0.36341,-0.19421,-0.14706,-0.26662,-0.22446,-0.33313,-0.42611,-0.49198,-0.58731,0.06781,0.16018,0.2201,0.37177,0.17771,0.11777,-0.12424,-0.076976,-0.28628,-0.22649,-0.27055,-0.10772,-0.02503,0.13631,0.10413,0.0085602,-0.27031,-0.31646,0.12022,0.16556,0.31571,0.4251,0.33837,0.29667,-0.014198,-0.10335
0.0941,0.07883,0.26995,0.18386,-0.24408,-0.22217,0.12655,-0.0017568,-0.15144,-0.061199,-0.19645,-0.16901,-0.41353,-0.16882,0.070662,0.041256,-0.35822,-0.43876,0.15953,0.11088,0.12292,0.11939,0.28071,0.31924,0.37521,0.25993,-0.11654,-0.021208,-0.31058,-0.12977,0.03031,-0.084719,-0.40951,-0.38637,0.50891,0.31549,0.11871,0.17167,0.29566,0.35971,0.12432,0.15649,0.56367,0.50921,1,0.68636,0.47066,0.47667,0.40113,0.12166,0.24532,0.012163,0.3102,0.29494,0.35702,0.22531,-0.15472,-0.016826,-0.028178,0.097838,-0.23664,-0.14564,-0.48309,-0.36089,0.24543,0.2232,0.36184,0.28285,0.23606,0.15093,-0.079677,-0.16777,-0.36226,-0.4009,-0.25843,-0.155,-0.076861,-0.06829,-0.045908,-0.18377,-0.32058,-0.27868,0.26537,0.30806,0.26365,0.2795,0.26595,0.17289,-0.0020775,-0.074196
-0.15977,0.024352,-0.020272,0.23066,-0.10489,-0.0053196,-0.27555,-0.086825,-0.12987,0.19179,-0.20851,0.12516,-0.536,0.074723,0.049701,0.1555,-0.35581,-0.34096,-0.091363,0.015106,0.18883,0.16903,0.16762,0.45736,0.53819,0.5348,0.041887,0.23929,-0.24785,-0.052288,0.12597,0.061425,-0.45209,-0.30719,0.53039,0.67769,0.056076,0.17969,0.2582,0.38934,-0.066442,0.10679,0.60408,0.63052,0.68636,1,0.46687,0.58375,0.087132,0.10564,0.26029,0.2558,0.017766,0.085044,0.24837,0.19757,-0.27791,-0.16631,-0.20635,-0.064876,-0.38879,-0.19581,-0.53465,-0.40017,0.15057,0.44855,0.27053,0.45691,0.11729,0.0924,-0.065872,-0.16961,-0.30907,-0.31939,-0.16875,-0.12205,-0.11847,0.041975,0.16461,-0.029637,-0.23137,-0.23453,0.23849,0.26877,0.23459,0.46269,0.28442,0.27919,-0.151,-0.15975
-0.17822,0.08344,-0.13505,0.02294,0.026383,-0.10419,-0.24226,-0.2958,-0.045639,0.04195,-0.48864,-0.10244,-0.59417,-0.15599,0.090148,0.25216,-0.3663,-0.27766,-0.21715,0.039825,0.29947,0.34826,0.051297,0.29168,0.57341,0.51195,-0.010212,0.18842,-0.11881,0.18976,-0.084673,-0.2276,-0.21876,-0.23566,0.31694,0.35447,0.5114,0.57022,0.57801,0.61777,0.22484,0.32733,0.64525,0.60834,0.47066,0.46687,1,0.89773,-0.090215,-0.27024,-0.1275,-0.19537,0.25403,0.27581,0.50967,0.39317,-0.069143,0.12544,-0.16371,-0.058898,-0.21054,-0.23375,-0.51606,-0.54195,-0.1444,0.015712,0.0065953,0.079171,0.013997,-0.051401,-0.24461,-0.1509,0.00087274,0.058537,0.11737,0.30419,-0.0010876,0.10208,0.14507,0.22355,-0.10913,-0.046664,0.36079,0.43039,0.18508,0.27447,0.165,0.22845,-0.1506,-0.16792
-0.22953,0.056694,-0.14499,0.044129,0.085466,-0.0051541,-0.35483,-0.30149,-0.029958,0.19152,-0.42826,0.023079,-0.5897,-0.068558,0.074995,0.26953,-0.39669,-0.32502,-0.17455,0.066184,0.18449,0.23308,0.13446,0.38621,0.65195,0.52728,0.14636,0.29648,-0.26672,0.013889,-0.11318,-0.25121,-0.28808,-0.23948,0.38427,0.48612,0.38723,0.50953,0.53492,0.56824,0.10149,0.24523,0.64979,0.69363,0.47667,0.58375,0.89773,1,-0.083797,-0.18822,-0.0087691,-0.068242,0.23608,0.29233,0.51982,0.49787,-0.090339,0.046075,-0.22614,-0.17352,-0.24246,-0.25552,-0.51083,-0.5551,-0.044154,0.14323,0.047416,0.2514,0.16375,0.099432,-0.15801,-0.040606,-0.1169,-0.034895,0.037908,0.24072,0.02897,0.21488,0.055082,0.084658,-0.23399,-0.23254,0.25877,0.29678,0.13218,0.30826,0.23744,0.27501,-0.041193,-0.050645
0.29697,0.22096,0.31766,0.051359,-0.45791,-0.4421,0.21426,0.119,-0.33782,-0.36761,0.10313,-0.14992,0.089518,-0.15487,-0.24935,-0.3275,-0.11956,-0.13263,0.17873,0.031879,-0.21891,-0.27649,0.026167,-0.16349,-0.21349,-0.44366,-0.16499,-0.41207,-0.23809,-0.25764,-0.018415,-0.061342,-0.021597,-0.050458,-0.035112,-0.16866,-0.25156,-0.2378,-0.17454,-0.1762,-0.079381,-0.18309,-0.0028958,0.0021582,0.40113,0.087132,-0.090215,-0.083797,1,0.64592,0.44218,0.307,0.094884,0.067728,0.03772,0.085932,0.055973,0.10362,0.49586,0.42813,0.23668,0.30894,0.13886,0.2062,0.19923,0.0091,0.40286,0.1526,0.29242,0.17116,-0.15254,-0.17182,-0.40641,-0.42034,-0.36984,-0.3726,-0.24679,-0.3026,-0.26514,-0.34629,-0.20508,-0.22002,-0.11811,-0.072317,-0.19367,-0.30447,0.019752,-0.20294,0.052225,0.15468
0.15225,0.081478,0.25965,0.21347,-0.30733,-0.177,0.10791,0.28871,-0.29214,-0.090098,0.17031,0.14086,0.2599,0.12232,-0.27689,-0.24541,-0.22651,-0.2105,0.081269,-0.078796,-0.25179,-0.30148,-0.070987,-0.10979,-0.23143,-0.42266,0.0091982,-0.18017,-0.2655,-0.35527,-0.13912,-0.095741,-0.18136,-0.1494,-0.0492,0.028376,-0.35849,-0.31996,-0.17858,-0.1848,-0.14381,-0.24664,-0.086842,-0.051282,0.12166,0.10564,-0.27024,-0.18822,0.64592,1,0.59617,0.76866,-0.22714,-0.20385,-0.0093191,0.1959,-0.22992,-0.15593,0.41512,0.35092,0.079126,0.33719,0.168,0.37623,0.18244,0.23484,0.4838,0.47202,0.13789,0.2687,-0.039399,-0.0065463,-0.31844,-0.35415,-0.26226,-0.34155,-0.2859,-0.2654,-0.37341,-0.51168,-0.31363,-0.33236,-0.21911,-0.18579,-0.19629,-0.19599,0.014311,-0.1314,0.19847,0.37684
0.18362,-0.17232,0.45635,0.33367,-0.14006,-0.066615,0.14457,0.24721,-0.15017,0.1096,0.22763,0.24061,0.21041,0.24351,-0.16169,-0.14112,-0.34119,-0.38361,0.02719,-0.32523,-0.38343,-0.38842,0.22607,0.20646,0.15826,-0.2002,0.17772,-0.0048899,-0.52224,-0.57143,-0.11063,-0.12754,-0.45499,-0.38024,0.39183,0.42239,-0.28751,-0.31378,-0.041262,-0.062416,-0.22089,-0.2535,0.26034,0.26665,0.24532,0.26029,-0.1275,-0.0087691,0.44218,0.59617,1,0.76115,-0.14957,-0.19748,0.10463,0.23307,-0.3888,-0.34756,0.099385,-0.076127,-0.065394,0.090999,0.10097,0.31306,0.48741,0.3543,0.49889,0.5694,0.10462,0.22885,-0.015731,-0.050772,-0.46285,-0.54293,-0.32589,-0.38466,-0.19803,-0.23581,-0.41911,-0.58648,-0.49818,-0.53201,-0.26416,-0.20276,0.19531,0.11183,0.18882,0.15295,0.45755,0.38259
