1,0.47802,0.46204,0.24439,-0.14636,-0.40259,0.67642,0.31786,0.022185,-0.40572,0.72507,0.30561,0.48434,0.049698,-0.043856,-0.40457,0.49723,0.30227,0.54165,0.55642,-0.28797,-0.31604,-0.075978,-0.2606,-0.42251,-0.4825,-0.33517,-0.47237,-0.12755,-0.10918,-0.066075,-0.13993,0.46601,0.45911,-0.087863,-0.007941,-0.10912,-0.4091,-0.17165,-0.2779,-0.10698,-0.15459,-0.28656,-0.099746,-0.15958,0.0021714,-0.32544,-0.38483,0.14882,-0.03097,-0.15405,-0.12297,-0.040373,-0.24919,-0.050703,-0.50822,0.7159,0.46916,0.40365,0.41209,0.67393,0.45214,0.63386,0.32245,0.25649,0.19673,-0.22966,0.026666,0.23039,0.27784,-0.12294,-0.087495,0.0091478,0.023229,-0.16533,-0.29117,-0.026848,0.049235,0.10007,0.12687,0.15448,0.055674,-0.012292,-0.26884,0.088355,-0.25155,0.012695,-0.36698,0.10156,-0.35918
0.47802,1,0.048102,0.29184,-0.30014,-0.40127,0.2442,0.23471,-0.21013,-0.60274,0.20408,0.48702,-0.050086,0.057708,-0.27307,-0.48204,0.51058,0.40717,0.53981,0.70129,-0.27222,-0.24876,-0.2673,-0.4056,-0.39385,-0.29669,-0.34528,-0.3614,-0.102,-0.18554,-0.3384,-0.35515,0.51616,0.51857,-0.48061,-0.35482,0.11985,-0.046078,-0.084363,-0.16192,-0.023204,0.028263,-0.37583,-0.35112,-0.23533,-0.048623,-0.39435,-0.39926,0.17975,-0.081758,-0.38048,-0.30314,-0.044997,-0.18627,0.017065,-0.31945,0.64948,0.79021,0.51249,0.61457,0.62825,0.64078,0.66872,0.61728,-0.22821,-0.050195,-0.16012,0.028367,0.47539,0.31286,-0.16666,0.25157,0.43644,0.39027,-0.19746,-0.018234,0.075893,0.13246,-0.11523,-0.053491,0.27414,0.22978,0.025676,0.0579,-0.23758,-0.30345,0.12473,-0.33917,-0.11372,-0.35211
0.46204,0.048102,1,0.3939,0.15769,-0.10691,0.68019,0.13615,0.21156,-0.024828,0.33261,-0.12197,0.37933,-0.15621,0.068907,-0.1365,0.04449,-0.038223,0.41524,0.20223,-0.13562,-0.14751,0.48496,0.29743,-0.087658,-0.10078,-0.059846,-0.18212,-0.042321,-0.12694,-0.026553,0.043907,0.15605,0.18458,0.25123,0.10406,-0.013589,-0.16814,0.027885,-0.021705,-0.048943,-0.19372,0.11267,0.10614,0.19645,0.10853,0.087954,-0.02157,0.16169,0.13547,0.12382,0.09516,-0.064022,-0.095297,0.051264,-0.22418,0.35443,0.17147,0.18119,0.12453,0.25309,0.10161,0.077674,-0.1217,0.38282,0.2989,-0.034934,-0.039277,-0.20472,-0.019909,0.16324,0.076799,0.064303,0.059129,-0.015054,-0.096927,0.035106,0.10723,-0.030878,-0.036116,-0.10401,-0.17398,-0.132,-0.12922,0.23221,-0.17561,0.031972,-0.1266,0.15325,-0.24113
0.24439,0.29184,0.3939,1,0.013113,0.0013661,0.38147,0.57777,0.00055912,-0.076138,0.11667,0.46039,-0.058072,0.2916,-0.22816,-0.24181,0.14339,0.23658,0.52634,0.53467,-0.25944,-0.26623,0.040878,0.11322,-0.24054,-0.031606,-0.21363,-0.23539,-0.14315,0.0022202,-0.019454,0.097136,0.43989,0.56984,-0.17906,-0.045061,-0.178,-0.0011303,-0.20816,-0.14773,-0.21958,-0.21868,-0.20626,-0.056524,-0.022252,0.18078,-0.2249,-0.13956,0.11557,-0.058735,-0.1699,-0.042542,-0.25613,-0.3248,-0.16489,-0.3161,0.23863,0.29307,0.20379,0.34836,0.4166,0.57905,0.325,0.44916,-0.011927,0.26877,-0.036862,0.18794,0.21339,0.16475,0.048219,0.34433,0.25349,0.17689,-0.029297,-0.028666,-0.054054,0.084368,0.018915,0.16434,0.063328,0.19262,-0.25186,-0.17772,-0.2164,-0.031482,-0.20494,-0.16642,-0.12392,0.0023574
-0.14636,-0.30014,0.15769,0.013113,1,0.78101,0.11629,-0.0045604,0.72866,0.62931,0.043701,-0.17694,0.21138,0.044564,0.79715,0.51681,-0.09068,-0.25088,-0.17672,-0.29656,0.20736,0.17092,0.064972,0.22373,0.52331,0.5837,0.76137,0.70428,0.21051,0.19087,0.13684,0.20691,-0.23379,-0.24311,0.080904,-0.034461,0.18969,0.28431,0.41937,0.39961,0.1451,0.099443,-0.046736,-0.052693,0.13705,0.10688,0.070261,0.01261,0.17659,0.14477,0.00033561,0.098302,0.079927,-0.035575,0.42047,0.42227,-0.13647,-0.17327,0.21371,0.13852,0.018498,0.0077482,-0.26063,-0.2608,0.14727,0.24466,0.063985,-0.12386,-0.10766,0.012076,0.090794,-0.2103,-0.20936,-0.19295,0.41347,0.19947,-0.061883,-0.1358,0.042314,-0.025563,0.00086625,-0.21392,0.1512,0.17874,0.1083,-0.039409,0.33512,0.54314,0.64258,0.44046
-0.40259,-0.40127,-0.10691,0.0013661,0.78101,1,-0.057321,0.11533,0.66867,0.83698,-0.10207,-0.055941,0.038706,0.20302,0.75143,0.69746,-0.14529,-0.12015,-0.32226,-0.50956,0.33153,0.31566,-0.0033617,0.21764,0.51698,0.67047,0.77593,0.82912,0.26821,0.39519,0.29989,0.35824,-0.28454,-0.33513,0.12477,0.042693,0.091678,0.28374,0.36268,0.38979,0.13294,0.11269,-0.03731,-0.020857,0.15274,0.076296,0.079357,0.086588,0.15293,0.092775,0.041789,0.11918,0.06411,-0.043484,0.24095,0.56428,-0.45087,-0.37064,-0.0015602,-0.027151,-0.15469,-0.066573,-0.32046,-0.24414,0.12703,0.18118,0.16174,-0.1164,-0.040214,-0.084636,0.076627,-0.15865,-0.27006,-0.25684,0.33848,0.21419,-0.057823,-0.10986,0.15265,0.094113,0.030701,-0.085893,0.23569,0.12938,-0.070081,0.077127,0.24703,0.61973,0.52376,0.64802
0.67642,0.2442,0.68019,0.38147,0.11629,-0.057321,1,0.4469,0.36193,-0.091756,0.6116,0.17636,0.66764,0.047422,0.19548,-0.082656,0.4526,0.18368,0.4274,0.32964,-0.05477,-0.063443,0.02759,-0.13745,-0.27507,-0.22785,-0.1131,-0.17576,0.11971,0.093898,-0.0068729,-0.04985,0.31376,0.30897,0.02845,0.0029809,-0.043731,-0.28086,-0.032358,-0.079734,0.0081831,-0.058318,-0.29128,-0.24564,-0.089459,-0.070489,-0.22852,-0.3027,0.21167,-0.063567,-0.10427,-0.15426,-0.046231,-0.26124,-0.042422,-0.24297,0.42704,0.21466,0.28127,0.26128,0.54023,0.41832,0.48467,0.16984,0.43642,0.18089,-0.17672,-0.0076279,0.11406,0.23297,0.11045,0.065652,0.082153,0.15143,-0.0089208,-0.10264,0.10671,0.21636,0.13264,0.045529,0.28037,0.012415,0.046176,-0.20143,0.09373,-0.26823,0.027938,-0.29871,0.34801,-0.21116
0.31786,0.23471,0.13615,0.57777,-0.0045604,0.11533,0.4469,1,0.11061,0.080161,0.30419,0.54899,0.32347,0.56267,-0.015981,-0.048343,0.15414,0.26243,0.47726,0.34091,-0.13313,-0.13706,0.061303,0.027213,-0.20058,-0.078214,-0.19315,-0.14163,-0.072138,0.09599,0.046263,0.043743,0.2757,0.28855,-0.016688,-0.0071609,-0.14895,-0.00095324,-0.19576,-0.12037,-0.12308,-0.051822,-0.33442,-0.25622,-0.15705,-0.0781,-0.27349,-0.2511,0.14883,-0.0062187,-0.18501,-0.16347,-0.040807,-0.29388,-0.18314,-0.21801,0.050119,0.19825,0.15907,0.29021,0.43298,0.51264,0.37214,0.32977,0.24831,0.35968,-0.15463,-0.091915,0.26171,0.21561,0.10076,0.21642,0.039816,0.0075031,-0.14249,-0.10155,0.053702,0.089189,0.048891,0.1649,0.047039,0.21893,-0.10454,-0.20281,-0.092242,0.093282,-0.24937,-0.12048,0.08825,0.26702
0.022185,-0.21013,0.21156,0.00055912,0.72866,0.66867,0.36193,0.11061,1,0.58216,0.2126,-0.068789,0.38941,0.093385,0.77266,0.40933,0.087577,-0.03057,-0.11226,-0.24802,0.14962,0.11193,0.0088616,0.084247,0.29792,0.36486,0.58569,0.53233,0.15251,0.19112,0.17629,0.19162,-0.048999,-0.099356,0.048642,-0.081228,0.13694,0.073502,0.30933,0.22112,0.14482,0.039632,-0.19891,-0.14889,-0.097874,-0.12622,-0.085939,-0.18318,0.15429,0.0049714,-0.12824,-0.048409,0.15344,-0.079455,0.3523,0.27808,-0.018293,-0.17014,0.1821,0.10284,0.070415,0.037302,-0.071182,-0.10982,0.12633,0.078848,-0.078894,-0.18844,0.0092414,0.10835,0.10646,-0.20978,-0.1926,-0.18275,0.27485,0.089085,-0.062745,-0.11436,0.13502,0.10435,0.12695,-0.053595,0.20311,0.077664,0.013153,-0.13883,0.31837,0.38574,0.6884,0.31339
-0.40572,-0.60274,-0.024828,-0.076138,0.62931,0.83698,-0.091756,0.080161,0.58216,1,-0.11394,-0.18126,0.084258,0.17112,0.60643,0.66219,-0.32615,-0.17396,-0.33201,-0.5876,0.22793,0.19882,0.21868,0.42902,0.46554,0.49383,0.61663,0.64251,0.10475,0.2998,0.35782,0.41908,-0.39992,-0.43828,0.36011,0.15275,-0.094657,0.1721,0.20145,0.2634,0.0066827,-0.052451,0.14934,0.17115,0.19953,0.028817,0.2285,0.22813,0.090345,0.17041,0.24105,0.20952,0.10708,0.063455,0.11165,0.45987,-0.51868,-0.48806,-0.15748,-0.23603,-0.30929,-0.34611,-0.48644,-0.40684,0.24384,0.2003,0.18342,-0.16596,-0.18351,-0.22587,0.080924,-0.219,-0.42982,-0.3747,0.25438,0.1268,-0.13229,-0.1675,0.13618,0.16638,-0.18164,-0.075449,-0.00148,-0.0141,0.032284,0.22573,0.0092494,0.58514,0.3991,0.67225
0.72507,0.20408,0.33261,0.11667,0.043701,-0.10207,0.6116,0.30419,0.2126,-0.11394,1,0.36247,0.73597,0.32655,0.19025,-0.21542,0.56186,0.37443,0.4244,0.3223,-0.24318,-0.27781,-0.0022412,-0.14746,-0.30134,-0.32959,-0.10632,-0.31254,-0.074472,0.086551,0.18383,0.10036,0.42199,0.38936,-0.10976,-0.086168,-0.33232,-0.52629,-0.31845,-0.45564,-0.26828,-0.29553,-0.3773,-0.098577,-0.21187,-0.10873,-0.4339,-0.38903,0.062848,-0.10796,-0.23947,-0.19456,0.020753,-0.13838,-0.2331,-0.47322,0.3886,0.14406,0.10672,0.15961,0.42446,0.30873,0.59601,0.25743,0.214,0.0046856,-0.24692,-0.025886,0.27876,0.25047,-0.049525,-0.10612,-0.16783,-0.10319,-0.11246,-0.28794,-0.029176,0.024715,0.29619,0.35879,0.1962,0.18001,-0.032576,-0.43857,0.13514,-0.093078,0.060975,-0.18691,0.20852,-0.11387
0.30561,0.48702,-0.12197,0.46039,-0.17694,-0.055941,0.17636,0.54899,-0.068789,-0.18126,0.36247,1,0.010189,0.62741,-0.14845,-0.31216,0.51783,0.74822,0.47328,0.53647,-0.36439,-0.38335,-0.23661,-0.27322,-0.28986,-0.12837,-0.21371,-0.33151,-0.228,0.16777,0.15863,0.20716,0.72441,0.70315,-0.40195,-0.2937,-0.36654,-0.2569,-0.4442,-0.45433,-0.32143,-0.25673,-0.52441,-0.19102,-0.41013,-0.2148,-0.58926,-0.42219,0.014919,-0.32505,-0.48761,-0.34074,-0.051908,-0.23097,-0.3771,-0.48156,0.26105,0.35497,0.078289,0.27086,0.44088,0.53272,0.68753,0.81553,-0.29603,-0.14499,-0.27576,-0.089751,0.61039,0.34173,-0.025573,0.27031,0.10981,0.093221,-0.21177,-0.2235,-0.1351,-0.050229,0.23084,0.50221,0.28631,0.6463,-0.087977,-0.25637,-0.44157,-0.029641,-0.21653,-0.23456,-0.22206,0.05771
0.48434,-0.050086,0.37933,-0.058072,0.21138,0.038706,0.66764,0.32347,0.38941,0.084258,0.73597,0.010189,1,0.21942,0.36208,0.11268,0.32827,0.029513,0.17768,0.063246,0.064602,0.046599,0.1447,-0.030839,-0.1258,-0.17825,0.0077287,-0.061983,0.18912,0.17576,0.15117,0.00030026,0.0362,-0.0071183,0.058213,-0.025236,-0.11675,-0.32043,-0.082862,-0.16166,-0.011496,-0.0212,-0.31246,-0.25395,-0.1636,-0.24551,-0.22926,-0.28506,-0.014167,-0.10756,-0.15717,-0.26177,0.17228,-0.037287,-0.11654,-0.15596,0.12187,-0.067943,-0.0084005,-0.027326,0.21257,0.12213,0.29261,-0.096525,0.4066,0.0051044,-0.27761,-0.18386,-0.031065,0.13305,0.16565,-0.076123,-0.13323,-0.028468,0.044573,-0.087662,0.16267,0.15163,0.25,0.096183,0.20103,-0.040327,0.025168,-0.24657,0.34994,-0.084654,0.048873,-0.1537,0.40982,-0.078208
0.049698,0.057708,-0.15621,0.2916,0.044564,0.20302,0.047422,0.56267,0.093385,0.17112,0.32655,0.62741,0.21942,1,0.086312,0.0016001,0.082247,0.43643,0.20469,0.10734,-0.16483,-0.20858,0.082055,0.10524,-0.10462,0.024821,0.044265,-0.040463,-0.15389,0.28967,0.40595,0.39989,0.37741,0.33704,-0.26334,-0.23064,-0.40258,-0.21353,-0.29826,-0.32741,-0.25462,-0.20517,-0.35639,0.011937,-0.15552,-0.080995,-0.44447,-0.25773,0.097505,-0.078453,-0.23252,-0.073173,0.13152,0.021099,-0.21893,-0.20897,-0.13025,0.076304,0.00018674,0.16991,0.23693,0.34365,0.29934,0.40525,-0.012775,0.056164,-0.083015,-0.10487,0.35257,0.24446,0.10672,0.13087,-0.13204,-0.20107,-0.25422,-0.28999,-0.15843,-0.13234,0.32352,0.5505,0.030889,0.48287,-0.00014432,-0.126,-0.010404,0.45258,-0.099064,0.19406,0.040736,0.4154
-0.043856,-0.27307,0.068907,-0.22816,0.79715,0.75143,0.19548,-0.015981,0.77266,0.60643,0.19025,-0.14845,0.36208,0.086312,1,0.58182,0.070173,-0.10238,-0.30128,-0.43917,0.26263,0.23154,0.029217,0.11807,0.43376,0.42827,0.78154,0.71934,0.26431,0.30825,0.26353,0.24263,-0.19102,-0.2883,0.10887,-0.020022,0.18117,0.086857,0.44277,0.33527,0.195,0.09189,-0.1353,-0.067685,0.029962,-0.044884,-0.01691,-0.042364,0.17389,0.094755,-0.029846,0.064515,0.21013,-0.029789,0.41384,0.44971,-0.14237,-0.23669,0.15851,0.064702,-0.024252,-0.055298,-0.1597,-0.23979,0.19052,0.11917,0.026176,-0.15357,-0.017042,0.036715,0.064548,-0.30428,-0.3176,-0.27971,0.30361,0.090588,-0.035173,-0.075157,0.21448,0.09292,0.14475,-0.11528,0.38754,0.1837,0.1397,-0.0033201,0.48522,0.5766,0.78042,0.42218
-0.40457,-0.48204,-0.1365,-0.24181,0.51681,0.69746,-0.082656,-0.048343,0.40933,0.66219,-0.21542,-0.31216,0.11268,0.0016001,0.58182,1,-0.12607,-0.27919,-0.56114,-0.55817,0.76403,0.74645,0.0071664,0.17726,0.47064,0.54439,0.5361,0.80117,0.68619,0.62841,0.34987,0.25564,-0.55422,-0.60173,0.23128,0.1766,0.16834,0.25133,0.43041,0.59538,0.53089,0.45058,0.077614,-0.049625,0.13919,-0.027636,0.28932,0.30269,-0.033465,0.012412,0.13393,0.092651,0.191,-0.0046172,0.13227,0.75088,-0.43425,-0.41758,-0.12692,-0.23122,-0.31038,-0.29689,-0.40516,-0.44355,0.19984,0.079868,0.1277,-0.09688,-0.22275,-0.089937,0.29016,-0.07937,-0.18031,-0.0071359,0.3998,0.37984,0.2651,0.24143,0.29013,-0.12471,0.29906,-0.23921,0.47359,0.33248,0.14532,0.11193,-0.019567,0.37132,0.3553,0.41452
0.49723,0.51058,0.04449,0.14339,-0.09068,-0.14529,0.4526,0.15414,0.087577,-0.32615,0.56186,0.51783,0.32827,0.082247,0.070173,-0.12607,1,0.62517,0.20443,0.47212,-0.018127,-0.035008,-0.37328,-0.41538,-0.2534,-0.13005,-0.11749,-0.21184,0.22007,0.3224,0.13648,0.046166,0.53256,0.50604,-0.30985,-0.14714,-0.17698,-0.38649,-0.15034,-0.23016,0.0023829,-0.0080654,-0.51787,-0.28879,-0.41019,-0.23169,-0.45813,-0.34183,-0.081333,-0.38416,-0.48995,-0.40413,-0.082624,-0.29294,-0.2631,-0.30727,0.54824,0.34021,0.13125,0.1984,0.40009,0.41298,0.74599,0.54127,-0.14809,-0.27493,-0.34755,0.02039,0.43875,0.3591,-0.016453,0.12592,0.14952,0.34065,0.030164,-0.04927,0.10832,0.28973,0.43688,0.25994,0.71988,0.35118,0.15864,-0.22644,-0.29686,-0.35941,0.010878,-0.40726,-0.013729,-0.37699
0.30227,0.40717,-0.038223,0.23658,-0.25088,-0.12015,0.18368,0.26243,-0.03057,-0.17396,0.37443,0.74822,0.029513,0.43643,-0.10238,-0.27919,0.62517,1,0.2063,0.33542,-0.28659,-0.34386,-0.093119,-0.17308,-0.22628,-0.10519,-0.16942,-0.34894,-0.21932,0.28336,0.43291,0.44552,0.66581,0.59805,-0.21796,-0.178,-0.50747,-0.54649,-0.37999,-0.50098,-0.2672,-0.33488,-0.42936,0.046818,-0.35666,-0.23259,-0.54746,-0.37837,0.036758,-0.26486,-0.33989,-0.20363,0.036662,-0.0265,-0.38531,-0.46648,0.37995,0.36887,0.030401,0.14585,0.31583,0.25778,0.60262,0.65643,-0.20734,-0.22442,-0.31509,-0.16675,0.47591,0.28571,-0.043389,0.068911,-0.11111,-0.037485,-0.35712,-0.43744,-0.29871,-0.13644,0.48062,0.72715,0.34375,0.71355,-0.0042447,-0.33587,-0.3906,-0.027418,-0.1412,-0.19433,-0.18625,-0.0602
0.54165,0.53981,0.41524,0.52634,-0.17672,-0.32226,0.4274,0.47726,-0.11226,-0.33201,0.4244,0.47328,0.17768,0.20469,-0.30128,-0.56114,0.20443,0.2063,1,0.73322,-0.55823,-0.52925,0.11155,-0.098441,-0.41566,-0.36695,-0.41157,-0.52862,-0.37876,-0.444,-0.4139,-0.32965,0.55009,0.58385,-0.2214,-0.26493,-0.019163,-0.0097841,-0.3329,-0.33706,-0.35229,-0.28973,-0.24785,-0.30807,-0.15995,-0.066623,-0.3135,-0.36815,0.12726,-0.0084158,-0.26737,-0.26508,-0.19744,-0.27265,-0.11231,-0.54777,0.43734,0.45525,0.26988,0.3992,0.50068,0.48232,0.52147,0.45784,-0.019129,0.11199,-0.16631,-0.059857,0.35316,0.21909,-0.0079264,0.30301,0.35869,0.21343,-0.12267,-0.045892,0.038209,-0.02112,-0.32797,-0.040373,-0.14626,0.11098,-0.37343,-0.18271,-0.044334,-0.21792,-0.065227,-0.30789,-0.11829,-0.17637
0.55642,0.70129,0.20223,0.53467,-0.29656,-0.50956,0.32964,0.34091,-0.24802,-0.5876,0.3223,0.53647,0.063246,0.10734,-0.43917,-0.55817,0.47212,0.33542,0.73322,1,-0.38023,-0.3797,-0.24031,-0.35289,-0.5222,-0.44007,-0.56288,-0.57442,-0.17786,-0.23109,-0.34902,-0.34149,0.59025,0.71356,-0.46055,-0.309,-0.029575,-0.087347,-0.27569,-0.29473,-0.14811,-0.087403,-0.41447,-0.37982,-0.38681,-0.13797,-0.43567,-0.43704,-0.11193,-0.3103,-0.50231,-0.45274,-0.17417,-0.34457,-0.1738,-0.566,0.64425,0.62074,0.30369,0.42068,0.55947,0.57884,0.65294,0.68071,-0.28138,-0.11907,-0.34293,0.051256,0.35757,0.33292,-0.099336,0.3372,0.43966,0.42207,-0.030229,0.005341,0.025699,0.10971,-0.13053,0.0034903,0.2309,0.22441,-0.24821,-0.13117,-0.24458,-0.34763,-0.23052,-0.571,-0.30929,-0.4901
-0.28797,-0.27222,-0.13562,-0.25944,0.20736,0.33153,-0.05477,-0.13313,0.14962,0.22793,-0.24318,-0.36439,0.064602,-0.16483,0.26263,0.76403,-0.018127,-0.28659,-0.55823,-0.38023,1,0.98096,-0.11328,-0.040349,0.40927,0.45623,0.2332,0.62753,0.9173,0.68099,0.30161,0.089645,-0.50204,-0.5633,0.15871,0.22014,0.26364,0.18121,0.42935,0.61479,0.77644,0.7036,0.062838,-0.11104,0.17295,0.054452,0.29566,0.30935,-0.0097493,0.019029,0.15441,0.11948,0.15049,0.027851,0.057799,0.70439,-0.25678,-0.25217,-0.040959,-0.16296,-0.192,-0.18221,-0.27851,-0.41814,0.16843,0.055604,0.17352,0.055817,-0.27455,-0.062115,0.38332,0.066055,0.095825,0.27254,0.37723,0.39272,0.46152,0.48847,0.32904,-0.28959,0.46511,-0.35321,0.62169,0.35727,0.1958,0.025918,-0.088426,0.084398,0.14001,0.11758
-0.31604,-0.24876,-0.14751,-0.26623,0.17092,0.31566,-0.063443,-0.13706,0.11193,0.19882,-0.27781,-0.38335,0.046599,-0.20858,0.23154,0.74645,-0.035008,-0.34386,-0.52925,-0.3797,0.98096,1,-0.13302,-0.056843,0.41008,0.46392,0.22469,0.62482,0.92218,0.62472,0.1972,-0.0019627,-0.51154,-0.57095,0.15189,0.21559,0.34372,0.24493,0.4055,0.62796,0.75706,0.7395,0.10001,-0.15864,0.1845,0.057771,0.31676,0.32509,-0.019513,0.019362,0.14986,0.095733,0.10747,0.015182,0.055603,0.7288,-0.2878,-0.26813,-0.071538,-0.18044,-0.21762,-0.16529,-0.26897,-0.42487,0.16149,0.037633,0.19111,0.082621,-0.2771,-0.085258,0.38147,0.11801,0.1716,0.33924,0.37974,0.45688,0.50918,0.52905,0.24336,-0.38557,0.45118,-0.38658,0.60795,0.38358,0.18832,-0.0010467,-0.055185,0.05631,0.11304,0.091741
-0.075978,-0.2673,0.48496,0.040878,0.064972,-0.0033617,0.02759,0.061303,0.0088616,0.21868,-0.0022412,-0.23661,0.1447,0.082055,0.029217,0.0071664,-0.37328,-0.093119,0.11155,-0.24031,-0.11328,-0.13302,1,0.7922,0.33105,0.15317,0.11279,-0.039976,-0.2025,-0.11758,0.22723,0.32258,-0.1098,-0.16427,0.47704,0.16797,-0.14019,-0.045776,-0.043633,-0.067785,-0.18009,-0.25911,0.45159,0.44555,0.38136,0.10881,0.354,0.32083,0.18519,0.42715,0.4607,0.37472,0.10097,0.26594,-0.021962,-0.063249,-0.17927,-0.16937,-0.085377,-0.18016,-0.21745,-0.35503,-0.35214,-0.39378,0.38621,0.32251,0.16844,-0.18057,-0.24828,-0.26292,0.31911,0.04073,-0.12591,-0.19057,-0.23226,-0.1886,-0.023862,-0.077274,0.010571,0.12438,-0.44601,-0.056009,-0.18325,-0.046803,0.47119,0.41577,0.068188,0.3427,0.072775,0.24142
-0.2606,-0.4056,0.29743,0.11322,0.22373,0.21764,-0.13745,0.027213,0.084247,0.42902,-0.14746,-0.27322,-0.030839,0.10524,0.11807,0.17726,-0.41538,-0.17308,-0.098441,-0.35289,-0.040349,-0.056843,0.7922,1,0.45102,0.34793,0.2972,0.1497,-0.15623,-0.034582,0.282,0.44965,-0.26144,-0.24505,0.50435,0.27439,-0.12555,0.10657,0.0098744,0.04497,-0.1861,-0.2253,0.50575,0.54054,0.45419,0.2658,0.42348,0.47036,0.1223,0.47433,0.50548,0.51386,-0.013482,0.18984,0.022135,0.088981,-0.30733,-0.28812,-0.14955,-0.22452,-0.29276,-0.35854,-0.45195,-0.43601,0.38103,0.43836,0.22137,-0.047661,-0.33492,-0.31046,0.21886,-0.03532,-0.23013,-0.26286,-0.047357,-0.096967,-0.11048,-0.088501,0.061579,0.1256,-0.43445,-0.092901,-0.21063,-0.076442,0.38632,0.56911,0.043918,0.51039,0.087689,0.37506
-0.42251,-0.39385,-0.087658,-0.24054,0.52331,0.51698,-0.27507,-0.20058,0.29792,0.46554,-0.30134,-0.28986,-0.1258,-0.10462,0.43376,0.47064,-0.2534,-0.22628,-0.41566,-0.5222,0.40927,0.41008,0.33105,0.45102,1,0.85753,0.64585,0.61451,0.29403,0.25158,0.2879,0.302,-0.42879,-0.50158,0.37421,0.2569,0.23713,0.27871,0.28558,0.36617,0.21489,0.21953,0.4191,0.29844,0.38843,0.1796,0.44767,0.46835,0.1316,0.3263,0.41703,0.43511,-0.00031908,0.10371,0.16177,0.46227,-0.42007,-0.37766,-0.13499,-0.27502,-0.35229,-0.36356,-0.46058,-0.46481,0.18308,0.21967,0.31851,-0.058865,-0.30492,-0.36291,0.31403,-0.033328,-0.054421,-0.046622,0.23591,0.16841,0.11116,0.039546,0.12189,-0.054661,-0.087835,-0.20323,0.26771,0.2854,0.24729,0.31394,0.25371,0.56342,0.24542,0.4323
-0.4825,-0.29669,-0.10078,-0.031606,0.5837,0.67047,-0.22785,-0.078214,0.36486,0.49383,-0.32959,-0.12837,-0.17825,0.024821,0.42827,0.54439,-0.13005,-0.10519,-0.36695,-0.44007,0.45623,0.46392,0.15317,0.34793,0.85753,1,0.66127,0.69018,0.3773,0.37271,0.29924,0.36215,-0.30505,-0.36157,0.18315,0.15859,0.19668,0.28308,0.29256,0.38531,0.23989,0.23924,0.22678,0.16463,0.27926,0.17314,0.29099,0.35952,0.11591,0.17546,0.19131,0.28977,-0.058415,0.0094805,0.13295,0.51572,-0.40278,-0.29149,-0.10227,-0.15654,-0.25709,-0.14906,-0.32517,-0.28953,0.051888,0.15991,0.2156,-0.068305,-0.17067,-0.2092,0.32264,0.075682,0.02024,0.0082207,0.23424,0.20699,0.093026,0.051165,0.15866,-0.026575,0.071992,-0.1182,0.31078,0.27232,0.018653,0.18832,0.19572,0.49579,0.21038,0.44738
-0.33517,-0.34528,-0.059846,-0.21363,0.76137,0.77593,-0.1131,-0.19315,0.58569,0.61663,-0.10632,-0.21371,0.0077287,0.044265,0.78154,0.5361,-0.11749,-0.16942,-0.41157,-0.56288,0.2332,0.22469,0.11279,0.2972,0.64585,0.66127,1,0.80438,0.18051,0.23715,0.23295,0.33022,-0.2494,-0.33735,0.1104,0.028346,0.21155,0.20458,0.5058,0.40771,0.10898,0.071431,0.13022,0.12431,0.20375,0.11816,0.13741,0.17756,0.19672,0.19645,0.15226,0.26911,0.024482,0.027568,0.41437,0.52544,-0.34022,-0.35065,0.033337,-0.045155,-0.17683,-0.11843,-0.32981,-0.31287,0.12834,0.15963,0.20208,-0.086486,-0.10309,-0.13163,0.016649,-0.2268,-0.24205,-0.23595,0.21489,0.11394,-0.13569,-0.1307,0.073219,0.032674,-0.039427,-0.15362,0.34516,0.27492,0.12404,0.15335,0.58588,0.73943,0.60876,0.51872
-0.47237,-0.3614,-0.18212,-0.23539,0.70428,0.82912,-0.17576,-0.14163,0.53233,0.64251,-0.31254,-0.33151,-0.061983,-0.040463,0.71934,0.80117,-0.21184,-0.34894,-0.52862,-0.57442,0.62753,0.62482,-0.039976,0.1497,0.61451,0.69018,0.80438,1,0.53614,0.4248,0.17843,0.15963,-0.4863,-0.54889,0.099977,0.030202,0.38677,0.4212,0.61995,0.67171,0.47251,0.43572,0.10268,-0.06487,0.22395,0.11918,0.24233,0.22864,0.16692,0.15702,0.1401,0.19085,0.10703,0.018914,0.42901,0.81078,-0.42512,-0.33059,0.082404,-0.010671,-0.19542,-0.13339,-0.42452,-0.39813,0.12711,0.16407,0.25594,-0.062114,-0.20407,-0.12578,0.12979,-0.12534,-0.08235,-0.056047,0.4109,0.39099,0.1229,0.081623,0.077401,-0.19687,0.13046,-0.31137,0.5073,0.43982,0.12427,0.074594,0.36336,0.63029,0.55483,0.52283
-0.12755,-0.102,-0.042321,-0.14315,0.21051,0.26821,0.11971,-0.072138,0.15251,0.10475,-0.074472,-0.228,0.18912,-0.15389,0.26431,0.68619,0.22007,-0.21932,-0.37876,-0.17786,0.9173,0.92218,-0.2025,-0.15623,0.29403,0.3773,0.18051,0.53614,1,0.71187,0.22248,-0.011576,-0.34371,-0.39551,0.044156,0.15505,0.29268,0.15679,0.35854,0.54927,0.71168,0.65245,-0.064761,-0.25296,0.10137,0.030398,0.19566,0.22833,-0.034327,-0.088058,0.0089807,-0.022555,0.086122,-0.10715,0.0042743,0.59669,-0.10412,-0.15215,0.021984,-0.066244,-0.054357,0.0075153,-0.062543,-0.26,0.13993,-0.0013734,0.1215,0.12599,-0.15383,0.028588,0.39779,0.16911,0.23887,0.46244,0.44439,0.45917,0.59572,0.65913,0.38136,-0.33986,0.66147,-0.31801,0.56411,0.35787,0.16218,-0.11188,-0.039031,-0.057495,0.14965,-0.030424
-0.10918,-0.18554,-0.12694,0.0022202,0.19087,0.39519,0.093898,0.09599,0.19112,0.2998,0.086551,0.16777,0.17576,0.28967,0.30825,0.62841,0.3224,0.28336,-0.444,-0.23109,0.68099,0.62472,-0.11758,-0.034582,0.25158,0.37271,0.23715,0.4248,0.71187,1,0.75931,0.58075,-0.041797,-0.12738,0.046531,0.13981,-0.26369,-0.22756,0.075503,0.19111,0.37707,0.28171,-0.2147,0.050134,0.020194,-0.02788,-0.055335,0.13073,0.03543,-0.1651,-0.019987,0.015153,0.21522,0.019855,-0.26261,0.3316,-0.1789,-0.19307,-0.075591,-0.1086,0.0057633,0.028861,0.036298,-0.013093,0.11395,-0.062475,0.040311,0.034894,0.046373,0.10155,0.37021,0.08964,-0.12138,0.13811,0.14571,0.017835,0.22885,0.38068,0.78982,0.35087,0.64154,0.18088,0.44909,0.045294,-0.049577,0.12176,-0.17884,0.070712,0.098055,0.22709
-0.066075,-0.3384,-0.026553,-0.019454,0.13684,0.29989,-0.0068729,0.046263,0.17629,0.35782,0.18383,0.15863,0.15117,0.40595,0.26353,0.34987,0.13648,0.43291,-0.4139,-0.34902,0.30161,0.1972,0.22723,0.282,0.2879,0.29924,0.23295,0.17843,0.22248,0.75931,1,0.89637,0.053652,-0.060668,0.2295,0.22004,-0.58057,-0.49325,-0.13026,-0.14927,0.0071304,-0.14136,-0.077284,0.45903,0.099766,0.022137,-0.046809,0.14259,0.10674,0.025084,0.17809,0.25918,0.27145,0.23158,-0.31048,0.015744,-0.19844,-0.25454,-0.15072,-0.18602,-0.071655,-0.16804,-0.092113,-0.076267,0.18482,0.035786,0.051723,-0.04507,0.042688,0.025576,0.28034,-0.14315,-0.48619,-0.32957,-0.13727,-0.42188,-0.12057,-0.0097152,0.84793,0.72242,0.23145,0.34957,0.18771,-0.23096,0.014478,0.35761,-0.15211,0.26647,0.075191,0.35105
-0.13993,-0.35515,0.043907,0.097136,0.20691,0.35824,-0.04985,0.043743,0.19162,0.41908,0.10036,0.20716,0.00030026,0.39989,0.24263,0.25564,0.046166,0.44552,-0.32965,-0.34149,0.089645,-0.0019627,0.32258,0.44965,0.302,0.36215,0.33022,0.15963,-0.011576,0.58075,0.89637,1,0.13644,0.064862,0.24299,0.20339,-0.58635,-0.4119,-0.15138,-0.18759,-0.17264,-0.28515,0.023365,0.54341,0.11763,0.060721,-0.027257,0.17128,0.11743,0.062494,0.18994,0.29959,0.16781,0.23568,-0.26886,-0.051205,-0.21701,-0.26288,-0.16656,-0.18416,-0.091958,-0.16745,-0.13212,-0.02811,0.13077,0.085262,0.017589,-0.086614,0.044068,0.0035979,0.20641,-0.11867,-0.48915,-0.38577,-0.18956,-0.45187,-0.32313,-0.21816,0.6522,0.74887,0.047294,0.41223,0.050178,-0.29393,-0.081947,0.37663,-0.11319,0.35824,0.05051,0.426
0.46601,0.51616,0.15605,0.43989,-0.23379,-0.28454,0.31376,0.2757,-0.048999,-0.39992,0.42199,0.72441,0.0362,0.37741,-0.19102,-0.55422,0.53256,0.66581,0.55009,0.59025,-0.50204,-0.51154,-0.1098,-0.26144,-0.42879,-0.30505,-0.2494,-0.4863,-0.34371,-0.041797,0.053652,0.13644,1,0.92243,-0.389,-0.29207,-0.31845,-0.39982,-0.3916,-0.51294,-0.36817,-0.33225,-0.44441,-0.10904,-0.37336,-0.14078,-0.59508,-0.47004,0.082516,-0.27066,-0.45788,-0.30097,-0.14287,-0.12344,-0.25343,-0.62068,0.48423,0.40748,0.17729,0.34895,0.49693,0.55754,0.68294,0.78716,-0.27854,-0.20005,-0.24259,0.056684,0.6047,0.45068,-0.0086057,0.26356,0.1566,0.11455,-0.30252,-0.32091,-0.22568,-0.080468,0.12798,0.44452,0.23145,0.55612,-0.13475,-0.32007,-0.36316,-0.18607,0.012983,-0.28847,-0.16182,-0.20452
0.45911,0.51857,0.18458,0.56984,-0.24311,-0.33513,0.30897,0.28855,-0.099356,-0.43828,0.38936,0.70315,-0.0071183,0.33704,-0.2883,-0.60173,0.50604,0.59805,0.58385,0.71356,-0.5633,-0.57095,-0.16427,-0.24505,-0.50158,-0.36157,-0.33735,-0.54889,-0.39551,-0.12738,-0.060668,0.064862,0.92243,1,-0.44162,-0.29436,-0.31215,-0.33392,-0.43016,-0.51866,-0.41312,-0.35029,-0.42115,-0.13635,-0.38092,-0.095916,-0.57697,-0.46344,0.0010043,-0.31481,-0.50031,-0.34143,-0.19682,-0.20538,-0.25483,-0.67394,0.52398,0.44745,0.15976,0.34221,0.49579,0.58667,0.67263,0.82446,-0.33517,-0.18588,-0.2937,0.10655,0.51325,0.41077,-0.090817,0.287,0.20536,0.17774,-0.24871,-0.26731,-0.24734,-0.088866,0.039739,0.39337,0.20138,0.52865,-0.23755,-0.33758,-0.40304,-0.19537,-0.094083,-0.37274,-0.24533,-0.29157
-0.087863,-0.48061,0.25123,-0.17906,0.080904,0.12477,0.02845,-0.016688,0.048642,0.36011,-0.10976,-0.40195,0.058213,-0.26334,0.10887,0.23128,-0.30985,-0.21796,-0.2214,-0.46055,0.15871,0.15189,0.47704,0.50435,0.37421,0.18315,0.1104,0.099977,0.044156,0.046531,0.2295,0.24299,-0.389,-0.44162,1,0.77202,-0.023907,0.071133,0.13179,0.21592,0.019083,-0.036789,0.58737,0.49053,0.54886,0.29247,0.63644,0.58698,0.031693,0.43715,0.67998,0.50069,-0.12668,0.029876,-0.024448,0.15849,-0.31961,-0.42227,-0.24947,-0.39891,-0.34612,-0.50275,-0.4655,-0.63839,0.66457,0.46885,0.30955,0.039944,-0.4745,-0.44344,0.25432,-0.16065,-0.27485,-0.21625,0.043213,-0.061991,0.037068,0.070373,0.0915,-0.033623,-0.33359,-0.25285,-0.082912,-0.16118,0.30274,0.25109,-0.077534,0.2176,0.12439,0.2197
-0.007941,-0.35482,0.10406,-0.045061,-0.034461,0.042693,0.0029809,-0.0071609,-0.081228,0.15275,-0.086168,-0.2937,-0.025236,-0.23064,-0.020022,0.1766,-0.14714,-0.178,-0.26493,-0.309,0.22014,0.21559,0.16797,0.27439,0.2569,0.15859,0.028346,0.030202,0.15505,0.13981,0.22004,0.20339,-0.29207,-0.29436,0.77202,1,0.0037475,0.012726,0.12797,0.22297,0.0897,0.046291,0.49608,0.48125,0.50957,0.4101,0.58945,0.6138,-0.1277,0.26263,0.56454,0.48891,-0.23984,-0.17892,-0.079727,0.10898,-0.2329,-0.35923,-0.25482,-0.34677,-0.26809,-0.26352,-0.29796,-0.4926,0.51871,0.45338,0.30344,0.29018,-0.37215,-0.37058,0.12906,-0.10779,-0.18442,-0.082203,0.09729,-0.044494,0.093603,0.20012,0.17871,-0.077474,-0.14176,-0.26319,-0.01542,-0.18028,0.14008,0.19833,-0.090233,0.062143,-0.0317,0.049434
-0.10912,0.11985,-0.013589,-0.178,0.18969,0.091678,-0.043731,-0.14895,0.13694,-0.094657,-0.33232,-0.36654,-0.11675,-0.40258,0.18117,0.16834,-0.17698,-0.50747,-0.019163,-0.029575,0.26364,0.34372,-0.14019,-0.12555,0.23713,0.19668,0.21155,0.38677,0.29268,-0.26369,-0.58057,-0.58635,-0.31845,-0.31215,-0.023907,0.0037475,1,0.62851,0.55668,0.61868,0.49948,0.54052,0.18912,-0.3392,0.10316,0.076501,0.34105,0.14504,-0.024434,0.092661,0.050853,0.022994,-0.063626,-0.17897,0.60768,0.48324,0.0075959,0.039044,0.1805,0.128,-0.055897,0.069701,-0.18345,-0.22991,0.03855,0.15863,0.11228,0.02483,-0.22293,-0.12576,0.060038,0.11921,0.45239,0.36052,0.40029,0.54289,0.34566,0.22075,-0.48084,-0.72426,0.010495,-0.47708,0.29303,0.57245,0.21092,-0.22927,0.41561,0.1061,0.26069,-0.14132
-0.4091,-0.046078,-0.16814,-0.0011303,0.28431,0.28374,-0.28086,-0.00095324,0.073502,0.1721,-0.52629,-0.2569,-0.32043,-0.21353,0.086857,0.25133,-0.38649,-0.54649,-0.0097841,-0.087347,0.18121,0.24493,-0.045776,0.10657,0.27871,0.28308,0.20458,0.4212,0.15679,-0.22756,-0.49325,-0.4119,-0.39982,-0.33392,0.071133,0.012726,0.62851,1,0.4469,0.66164,0.34158,0.48276,0.29255,-0.18952,0.22262,0.18186,0.42169,0.28522,0.03812,0.2318,0.14661,0.1132,-0.088936,-0.12734,0.45127,0.51062,-0.24301,-0.013427,0.15181,0.13236,-0.13927,-0.03437,-0.34846,-0.22144,0.0024852,0.23677,0.23951,0.062623,-0.2238,-0.17091,0.089332,0.17708,0.37663,0.26667,0.40578,0.54822,0.24437,0.10376,-0.49271,-0.59287,-0.20681,-0.42497,0.026757,0.4475,0.11445,-0.029406,0.11164,0.26032,0.11797,0.23074
-0.17165,-0.084363,0.027885,-0.20816,0.41937,0.36268,-0.032358,-0.19576,0.30933,0.20145,-0.31845,-0.4442,-0.082862,-0.29826,0.44277,0.43041,-0.15034,-0.37999,-0.3329,-0.27569,0.42935,0.4055,-0.043633,0.0098744,0.28558,0.29256,0.5058,0.61995,0.35854,0.075503,-0.13026,-0.15138,-0.3916,-0.43016,0.13179,0.12797,0.55668,0.4469,1,0.79886,0.62839,0.46727,0.12399,-0.10209,0.18194,0.12024,0.30508,0.17058,0.060158,0.16633,0.13691,0.15576,0.031549,-0.039713,0.62945,0.59656,-0.074351,-0.071645,0.22969,0.096528,-0.084154,-0.090083,-0.35432,-0.39768,0.18958,0.23637,0.12078,-0.051868,-0.30492,-0.16145,0.012282,-0.11973,0.089443,0.066356,0.30184,0.33011,0.041287,0.090253,-0.15145,-0.37599,0.019091,-0.43648,0.49519,0.51313,0.16528,-0.12836,0.42597,0.34426,0.45642,0.1036
-0.2779,-0.16192,-0.021705,-0.14773,0.39961,0.38979,-0.079734,-0.12037,0.22112,0.2634,-0.45564,-0.45433,-0.16166,-0.32741,0.33527,0.59538,-0.23016,-0.50098,-0.33706,-0.29473,0.61479,0.62796,-0.067785,0.04497,0.36617,0.38531,0.40771,0.67171,0.54927,0.19111,-0.14927,-0.18759,-0.51294,-0.51866,0.21592,0.22297,0.61868,0.66164,0.79886,1,0.75185,0.69954,0.24979,-0.11669,0.2823,0.19906,0.48017,0.35069,0.083589,0.20378,0.2519,0.22756,0.0073286,-0.12969,0.53142,0.75414,-0.17715,-0.12651,0.17663,0.051132,-0.11616,-0.10272,-0.39334,-0.44081,0.22187,0.30968,0.24957,0.073507,-0.35072,-0.20083,0.19556,0.034334,0.2007,0.25941,0.46833,0.51499,0.25092,0.26921,-0.1706,-0.51533,0.064863,-0.53454,0.46651,0.54869,0.18547,-0.094176,0.1875,0.27288,0.30747,0.16841
-0.10698,-0.023204,-0.048943,-0.21958,0.1451,0.13294,0.0081831,-0.12308,0.14482,0.0066827,-0.26828,-0.32143,-0.011496,-0.25462,0.195,0.53089,0.0023829,-0.2672,-0.35229,-0.14811,0.77644,0.75706,-0.18009,-0.1861,0.21489,0.23989,0.10898,0.47251,0.71168,0.37707,0.0071304,-0.17264,-0.36817,-0.41312,0.019083,0.0897,0.49948,0.34158,0.62839,0.75185,1,0.79601,-0.019803,-0.23575,0.037611,-0.0039397,0.2264,0.13591,-0.0031095,0.0019865,0.013624,0.039745,0.20924,-0.012941,0.3233,0.61895,0.026955,0.013019,0.16407,0.04544,-0.037763,-0.078207,-0.16133,-0.27119,0.049759,0.051884,0.056914,0.018526,-0.2026,0.013782,0.29836,0.10077,0.2492,0.35028,0.35122,0.39662,0.34607,0.39297,0.078173,-0.38427,0.38957,-0.35023,0.64505,0.51427,0.17743,-0.10426,0.03915,-0.0054538,0.14654,-0.057513
-0.15459,0.028263,-0.19372,-0.21868,0.099443,0.11269,-0.058318,-0.051822,0.039632,-0.052451,-0.29553,-0.25673,-0.0212,-0.20517,0.09189,0.45058,-0.0080654,-0.33488,-0.28973,-0.087403,0.7036,0.7395,-0.25911,-0.2253,0.21953,0.23924,0.071431,0.43572,0.65245,0.28171,-0.14136,-0.28515,-0.33225,-0.35029,-0.036789,0.046291,0.54052,0.48276,0.46727,0.69954,0.79601,1,0.0072934,-0.30568,0.032993,-0.0064961,0.21801,0.12348,-0.033479,-0.0041821,-0.01248,-0.044141,0.13573,-0.03574,0.28762,0.60415,-0.069594,-0.00047377,0.1372,0.056933,-0.0015403,0.01632,-0.098738,-0.18472,0.047051,0.051655,0.070147,0.06062,-0.17593,0.024747,0.24678,0.15008,0.33109,0.42189,0.3626,0.46361,0.39964,0.35289,-0.067668,-0.46028,0.31506,-0.33177,0.53424,0.45059,0.1717,-0.087078,0.0025429,-0.033459,0.08386,-0.017705
-0.28656,-0.37583,0.11267,-0.20626,-0.046736,-0.03731,-0.29128,-0.33442,-0.19891,0.14934,-0.3773,-0.52441,-0.31246,-0.35639,-0.1353,0.077614,-0.51787,-0.42936,-0.24785,-0.41447,0.062838,0.10001,0.45159,0.50575,0.4191,0.22678,0.13022,0.10268,-0.064761,-0.2147,-0.077284,0.023365,-0.44441,-0.42115,0.58737,0.49608,0.18912,0.29255,0.12399,0.24979,-0.019803,0.0072934,1,0.66933,0.70915,0.51212,0.80686,0.77109,0.097879,0.49125,0.78622,0.68675,-0.18053,0.079271,0.16512,0.2307,-0.30945,-0.2926,-0.16048,-0.29222,-0.39985,-0.4478,-0.54493,-0.54224,0.361,0.39506,0.52074,0.21928,-0.49782,-0.51091,0.093585,-0.047382,-0.0054885,-0.071252,-0.0066594,0.043107,0.062463,0.043873,-0.2098,-0.26893,-0.48231,-0.35478,-0.11843,0.12425,0.37573,0.37131,0.060113,0.29571,-0.082248,0.13745
-0.099746,-0.35112,0.10614,-0.056524,-0.052693,-0.020857,-0.24564,-0.25622,-0.14889,0.17115,-0.098577,-0.19102,-0.25395,0.011937,-0.067685,-0.049625,-0.28879,0.046818,-0.30807,-0.37982,-0.11104,-0.15864,0.44555,0.54054,0.29844,0.16463,0.12431,-0.06487,-0.25296,0.050134,0.45903,0.54341,-0.10904,-0.13635,0.49053,0.48125,-0.3392,-0.18952,-0.10209,-0.11669,-0.23575,-0.30568,0.66933,1,0.5653,0.45157,0.49004,0.60251,0.077235,0.37182,0.65492,0.71519,-0.044531,0.17517,-0.016353,-0.06682,-0.18824,-0.22064,-0.12986,-0.2149,-0.25187,-0.36874,-0.37406,-0.29052,0.29051,0.32887,0.37802,0.19617,-0.21778,-0.28939,0.011703,-0.22555,-0.38404,-0.41377,-0.22404,-0.43759,-0.26247,-0.17242,0.28942,0.38013,-0.36969,0.063304,-0.13228,-0.1715,0.22928,0.54047,-0.0070238,0.38566,-0.11343,0.20524
-0.15958,-0.23533,0.19645,-0.022252,0.13705,0.15274,-0.089459,-0.15705,-0.097874,0.19953,-0.21187,-0.41013,-0.1636,-0.15552,0.029962,0.13919,-0.41019,-0.35666,-0.15995,-0.38681,0.17295,0.1845,0.38136,0.45419,0.38843,0.27926,0.20375,0.22395,0.10137,0.020194,0.099766,0.11763,-0.37336,-0.38092,0.54886,0.50957,0.10316,0.22262,0.18194,0.2823,0.037611,0.032993,0.70915,0.5653,1,0.81011,0.6138,0.59682,0.41177,0.69461,0.80233,0.75791,-0.13847,0.03507,0.1496,0.27675,-0.27549,-0.14675,0.1023,-0.0045524,-0.10883,-0.16029,-0.41671,-0.50893,0.59704,0.64502,0.69829,0.36631,-0.3666,-0.38426,0.084552,-0.079712,-0.068633,-0.088491,0.013143,0.0030566,0.12404,0.13505,0.015035,-0.16378,-0.38754,-0.38602,-0.0012577,0.1228,0.40233,0.39122,0.18472,0.41974,0.13061,0.2843
0.0021714,-0.048623,0.10853,0.18078,0.10688,0.076296,-0.070489,-0.0781,-0.12622,0.028817,-0.10873,-0.2148,-0.24551,-0.080995,-0.044884,-0.027636,-0.23169,-0.23259,-0.066623,-0.13797,0.054452,0.057771,0.10881,0.2658,0.1796,0.17314,0.11816,0.11918,0.030398,-0.02788,0.022137,0.060721,-0.14078,-0.095916,0.29247,0.4101,0.076501,0.18186,0.12024,0.19906,-0.0039397,-0.0064961,0.51212,0.45157,0.81011,1,0.36145,0.40883,0.44345,0.65893,0.58265,0.71145,-0.28847,-0.10402,0.12099,0.12946,-0.028399,0.068708,0.28968,0.2642,0.12549,0.15134,-0.17153,-0.20558,0.39268,0.65043,0.70033,0.6403,-0.16714,-0.17455,-0.065216,-0.059234,-0.027435,-0.062807,-0.010538,-0.032688,0.010548,0.14232,-0.0081151,-0.12931,-0.28452,-0.37336,-0.0030098,0.02273,0.17043,0.2665,0.18836,0.30101,0.067106,0.2158
-0.32544,-0.39435,0.087954,-0.2249,0.070261,0.079357,-0.22852,-0.27349,-0.085939,0.2285,-0.4339,-0.58926,-0.22926,-0.44447,-0.01691,0.28932,-0.45813,-0.54746,-0.3135,-0.43567,0.29566,0.31676,0.354,0.42348,0.44767,0.29099,0.13741,0.24233,0.19566,-0.055335,-0.046809,-0.027257,-0.59508,-0.57697,0.63644,0.58945,0.34105,0.42169,0.30508,0.48017,0.2264,0.21801,0.80686,0.49004,0.6138,0.36145,1,0.87081,-0.028332,0.40485,0.71615,0.56882,-0.036969,-0.033175,0.28553,0.43421,-0.35652,-0.35663,-0.13682,-0.29088,-0.44329,-0.45126,-0.62098,-0.65226,0.38648,0.40656,0.46227,0.18045,-0.47124,-0.45672,0.23911,-0.0045283,0.068176,0.045857,0.26259,0.24158,0.27654,0.20707,-0.12406,-0.37628,-0.26715,-0.43319,-0.00044287,0.21732,0.38789,0.25091,0.0035955,0.24755,0.013702,0.11835
-0.38483,-0.39926,-0.02157,-0.13956,0.01261,0.086588,-0.3027,-0.2511,-0.18318,0.22813,-0.38903,-0.42219,-0.28506,-0.25773,-0.042364,0.30269,-0.34183,-0.37837,-0.36815,-0.43704,0.30935,0.32509,0.32083,0.47036,0.46835,0.35952,0.17756,0.22864,0.22833,0.13073,0.14259,0.17128,-0.47004,-0.46344,0.58698,0.6138,0.14504,0.28522,0.17058,0.35069,0.13591,0.12348,0.77109,0.60251,0.59682,0.40883,0.87081,1,-0.057268,0.34521,0.68636,0.6021,-0.10996,-0.041753,0.07163,0.3618,-0.42847,-0.39283,-0.24004,-0.34695,-0.45347,-0.39066,-0.51595,-0.53235,0.31311,0.32744,0.46717,0.26877,-0.38333,-0.41692,0.27564,0.0812,0.049553,0.064824,0.20214,0.17427,0.24953,0.29779,0.082094,-0.19452,-0.15099,-0.288,0.0082504,0.11759,0.3202,0.40164,-0.040937,0.27736,-0.086843,0.19862
0.14882,0.17975,0.16169,0.11557,0.17659,0.15293,0.21167,0.14883,0.15429,0.090345,0.062848,0.014919,-0.014167,0.097505,0.17389,-0.033465,-0.081333,0.036758,0.12726,-0.11193,-0.0097493,-0.019513,0.18519,0.1223,0.1316,0.11591,0.19672,0.16692,-0.034327,0.03543,0.10674,0.11743,0.082516,0.0010043,0.031693,-0.1277,-0.024434,0.03812,0.060158,0.083589,-0.0031095,-0.033479,0.097879,0.077235,0.41177,0.44345,-0.028332,-0.057268,1,0.67328,0.38522,0.46531,0.14776,0.20547,0.22149,0.10907,0.12073,0.2398,0.56399,0.49491,0.47936,0.27048,0.056697,-0.017647,0.31495,0.44652,0.38124,0.11288,0.069411,0.070464,0.0068772,-0.088723,-0.040652,-0.13601,-0.22614,-0.18115,-0.044403,-0.061938,0.0083739,0.068963,-0.15231,-0.050803,0.13335,0.098106,0.12509,0.12527,0.26339,0.34355,0.38708,0.41217
-0.03097,-0.081758,0.13547,-0.058735,0.14477,0.092775,-0.063567,-0.0062187,0.0049714,0.17041,-0.10796,-0.32505,-0.10756,-0.078453,0.094755,0.012412,-0.38416,-0.26486,-0.0084158,-0.3103,0.019029,0.019362,0.42715,0.47433,0.3263,0.17546,0.19645,0.15702,-0.088058,-0.1651,0.025084,0.062494,-0.27066,-0.31481,0.43715,0.26263,0.092661,0.2318,0.16633,0.20378,0.0019865,-0.0041821,0.49125,0.37182,0.69461,0.65893,0.40485,0.34521,0.67328,1,0.69423,0.7768,0.056127,0.27151,0.26798,0.22122,-0.057682,0.048087,0.36095,0.25731,0.10185,-0.10356,-0.31632,-0.41667,0.49573,0.68744,0.57173,0.28014,-0.18364,-0.15612,0.061073,-0.16096,-0.10957,-0.21942,-0.16574,-0.12037,0.029667,-0.0092258,-0.10442,-0.11861,-0.4614,-0.33,0.03779,0.10198,0.37563,0.40589,0.25912,0.50965,0.26814,0.46544
-0.15405,-0.38048,0.12382,-0.1699,0.00033561,0.041789,-0.10427,-0.18501,-0.12824,0.24105,-0.23947,-0.48761,-0.15717,-0.23252,-0.029846,0.13393,-0.48995,-0.33989,-0.26737,-0.50231,0.15441,0.14986,0.4607,0.50548,0.41703,0.19131,0.15226,0.1401,0.0089807,-0.019987,0.17809,0.18994,-0.45788,-0.50031,0.67998,0.56454,0.050853,0.14661,0.13691,0.2519,0.013624,-0.01248,0.78622,0.65492,0.80233,0.58265,0.71615,0.68636,0.38522,0.69423,1,0.84926,-0.056092,0.1643,0.13534,0.26192,-0.33569,-0.30369,-0.0095964,-0.17283,-0.20633,-0.37687,-0.51881,-0.60705,0.65614,0.5853,0.61717,0.24345,-0.43594,-0.4768,0.10957,-0.175,-0.15855,-0.20096,-0.048598,-0.094788,0.050806,0.038728,0.010495,-0.097175,-0.45487,-0.33323,-0.030331,0.03962,0.48215,0.46315,0.077588,0.40159,0.11579,0.32724
-0.12297,-0.30314,0.09516,-0.042542,0.098302,0.11918,-0.15426,-0.16347,-0.048409,0.20952,-0.19456,-0.34074,-0.26177,-0.073173,0.064515,0.092651,-0.40413,-0.20363,-0.26508,-0.45274,0.11948,0.095733,0.37472,0.51386,0.43511,0.28977,0.26911,0.19085,-0.022555,0.015153,0.25918,0.29959,-0.30097,-0.34143,0.50069,0.48891,0.022994,0.1132,0.15576,0.22756,0.039745,-0.044141,0.68675,0.71519,0.75791,0.71145,0.56882,0.6021,0.46531,0.7768,0.84926,1,-0.089444,0.1227,0.23078,0.25869,-0.1868,-0.16538,0.12662,0.017533,-0.094364,-0.21621,-0.41726,-0.43486,0.48377,0.64474,0.65733,0.40635,-0.26504,-0.27734,0.050711,-0.21088,-0.20618,-0.29732,-0.061398,-0.19903,-0.067241,-0.00083477,0.10144,0.019627,-0.38666,-0.27125,0.10706,0.085053,0.3951,0.55539,0.20859,0.52874,0.13882,0.38972
