1,0.69309,0.744,0.65667,-0.19784,-0.19405,0.7967,0.39262,-0.097314,-0.16398,0.32367,-0.11484,0.19309,-0.15356,0.077316,-0.17967,-0.15364,-0.22423,0.81507,0.75435,-0.055855,-0.28491,0.53202,0.4977,-0.12266,-0.3606,0.032673,-0.10903,-0.15438,-0.35274,0.013814,-0.18401,-0.13253,-0.47501,-0.31754,-0.29102,-0.18084,-0.086789,-0.15999,-0.18177,0.20855,-0.32074,-0.17318,-0.32329,0.018381,-0.24322,-0.29358,-0.52804,0.30621,-0.07091,0.033134,-0.0499,-0.45613,-0.40828,-0.10597,-0.38598,0.82858,0.6589,0.76562,0.50794,0.70843,0.55224,0.02216,-0.032575,0.46518,0.2416,0.36923,-0.30727,0.47024,0.3584,-0.2244,-0.23641,-0.078325,-0.24012,-0.085666,-0.34632,-0.056108,-0.34055,0.024373,-0.22776,-0.34555,-0.43758,0.043136,-0.32155,0.11829,-0.61996,0.05648,0.018099,-0.024178,-0.34756
0.69309,1,0.67004,0.82233,-0.22292,-0.18381,0.59384,0.61936,-0.24477,-0.22869,-0.22628,-0.02026,-0.26064,-0.19729,-0.12369,-0.22218,-0.33237,-0.17865,0.76986,0.75928,0.14908,-0.13951,0.43571,0.44599,-0.2898,-0.34082,0.18142,-0.022273,-0.25635,-0.25255,-0.043423,-0.10123,0.055623,-0.26973,-0.48569,-0.343,-0.21225,0.082343,-0.052106,-0.00068409,0.33368,-0.24817,-0.35605,-0.39959,0.16446,0.10528,-0.28297,-0.54023,0.40569,0.23048,-0.23844,0.10066,-0.53282,-0.47985,-0.010641,-0.25569,0.84768,0.92569,0.83425,0.84555,0.75552,0.86166,0.0009065,0.45942,0.30708,0.6061,0.64209,0.16609,0.38076,0.54967,-0.13061,-0.35795,-0.084059,-0.21569,-0.093198,-0.40205,-0.37379,-0.51521,-0.18962,-0.24013,-0.55545,-0.18321,-0.063403,-0.15719,-0.28399,-0.50908,-0.021335,0.088023,0.07825,-0.11953
0.744,0.67004,1,0.81197,-0.026686,-0.29713,0.85462,0.62001,-0.21471,-0.2079,0.20833,-0.062485,-0.12942,-0.086876,-0.041295,-0.27458,-0.39755,-0.44157,0.66708,0.65601,-0.15789,-0.33764,0.79724,0.74094,0.16777,-0.22542,0.075782,-0.15055,-0.31417,-0.44886,0.19501,-0.21247,0.023168,-0.35926,-0.26426,-0.29932,-0.33246,-0.23439,-0.26706,-0.28336,0.25392,-0.24114,-0.16719,-0.17359,0.1867,0.11689,-0.34629,-0.5248,0.5126,0.17827,0.21071,0.10972,-0.42271,-0.51577,-0.20117,-0.37615,0.68978,0.59793,0.65829,0.58444,0.6567,0.52372,-0.16559,-0.048645,0.50076,0.34999,0.41334,-0.18573,0.2301,0.31503,-0.2844,-0.52584,-0.23581,-0.45325,-0.11283,-0.38589,0.024502,-0.24408,-0.31687,-0.47397,-0.47979,-0.52441,0.1833,-0.2723,0.080229,-0.48966,0.32873,0.19928,0.15814,-0.10196
0.65667,0.82233,0.81197,1,-0.20697,-0.18667,0.74503,0.82412,-0.33231,-0.15765,-0.11128,0.0076327,-0.30221,-0.12516,-0.1348,-0.18563,-0.50432,-0.38308,0.76986,0.73025,0.01395,-0.20051,0.69288,0.75374,0.032375,-0.068131,0.17556,-0.0012547,-0.3391,-0.35759,0.088653,-0.042115,-0.029553,-0.31571,-0.36551,-0.2991,-0.2252,0.037958,-0.074996,-0.052053,0.22658,-0.16582,-0.20822,-0.16986,0.13307,0.065977,-0.2242,-0.40423,0.36605,0.15614,-0.066826,0.047407,-0.4498,-0.45339,-0.036506,-0.22243,0.67721,0.6996,0.70419,0.7142,0.60848,0.70229,-0.19639,0.17567,0.25334,0.44897,0.56311,0.11392,0.29281,0.49754,-0.23542,-0.34561,-0.147,-0.30776,-0.083826,-0.2386,-0.17145,-0.36651,-0.28211,-0.37735,-0.57359,-0.34789,-0.053967,-0.15707,-0.13461,-0.31601,0.13323,0.17082,0.13215,0.047531
-0.19784,-0.22292,-0.026686,-0.20697,1,0.63051,-0.077184,-0.15413,0.75871,0.59072,0.077647,-0.15556,0.13344,0.1198,0.54981,0.42817,0.030214,-0.061385,-0.22895,-0.12922,0.33034,0.49856,-0.080982,-0.091389,0.57235,0.41932,0.57362,0.54802,0.18611,0.078083,0.013788,-0.05002,-0.14385,0.029091,-0.010214,0.04135,-0.027438,-0.052647,0.18922,0.14132,-0.053817,0.093369,-0.08863,0.019641,-0.10953,0.026998,-0.026589,0.13272,-0.12716,-0.09002,0.022809,-0.17733,0.014674,-0.20917,0.17836,0.13316,-0.057787,-0.078944,-0.021638,-0.02321,-0.025119,-0.14913,-0.052079,-0.11915,0.030489,0.037047,-0.096044,0.059024,-0.14178,-0.13494,0.33344,0.22906,0.10645,0.23685,0.41358,0.40268,0.038108,0.15709,-0.13528,-0.11335,0.26103,-0.10975,0.44653,0.35721,0.18917,0.043442,0.31886,0.29497,0.49114,0.3394
-0.19405,-0.18381,-0.29713,-0.18667,0.63051,1,-0.18513,-0.16698,0.80484,0.7667,-0.048976,-0.25315,0.24267,-0.015655,0.69567,0.69867,-0.038704,0.024025,-0.16704,-0.1723,0.48225,0.64451,-0.30923,-0.19201,0.24715,0.51611,0.67051,0.85642,0.1777,0.17324,-0.12357,0.19898,-0.30743,-0.020187,-0.12374,0.12804,0.29658,0.32903,0.49576,0.47378,-0.16377,0.13955,-0.090751,-0.18626,-0.17341,-0.14317,0.19789,0.1706,-0.22502,-0.064943,-0.19694,-0.22577,0.10454,-0.018877,0.4276,0.40229,0.0065337,0.022117,0.040843,0.054855,0.046165,0.0092339,0.096997,0.15472,-0.026378,0.18158,-0.029557,0.175,-0.11229,0.031186,0.39486,0.55676,0.23424,0.46899,0.36737,0.48737,-0.23509,-0.14654,0.055784,0.085523,0.1998,0.10191,-0.027142,0.41881,-0.032544,0.14108,-0.18059,-0.013669,0.2607,0.3054
0.7967,0.59384,0.85462,0.74503,-0.077184,-0.18513,1,0.69959,-0.16971,-0.031354,0.35605,0.080121,0.14658,0.11471,0.029641,-0.073005,-0.17669,-0.33339,0.69679,0.71698,-0.1187,-0.26536,0.73227,0.73516,0.054748,-0.18039,0.024809,-0.09474,-0.11633,-0.293,0.11749,-0.10667,-0.023611,-0.26562,-0.32701,-0.26831,-0.19791,-0.13491,-0.142,-0.23037,0.20711,-0.27133,-0.23907,-0.33613,0.0063869,-0.080289,-0.36914,-0.53118,0.34357,0.046622,0.069303,0.0022063,-0.40026,-0.47714,-0.092084,-0.33074,0.66286,0.51367,0.59533,0.50499,0.60096,0.4786,0.035189,0.026717,0.50305,0.36786,0.2397,-0.21635,0.21971,0.30157,-0.23075,-0.3373,-0.141,-0.3094,-0.024393,-0.2552,0.010995,-0.24499,-0.095919,-0.32855,-0.26221,-0.41895,0.072902,-0.32056,0.23667,-0.48223,0.20224,0.087776,0.17063,-0.088886
0.39262,0.61936,0.62001,0.82412,-0.15413,-0.16698,0.69959,1,-0.40305,0.028349,-0.028018,0.30059,-0.16861,0.33666,-0.22614,-0.018509,-0.23858,-0.21699,0.55891,0.65142,-0.041786,-0.18354,0.56087,0.64818,0.015817,0.038238,0.058,-0.064337,-0.12052,-0.083383,0.043852,0.0075752,0.041903,-0.015332,-0.37546,-0.16592,-0.19552,0.044649,-0.050968,-0.10939,0.15997,-0.13912,-0.26153,-0.22992,-0.029279,0.060868,-0.24703,-0.31903,0.17084,0.097883,-0.20746,0.04848,-0.36573,-0.37648,-0.019115,-0.21318,0.41812,0.46546,0.40922,0.54344,0.33169,0.57166,-0.10378,0.32713,0.13515,0.52779,0.27204,0.23345,0.11023,0.44638,-0.23378,-0.33123,-0.087224,-0.24274,0.026387,-0.051066,-0.14984,-0.24283,-0.14976,-0.25496,-0.23355,-0.048093,-0.094007,-0.14248,-0.05665,-0.1108,0.075488,0.17653,0.2016,0.18811
-0.097314,-0.24477,-0.21471,-0.33231,0.75871,0.80484,-0.16971,-0.40305,1,0.6373,0.1355,-0.25068,0.39536,-0.096926,0.84088,0.54133,0.10955,0.087594,-0.23365,-0.20957,0.45645,0.60289,-0.27259,-0.26095,0.32275,0.3572,0.55077,0.66121,0.31425,0.14072,0.043562,0.14944,-0.27164,-0.061911,-0.038174,0.11024,0.19393,0.071265,0.31742,0.25779,-0.096725,0.085604,-0.10407,-0.10509,-0.098331,-0.13019,0.068309,0.067987,-0.1547,-0.1119,-0.0032947,-0.22849,0.0783,-0.084173,0.25479,0.20816,0.025047,-0.039962,0.034828,-0.075608,0.042536,-0.14561,0.089911,-0.062908,0.061883,-0.018035,-0.13767,-0.059722,-0.025114,-0.16736,0.44449,0.52866,0.28657,0.45096,0.36323,0.33946,-0.11231,-0.0039474,0.092078,0.11,0.25004,-0.064242,0.22225,0.26529,0.12498,-0.0036741,-0.046637,0.030491,0.25122,0.096375
-0.16398,-0.22869,-0.2079,-0.15765,0.59072,0.7667,-0.031354,0.028349,0.6373,1,0.14644,-0.01283,0.23468,0.28471,0.60927,0.757,0.059607,0.083812,-0.14434,-0.080195,0.34927,0.48036,-0.1569,-0.097922,0.30578,0.4671,0.47203,0.61329,0.26176,0.25298,-0.13885,0.047371,-0.27156,0.023089,-0.099585,0.062617,0.21662,0.23677,0.33974,0.26706,-0.18034,0.12924,0.0035352,-0.11183,-0.21303,-0.19925,0.10491,0.15446,-0.25624,-0.10712,-0.13428,-0.17865,0.12704,-0.0051816,0.31952,0.2845,-0.11085,-0.13898,-0.097028,-0.048305,-0.089107,-0.07488,0.072745,0.066982,-0.0074011,0.12656,-0.21099,0.035094,-0.1385,-0.07809,0.27551,0.37997,0.24251,0.35976,0.43887,0.60713,-0.05399,-0.047142,0.084821,0.039592,0.31401,0.14764,0.00098497,0.28572,0.15623,0.23361,-0.089754,0.10259,0.30796,0.39449
0.32367,-0.22628,0.20833,-0.11128,0.077647,-0.048976,0.35605,-0.028018,0.1355,0.14644,1,0.27279,0.67681,0.37128,0.32658,0.18407,0.36456,-0.026804,0.085146,0.083679,-0.18485,-0.1617,0.34699,0.21416,0.19361,-0.078337,-0.087077,-0.11429,0.19927,-0.14069,0.13158,-0.18481,0.051513,-0.044571,0.13585,0.00031511,-0.020268,-0.22985,-0.1082,-0.25927,-0.0010738,-0.12631,0.079291,-0.10761,-0.038226,-0.23943,-0.22399,-0.16449,0.013111,-0.11812,0.23404,0.024692,-0.013635,-0.020894,-0.13553,-0.22839,0.0063502,-0.20249,-0.14153,-0.23055,-0.028906,-0.25977,0.079518,-0.35714,0.27977,-0.21307,-0.3084,-0.46499,-0.1303,-0.089093,0.036026,-0.04341,0.00098941,-0.11521,0.14494,0.032364,0.33518,0.044893,0.15762,-0.1228,0.23496,-0.18993,0.29313,-0.15053,0.55356,-0.16556,0.20876,0.027362,0.090224,-0.11674
-0.11484,-0.02026,-0.062485,0.0076327,-0.15556,-0.25315,0.080121,0.30059,-0.25068,-0.01283,0.27279,1,0.20404,0.64056,-0.15928,0.17759,0.4016,0.4934,-0.059314,0.079963,-0.080725,-0.076462,0.11896,0.10773,-0.1157,0.010354,-0.28094,-0.31843,0.34962,0.35497,0.12602,0.13449,0.22145,0.30423,-0.048856,0.095488,-0.029342,-0.022044,-0.05904,-0.12442,0.09746,0.032477,-0.10965,-0.10062,-0.16103,-0.10677,-0.13464,-0.030486,-0.24053,-0.10106,-0.18005,0.01565,0.0072959,0.072147,-0.12455,-0.092498,-0.19234,-0.13792,-0.26554,-0.14257,-0.25995,-0.051268,0.041542,0.21929,-0.15776,0.025946,-0.26109,0.012129,-0.028184,-0.040116,-0.066757,-0.09005,0.038918,0.021385,-0.018669,0.0087433,0.040634,0.086335,0.127,0.2188,0.2249,0.41012,0.12711,0.066374,0.10061,0.23815,0.055313,0.061891,-0.037999,0.090978
0.19309,-0.26064,-0.12942,-0.30221,0.13344,0.24267,0.14658,-0.16861,0.39536,0.23468,0.67681,0.20404,1,0.42846,0.49375,0.33332,0.55673,0.31333,-0.040256,-0.064761,0.0066241,0.12546,-0.15603,-0.1936,-0.069927,-0.086309,-0.057279,0.016196,0.50384,0.24879,0.050062,0.067594,-0.19554,-0.049441,-0.026878,0.15863,0.11077,-0.092502,0.036926,-0.10593,-0.10332,-0.073002,0.0064779,-0.18405,-0.18343,-0.36813,-0.040716,-0.046136,-0.20521,-0.34079,0.058585,-0.1485,0.037089,0.046355,-0.037421,-0.16102,-0.0099677,-0.17897,-0.12048,-0.29781,-0.10958,-0.23009,0.19356,-0.15437,0.086156,-0.15599,-0.40404,-0.3102,0.035214,-0.14395,0.14791,0.35746,0.19867,0.23019,0.075489,0.10133,0.057871,0.069527,0.39346,0.23477,0.44132,0.057929,0.11237,-0.074234,0.30465,-0.086358,-0.19385,-0.1309,-0.091995,-0.25238
-0.15356,-0.19729,-0.086876,-0.12516,0.1198,-0.015655,0.11471,0.33666,-0.096926,0.28471,0.37128,0.64056,0.42846,1,-0.039124,0.33347,0.4926,0.36395,-0.08039,0.020706,-0.16805,-0.063366,-0.024882,-0.05318,0.051127,0.049962,-0.21471,-0.19513,0.42437,0.43972,-0.0078179,-0.047803,0.029549,0.24887,-0.13155,0.14176,-0.091832,-0.12605,-0.12239,-0.23313,-0.024669,-0.041873,-0.017524,-0.10551,-0.30038,-0.1868,-0.10373,0.023412,-0.28566,-0.25162,-0.10716,0.012883,0.078587,0.055556,-0.11574,-0.15916,-0.2748,-0.27674,-0.33324,-0.25181,-0.33023,-0.14301,0.061274,0.11489,-0.086992,0.094977,-0.44495,-0.047242,-0.12224,-0.056041,-0.066465,-0.047849,0.061641,0.006894,0.092494,0.2264,0.13277,0.23851,0.17827,0.14144,0.52727,0.3786,0.18942,0.064574,0.20787,0.23607,0.052001,0.080507,0.044559,0.13492
0.077316,-0.12369,-0.041295,-0.1348,0.54981,0.69567,0.029641,-0.22614,0.84088,0.60927,0.32658,-0.15928,0.49375,-0.039124,1,0.60435,0.067793,0.027448,-0.1178,-0.076772,0.49876,0.56548,-0.037561,-0.033375,0.29146,0.30107,0.55975,0.63414,0.34804,0.073814,0.11265,0.15473,-0.26808,-0.093491,-0.024562,-0.0086829,0.19484,0.051374,0.27148,0.15276,0.086416,0.099928,-0.14602,-0.16696,-0.028895,-0.10994,-0.0093393,-0.079144,-0.030936,-0.021852,0.047401,-0.14638,0.021446,-0.16702,0.18696,0.091849,0.11314,0.020516,0.070227,0.017431,0.11862,-0.070043,0.15486,-0.063283,0.15618,0.0077538,-0.13519,-0.17661,-0.10212,-0.11308,0.42187,0.44326,0.30855,0.33535,0.34397,0.24942,-0.15706,-0.13051,0.08446,-0.027084,0.1342,-0.12036,0.2481,0.18833,0.22783,-0.031546,-0.034991,0.081333,0.29239,0.11991
-0.17967,-0.22218,-0.27458,-0.18563,0.42817,0.69867,-0.073005,-0.018509,0.54133,0.757,0.18407,0.17759,0.33332,0.33347,0.60435,1,0.14995,0.24472,-0.16054,-0.075439,0.38397,0.49208,-0.12402,-0.063153,0.23605,0.53427,0.41455,0.55898,0.36818,0.42411,-0.11861,0.18369,-0.25748,0.074472,-0.12971,0.13825,0.4783,0.48447,0.55014,0.45437,0.050229,0.25485,-0.014971,-0.14532,-0.22111,-0.25832,0.22745,0.20133,-0.34367,-0.13427,-0.19194,-0.14982,0.23124,0.1327,0.48412,0.45584,-0.12714,-0.11536,-0.16374,-0.061242,-0.16393,-0.11293,0.069232,0.10316,-0.078461,0.10144,-0.29237,-0.016679,-0.18641,-0.041834,0.28245,0.41535,0.3526,0.52757,0.45551,0.49984,-0.16789,-0.13271,0.24963,0.24218,0.34071,0.32709,0.05682,0.454,0.29465,0.3561,-0.052248,0.18431,0.37156,0.41149
-0.15364,-0.33237,-0.39755,-0.50432,0.030214,-0.038704,-0.17669,-0.23858,0.10955,0.059607,0.36456,0.4016,0.55673,0.4926,0.067793,0.14995,1,0.65315,-0.31383,-0.18312,0.028646,0.14157,-0.32409,-0.39763,-0.18912,-0.06959,-0.29162,-0.19529,0.69616,0.52968,0.12711,0.19738,0.17093,0.35009,0.050816,0.20263,0.06415,-0.16184,-0.01761,-0.14533,0.0052548,0.023779,-0.10925,-0.12887,-0.28934,-0.28758,-0.12846,0.020803,-0.45916,-0.34315,-0.25076,-0.18946,0.04257,0.096064,-0.12729,-0.14375,-0.22023,-0.30564,-0.38971,-0.44595,-0.37879,-0.35165,0.37872,0.097536,-0.14558,-0.26039,-0.47241,-0.16062,0.064961,-0.24194,0.24579,0.32129,0.30265,0.29736,0.11479,0.076251,0.16081,0.29347,0.63753,0.5092,0.728,0.43005,0.12385,-0.0066485,0.26119,0.089138,-0.12555,0.0087885,-0.099831,-0.14212
-0.22423,-0.17865,-0.44157,-0.38308,-0.061385,0.024025,-0.33339,-0.21699,0.087594,0.083812,-0.026804,0.4934,0.31333,0.36395,0.027448,0.24472,0.65315,1,-0.28063,-0.21732,0.066124,0.1807,-0.482,-0.50765,-0.30952,-0.035177,-0.27883,-0.1927,0.6878,0.76156,-0.020771,0.21422,-0.065263,0.13307,-0.073645,0.27193,0.23369,0.11766,0.11845,0.070629,-0.007941,0.22447,-0.0022234,-0.034356,-0.23954,-0.29856,0.14103,0.1572,-0.47178,-0.33768,-0.28585,-0.17048,0.14642,0.22321,-0.008329,0.053686,-0.14924,-0.13278,-0.25578,-0.31163,-0.34301,-0.1681,0.16113,0.25021,-0.37069,-0.1647,-0.34305,-0.073107,0.1776,-0.23172,0.046063,0.31191,0.37079,0.44351,0.0023649,0.12608,0.00025494,0.20465,0.57427,0.73771,0.52789,0.68102,-0.071786,0.15402,-0.086112,0.3211,-0.29238,0.001289,-0.23652,-0.066902
0.81507,0.76986,0.66708,0.76986,-0.22895,-0.16704,0.69679,0.55891,-0.23365,-0.14434,0.085146,-0.059314,-0.040256,-0.08039,-0.1178,-0.16054,-0.31383,-0.28063,1,0.79238,-0.069213,-0.28385,0.51195,0.53067,-0.069184,-0.25766,0.079991,-0.055808,-0.30183,-0.33911,-0.10476,-0.27408,-0.12138,-0.4954,-0.40405,-0.27865,-0.21145,0.025657,-0.12763,-0.089182,0.16885,-0.33574,-0.027231,-0.1746,0.08821,-0.18114,-0.16798,-0.36019,0.3144,0.0064784,-0.025634,0.062132,-0.36584,-0.25591,-0.046842,-0.28141,0.70846,0.69053,0.74298,0.60256,0.62322,0.67866,-0.18898,0.072638,0.26814,0.36305,0.51679,-0.01727,0.45967,0.5324,-0.25244,-0.26983,-0.12012,-0.24187,-0.088062,-0.19049,-0.04286,-0.30735,-0.14164,-0.24624,-0.39581,-0.31515,0.04763,-0.19931,0.0079553,-0.4155,0.053511,0.014176,-0.022085,-0.15092
0.75435,0.75928,0.65601,0.73025,-0.12922,-0.1723,0.71698,0.65142,-0.20957,-0.080195,0.083679,0.079963,-0.064761,0.020706,-0.076772,-0.075439,-0.18312,-0.21732,0.79238,1,0.061131,-0.22286,0.54397,0.56071,-0.043065,-0.16097,0.15093,-0.032675,-0.1632,-0.24533,0.0050101,-0.11514,0.044342,-0.14201,-0.40165,-0.26786,-0.19137,0.083785,-0.065273,-0.061839,0.26618,-0.31441,-0.29482,-0.33177,-0.00091532,-0.084666,-0.2831,-0.46216,0.19201,0.0018886,-0.22322,-0.047747,-0.52368,-0.45057,-0.0012574,-0.34027,0.70672,0.6748,0.66752,0.58556,0.56706,0.65791,-0.034764,0.21315,0.26219,0.42848,0.43698,0.092326,0.42033,0.55471,-0.21282,-0.29964,-0.041413,-0.18059,0.11553,-0.23554,-0.2117,-0.39294,-0.01292,-0.23799,-0.2833,-0.18909,0.063009,-0.16801,0.073791,-0.44642,0.085451,0.15652,0.16264,-0.12704
-0.055855,0.14908,-0.15789,0.01395,0.33034,0.48225,-0.1187,-0.041786,0.45645,0.34927,-0.18485,-0.080725,0.0066241,-0.16805,0.49876,0.38397,0.028646,0.066124,-0.069213,0.061131,1,0.8249,-0.13842,-0.1053,-0.021785,0.2779,0.63984,0.64513,0.15787,0.081071,-0.06133,0.1967,-0.030583,0.1154,-0.064857,-0.07544,0.17827,0.2625,0.48003,0.47654,0.23214,0.19754,-0.34118,-0.17714,-0.016291,0.049268,0.0013916,0.036802,-0.11587,0.13508,-0.40095,-0.13082,-0.13852,-0.2122,0.38686,0.27566,0.16505,0.22235,0.15238,0.269,0.14929,0.17388,0.19378,0.3183,-0.032821,0.22253,0.12596,0.20235,-0.062545,0.1406,0.52947,0.47119,0.30099,0.4251,0.39729,0.2119,-0.42883,-0.25604,0.017412,0.041765,-0.056129,0.10437,0.14769,0.36763,-0.0030584,-0.033651,-0.047235,0.22257,0.45417,0.36843
-0.28491,-0.13951,-0.33764,-0.20051,0.49856,0.64451,-0.26536,-0.18354,0.60289,0.48036,-0.1617,-0.076462,0.12546,-0.063366,0.56548,0.49208,0.14157,0.1807,-0.28385,-0.22286,0.8249,1,-0.29462,-0.21202,0.049083,0.38794,0.53264,0.66427,0.27891,0.23456,-0.078075,0.24258,-0.082891,0.13242,0.01637,0.02762,0.17568,0.14863,0.45639,0.44758,-0.019832,0.36207,-0.24611,-0.047499,-0.12005,-0.025862,0.0068948,0.23345,-0.27796,0.020629,-0.34693,-0.22037,0.065105,-0.086796,0.2903,0.35894,-0.04758,-0.02273,-0.056669,0.055979,-0.044815,-0.041308,0.1946,0.20643,-0.15388,0.070514,-0.022075,0.21359,-0.11584,-0.031354,0.54318,0.63551,0.2343,0.47067,0.28644,0.36951,-0.2804,0.026666,0.031082,0.13871,0.15276,0.10929,0.14764,0.45438,-0.034915,0.15415,-0.092004,0.16743,0.39526,0.49011
0.53202,0.43571,0.79724,0.69288,-0.080982,-0.30923,0.73227,0.56087,-0.27259,-0.1569,0.34699,0.11896,-0.15603,-0.024882,-0.037561,-0.12402,-0.32409,-0.482,0.51195,0.54397,-0.13842,-0.29462,1,0.91864,0.37494,0.029078,0.10718,-0.1246,-0.31118,-0.50907,0.40212,-0.033656,0.23847,-0.1081,-0.034513,-0.32085,-0.22802,-0.18605,-0.17418,-0.23391,0.23768,-0.13068,-0.044693,-0.012574,0.2383,0.12819,-0.30556,-0.37387,0.34876,0.17282,0.18772,0.080344,-0.34483,-0.37111,-0.18241,-0.28666,0.38595,0.32581,0.29429,0.35018,0.3396,0.23859,-0.18655,-0.21517,0.34778,0.073816,0.2894,-0.17963,-0.0047938,0.2838,-0.068872,-0.40772,-0.16242,-0.4031,0.019599,-0.26867,0.15535,-0.18916,-0.28962,-0.5044,-0.43753,-0.50466,0.2554,-0.19936,0.32464,-0.33185,0.46024,0.20135,0.23425,0.021642
0.4977,0.44599,0.74094,0.75374,-0.091389,-0.19201,0.73516,0.64818,-0.26095,-0.097922,0.21416,0.10773,-0.1936,-0.05318,-0.033375,-0.063153,-0.39763,-0.50765,0.53067,0.56071,-0.1053,-0.21202,0.91864,1,0.35619,0.17223,0.1561,0.00080871,-0.33804,-0.48515,0.33066,0.08751,0.11487,-0.11497,-0.13948,-0.28128,-0.19759,-0.098968,-0.10116,-0.14465,0.16199,-0.10909,-0.06698,-0.0079416,0.13751,0.10402,-0.26678,-0.30945,0.27338,0.16491,0.091026,0.04495,-0.31116,-0.3372,-0.11947,-0.20151,0.4018,0.34887,0.34572,0.42522,0.34411,0.33057,-0.18094,-0.12062,0.25277,0.17879,0.29879,-0.037747,0.0060184,0.36434,-0.094011,-0.32488,-0.19212,-0.36237,-0.014926,-0.19313,0.074355,-0.18424,-0.2914,-0.46333,-0.39173,-0.43486,0.14491,-0.15894,0.25456,-0.22294,0.34474,0.14414,0.2256,0.092084
-0.12266,-0.2898,0.16777,0.032375,0.57235,0.24715,0.054748,0.015817,0.32275,0.30578,0.19361,-0.1157,-0.069927,0.051127,0.29146,0.23605,-0.18912,-0.30952,-0.069184,-0.043065,-0.021785,0.049083,0.37494,0.35619,1,0.66941,0.38738,0.29646,-0.082902,-0.18034,0.40305,0.080597,-0.061288,-0.0058008,0.23608,0.12054,-0.04341,-0.13089,-0.01004,-0.07813,-0.033361,0.033086,0.19151,0.36981,-0.01631,-0.032871,0.075214,0.1753,-0.11319,-0.18595,0.29065,-0.15347,0.05527,-0.054724,-0.013801,-0.01559,-0.23352,-0.25979,-0.2025,-0.23289,-0.23946,-0.3316,-0.36123,-0.5319,-0.042316,-0.29216,-0.13838,-0.12065,-0.15502,-0.10104,0.17198,0.050101,0.09353,-0.0086128,0.30298,0.35251,0.41612,0.31591,-0.14405,-0.22383,0.13069,-0.26116,0.42056,0.20084,0.41805,0.20029,0.50533,0.35466,0.32941,0.22218
-0.3606,-0.34082,-0.22542,-0.068131,0.41932,0.51611,-0.18039,0.038238,0.3572,0.4671,-0.078337,0.010354,-0.086309,0.049962,0.30107,0.53427,-0.06959,-0.035177,-0.25766,-0.16097,0.2779,0.38794,0.029078,0.17223,0.66941,1,0.41741,0.52393,0.12793,0.17434,0.27115,0.4731,-0.15418,0.17134,0.17973,0.29532,0.2718,0.27549,0.37306,0.29552,-0.07872,0.28242,0.091173,0.2258,-0.1215,-0.060089,0.30107,0.34545,-0.37788,-0.16759,-0.10737,-0.23856,0.10393,0.066794,0.27564,0.31383,-0.31106,-0.271,-0.29606,-0.22004,-0.37391,-0.28647,-0.16997,-0.15078,-0.31192,-0.15358,-0.2005,0.14163,-0.18197,-0.085659,0.3051,0.41275,0.25826,0.34093,0.37369,0.51809,0.084892,0.16825,0.090252,0.093587,0.26275,0.14795,0.027107,0.30079,0.20955,0.42131,0.054255,0.19616,0.24725,0.3171
0.032673,0.18142,0.075782,0.17556,0.57362,0.67051,0.024809,0.058,0.55077,0.47203,-0.087077,-0.28094,-0.057279,-0.21471,0.55975,0.41455,-0.29162,-0.27883,0.079991,0.15093,0.63984,0.53264,0.10718,0.1561,0.38738,0.41741,1,0.8606,-0.13272,-0.2167,0.014395,0.13342,-0.040613,0.052312,-0.039704,0.0029455,0.055869,0.30056,0.38396,0.39751,0.12098,-0.013188,-0.22751,-0.12849,0.070303,0.12286,0.063024,-0.0086666,0.03026,0.16075,-0.1785,-0.11051,-0.24404,-0.33831,0.35011,0.20649,0.22495,0.30394,0.26828,0.35304,0.23815,0.20814,-0.0037338,0.12526,0.097311,0.26097,0.27569,0.24632,-0.11933,0.25519,0.50828,0.26417,0.22079,0.30144,0.52196,0.30891,-0.23181,-0.27357,-0.19599,-0.24239,-0.1745,-0.10076,0.14907,0.36508,0.050777,-0.095261,0.10551,0.25603,0.47013,0.34758
-0.10903,-0.022273,-0.15055,-0.0012547,0.54802,0.85642,-0.09474,-0.064337,0.66121,0.61329,-0.11429,-0.31843,0.016196,-0.19513,0.63414,0.55898,-0.19529,-0.1927,-0.055808,-0.032675,0.64513,0.66427,-0.1246,0.00080871,0.29646,0.52393,0.8606,1,-0.03692,-0.073432,-0.094535,0.21868,-0.18735,0.044531,-0.086258,0.034218,0.19499,0.33067,0.47742,0.49889,-0.0066459,0.046248,-0.1955,-0.17061,-0.082856,-0.018505,0.11633,0.10243,-0.085954,0.11537,-0.22604,-0.14712,-0.022173,-0.163,0.41639,0.37347,0.088935,0.12678,0.14671,0.21509,0.15446,0.11929,0.10889,0.18684,0.041994,0.25098,0.12434,0.23496,-0.14077,0.16449,0.46298,0.45357,0.17933,0.38218,0.42616,0.42886,-0.23742,-0.19034,-0.095385,-0.090904,0.016051,-0.0061967,0.049649,0.42721,0.020888,0.056059,-0.05732,0.070672,0.38007,0.41282
-0.15438,-0.25635,-0.31417,-0.3391,0.18611,0.1777,-0.11633,-0.12052,0.31425,0.26176,0.19927,0.34962,0.50384,0.42437,0.34804,0.36818,0.69616,0.6878,-0.30183,-0.1632,0.15787,0.27891,-0.31118,-0.33804,-0.082902,0.12793,-0.13272,-0.03692,1,0.80502,0.18077,0.3372,-0.06113,0.18814,-0.092582,0.13743,0.32786,0.051721,0.19937,0.002411,0.13213,0.33604,-0.11445,-0.14121,-0.23497,-0.25984,0.12963,0.071898,-0.41678,-0.39289,-0.23844,-0.30798,0.10863,0.055716,0.069538,0.010795,-0.1467,-0.22001,-0.28341,-0.34973,-0.32929,-0.31687,0.19026,0.063138,-0.3042,-0.2522,-0.46498,-0.18989,0.055306,-0.34092,0.28018,0.45415,0.60741,0.5545,0.28984,0.29407,0.056723,0.19435,0.60822,0.55922,0.62849,0.45884,0.09419,0.06628,0.20788,0.25665,-0.13131,0.056629,-0.020561,-0.036175
-0.35274,-0.25255,-0.44886,-0.35759,0.078083,0.17324,-0.293,-0.083383,0.14072,0.25298,-0.14069,0.35497,0.24879,0.43972,0.073814,0.42411,0.52968,0.76156,-0.33911,-0.24533,0.081071,0.23456,-0.50907,-0.48515,-0.18034,0.17434,-0.2167,-0.073432,0.80502,1,-0.0054651,0.28217,-0.1584,0.13512,-0.17499,0.20986,0.38693,0.25866,0.24004,0.15977,0.035854,0.36678,0.0067294,-0.05283,-0.29103,-0.24097,0.33539,0.2683,-0.46499,-0.35254,-0.26528,-0.19353,0.30352,0.28391,0.16059,0.21679,-0.25113,-0.21844,-0.31964,-0.32503,-0.40637,-0.24499,0.07434,0.2148,-0.42248,-0.11776,-0.46707,-0.066007,0.064285,-0.33222,0.086198,0.36989,0.51111,0.57169,0.158,0.35562,0.0066212,0.23108,0.52508,0.68485,0.59118,0.69666,-0.095386,0.20946,-0.0069846,0.48383,-0.25409,0.072258,-0.11157,0.08797
0.013814,-0.043423,0.19501,0.088653,0.013788,-0.12357,0.11749,0.043852,0.043562,-0.13885,0.13158,0.12602,0.050062,-0.0078179,0.11265,-0.11861,0.12711,-0.020771,-0.10476,0.0050101,-0.06133,-0.078075,0.40212,0.33066,0.40305,0.27115,0.014395,-0.094535,0.18077,-0.0054651,1,0.63786,0.3488,0.27872,0.14035,-0.0281,-0.18247,-0.36744,-0.25654,-0.33905,0.052965,-0.014032,-0.14112,0.0052096,0.079527,0.086853,-0.15436,-0.30586,-0.010337,-0.12495,0.090274,-0.1382,-0.27709,-0.26884,-0.38762,-0.4013,-0.030401,-0.06982,-0.16873,-0.23529,-0.11813,-0.22405,-0.023752,-0.21357,0.062911,-0.28851,-0.13982,-0.24197,0.040499,-0.16872,0.27379,0.034062,0.21135,-0.06017,-0.015258,-0.19304,0.092269,0.03713,0.070394,-0.018452,-0.016159,-0.17818,0.14675,-0.15834,0.095639,-0.12204,0.11248,0.10783,-0.17859,-0.31247
-0.18401,-0.10123,-0.21247,-0.042115,-0.05002,0.19898,-0.10667,0.0075752,0.14944,0.047371,-0.18481,0.13449,0.067594,-0.047803,0.15473,0.18369,0.19738,0.21422,-0.27408,-0.11514,0.1967,0.24258,-0.033656,0.08751,0.080597,0.4731,0.13342,0.21868,0.3372,0.28217,0.63786,1,0.15439,0.43913,0.064064,0.18044,0.13785,0.11152,0.18386,0.09426,-0.037425,0.10579,-0.26484,-0.12315,-0.11974,-0.040642,0.065516,-0.096704,-0.3164,-0.186,-0.27307,-0.32477,-0.20807,-0.17515,0.013108,-0.00078748,-0.10769,-0.10949,-0.20925,-0.21852,-0.2292,-0.19929,0.22473,0.11279,-0.15946,-0.1533,-0.24412,0.0056558,0.029277,-0.16761,0.36379,0.40915,0.36345,0.35828,0.13116,0.026395,-0.22083,-0.063253,0.3467,0.33882,0.1845,0.20866,-0.25171,-0.011609,-0.030041,0.095053,-0.25124,-0.031023,-0.14059,-0.14579
-0.13253,0.055623,0.023168,-0.029553,-0.14385,-0.30743,-0.023611,0.041903,-0.27164,-0.27156,0.051513,0.22145,-0.19554,0.029549,-0.26808,-0.25748,0.17093,-0.065263,-0.12138,0.044342,-0.030583,-0.082891,0.23847,0.11487,-0.061288,-0.15418,-0.040613,-0.18735,-0.06113,-0.1584,0.3488,0.15439,1,0.70062,0.20263,-0.088483,-0.29261,-0.27088,-0.14762,-0.14549,0.018119,-0.0040826,-0.37496,-0.22686,0.14436,0.2822,-0.40845,-0.33454,0.081835,0.22614,-0.19928,-0.012279,-0.3776,-0.29197,-0.32132,-0.24729,-0.099816,-0.051978,-0.21437,-0.064304,-0.019583,-0.084986,0.28329,0.14106,0.15659,-0.051906,0.13536,0.087019,-0.12668,0.022274,0.27398,-0.23423,-0.031815,-0.15881,0.022765,-0.26168,0.043537,-0.012248,-0.08313,-0.16259,-0.072035,-0.044515,0.11748,0.066158,-0.070283,-0.21741,0.18543,0.10045,-0.0013213,-0.016331
-0.47501,-0.26973,-0.35926,-0.31571,0.029091,-0.020187,-0.26562,-0.015332,-0.061911,0.023089,-0.044571,0.30423,-0.049441,0.24887,-0.093491,0.074472,0.35009,0.13307,-0.4954,-0.14201,0.1154,0.13242,-0.1081,-0.11497,-0.0058008,0.17134,0.052312,0.044531,0.18814,0.13512,0.27872,0.43913,0.70062,1,0.23782,0.19308,-0.1,-0.054868,0.059109,-0.01388,-0.072331,0.03266,-0.43261,-0.19567,-0.063441,0.22425,-0.23809,-0.11999,-0.26085,0.068245,-0.33666,-0.14363,-0.22273,-0.1987,-0.092394,-0.07001,-0.40398,-0.33915,-0.50498,-0.29945,-0.36427,-0.29469,0.44119,0.2535,-0.054302,-0.046696,-0.24554,0.25252,-0.28924,-0.10105,0.37769,0.08472,0.15175,0.14496,0.26806,0.027885,-0.13136,0.055178,0.14205,0.10061,0.31436,0.31701,-0.0354,0.14471,0.015131,0.10306,0.0076587,0.11712,0.11131,0.10984
-0.31754,-0.48569,-0.26426,-0.36551,-0.010214,-0.12374,-0.32701,-0.37546,-0.038174,-0.099585,0.13585,-0.048856,-0.026878,-0.13155,-0.024562,-0.12971,0.050816,-0.073645,-0.40405,-0.40165,-0.064857,0.01637,-0.034513,-0.13948,0.23608,0.17973,-0.039704,-0.086258,-0.092582,-0.17499,0.14035,0.064064,0.20263,0.23782,1,0.50798,-0.026362,-0.1319,-0.064385,-0.1521,-0.058212,0.094932,0.26213,0.42777,0.3105,0.21953,0.14757,0.23585,-0.015219,0.011523,0.34618,-0.02917,-0.04438,-0.0051647,-0.1166,-0.047512,-0.49391,-0.50575,-0.4825,-0.50555,-0.38075,-0.57685,0.051876,-0.43755,0.006059,-0.48743,-0.13541,-0.10436,-0.20733,-0.42686,0.10458,0.10664,-0.0098621,-0.016826,0.092644,0.047951,0.27288,0.26659,0.038397,-0.055776,-0.014464,-0.13368,-0.10936,-0.11088,0.17248,0.10247,0.1454,0.1677,-0.030562,-0.040205
-0.29102,-0.343,-0.29932,-0.2991,0.04135,0.12804,-0.26831,-0.16592,0.11024,0.062617,0.00031511,0.095488,0.15863,0.14176,-0.0086829,0.13825,0.20263,0.27193,-0.27865,-0.26786,-0.07544,0.02762,-0.32085,-0.28128,0.12054,0.29532,0.0029455,0.034218,0.13743,0.20986,-0.0281,0.18044,-0.088483,0.19308,0.50798,1,0.1742,0.16377,0.1448,0.073935,-0.10908,0.042734,0.12166,0.21241,0.0095167,0.0087485,0.29648,0.2196,-0.25106,-0.17168,0.089938,-0.099667,0.019655,0.065575,0.11995,0.12868,-0.31122,-0.27164,-0.26702,-0.34383,-0.31291,-0.3031,0.044402,-0.039591,-0.11229,-0.085556,-0.21479,0.10515,0.059163,-0.26479,-0.0078679,0.1944,0.18094,0.27634,0.16151,0.16862,0.099626,0.23059,0.33387,0.37771,0.31128,0.33211,-0.27537,0.034636,0.048033,0.32642,-0.12399,0.14587,-0.07606,-0.047106
-0.18084,-0.21225,-0.33246,-0.2252,-0.027438,0.29658,-0.19791,-0.19552,0.19393,0.21662,-0.020268,-0.029342,0.11077,-0.091832,0.19484,0.4783,0.06415,0.23369,-0.21145,-0.19137,0.17827,0.17568,-0.22802,-0.19759,-0.04341,0.2718,0.055869,0.19499,0.32786,0.38693,-0.18247,0.13785,-0.29261,-0.1,-0.026362,0.1742,1,0.66205,0.79915,0.60936,0.22719,0.37028,0.10993,-0.03992,-0.14813,-0.24133,0.50764,0.3487,-0.30009,-0.15162,-0.16466,-0.20248,0.43854,0.38708,0.75619,0.7009,-0.12432,-0.10133,-0.16328,-0.099417,-0.17532,-0.19591,-0.081697,-0.012816,-0.22099,-0.1127,-0.25681,-0.12234,-0.20553,-0.19108,0.05924,0.30633,0.48352,0.53723,0.3069,0.31516,-0.029548,-0.15309,0.4468,0.40157,0.18383,0.26798,-0.19996,0.17706,0.22747,0.35896,-0.047335,-0.083042,0.25832,0.20014
-0.086789,0.082343,-0.23439,0.037958,-0.052647,0.32903,-0.13491,0.044649,0.071265,0.23677,-0.22985,-0.022044,-0.092502,-0.12605,0.051374,0.48447,-0.16184,0.11766,0.025657,0.083785,0.2625,0.14863,-0.18605,-0.098968,-0.13089,0.27549,0.30056,0.33067,0.051721,0.25866,-0.36744,0.11152,-0.27088,-0.054868,-0.1319,0.16377,0.66205,1,0.72418,0.76786,0.20166,0.20047,0.04882,-0.09497,-0.026566,-0.038198,0.57205,0.29534,-0.19785,0.026493,-0.34289,-0.096084,0.11007,0.18965,0.77445,0.65304,0.053922,0.15432,0.058042,0.19483,-0.04888,0.085288,-0.084147,0.20117,-0.28102,0.14012,0.066726,0.2395,-0.053637,0.15736,0.091602,0.17294,0.37574,0.57054,0.49216,0.3366,-0.21426,-0.34679,0.23772,0.19249,-0.029635,0.39071,-0.33171,0.30974,0.058214,0.28747,-0.15361,0.051276,0.25188,0.28288
-0.15999,-0.052106,-0.26706,-0.074996,0.18922,0.49576,-0.142,-0.050968,0.31742,0.33974,-0.1082,-0.05904,0.036926,-0.12239,0.27148,0.55014,-0.01761,0.11845,-0.12763,-0.065273,0.48003,0.45639,-0.17418,-0.10116,-0.01004,0.37306,0.38396,0.47742,0.19937,0.24004,-0.25654,0.18386,-0.14762,0.059109,-0.064385,0.1448,0.79915,0.72418,1,0.83879,0.14567,0.38645,-0.11901,-0.1454,-0.13523,-0.14812,0.33991,0.27957,-0.29572,-0.024907,-0.37703,-0.25879,0.17229,0.13613,0.85167,0.76827,0.0033213,0.051315,-0.019846,0.12816,-0.040553,-0.033788,0.019207,0.13942,-0.17507,0.080961,-0.057407,0.10594,-0.24211,0.01348,0.25267,0.35746,0.429,0.59459,0.47574,0.39331,-0.20238,-0.25398,0.28969,0.25978,0.11222,0.2177,-0.10294,0.45518,0.13911,0.24248,0.066841,0.10656,0.5418,0.44783
-0.18177,-0.00068409,-0.28336,-0.052053,0.14132,0.47378,-0.23037,-0.10939,0.25779,0.26706,-0.25927,-0.12442,-0.10593,-0.23313,0.15276,0.45437,-0.14533,0.070629,-0.089182,-0.061839,0.47654,0.44758,-0.23391,-0.14465,-0.07813,0.29552,0.39751,0.49889,0.002411,0.15977,-0.33905,0.09426,-0.14549,-0.01388,-0.1521,0.073935,0.60936,0.76786,0.83879,1,0.015307,0.40378,-0.059679,-0.10402,-0.08639,-0.073668,0.35772,0.31908,-0.20482,0.065798,-0.35988,-0.14033,0.16595,0.17335,0.75423,0.76761,0.04438,0.11613,0.044231,0.1886,0.017498,0.063105,-0.029846,0.20481,-0.22501,0.13552,0.10548,0.21227,-0.1286,0.12525,0.18921,0.28297,0.23067,0.50148,0.3362,0.31818,-0.20735,-0.22435,0.12068,0.17869,-0.012555,0.2471,-0.059119,0.63799,-0.027582,0.24626,0.011457,0.084253,0.38801,0.44901
0.20855,0.33368,0.25392,0.22658,-0.053817,-0.16377,0.20711,0.15997,-0.096725,-0.18034,-0.0010738,0.09746,-0.10332,-0.024669,0.086416,0.050229,0.0052548,-0.007941,0.16885,0.26618,0.23214,-0.019832,0.23768,0.16199,-0.033361,-0.07872,0.12098,-0.0066459,0.13213,0.035854,0.052965,-0.037425,0.018119,-0.072331,-0.058212,-0.10908,0.22719,0.20166,0.14567,0.015307,1,0.035676,-0.14403,-0.12544,0.13973,0.15134,0.072647,-0.14733,0.1802,0.15078,-0.08492,0.11642,-0.11571,-0.14711,0.24324,0.064993,0.26473,0.30202,0.19434,0.29119,0.18796,0.1517,-0.012535,0.10447,0.054568,0.11983,0.10212,-0.076662,0.0060423,0.065245,0.029263,-0.20485,0.24826,0.067023,0.2202,-0.17272,-0.15003,-0.25892,0.03502,-0.084568,-0.16322,1.2878e-005,0.15705,-0.11974,0.20572,-0.11845,0.22207,0.21288,0.31842,0.078295
-0.32074,-0.24817,-0.24114,-0.16582,0.093369,0.13955,-0.27133,-0.13912,0.085604,0.12924,-0.12631,0.032477,-0.073002,-0.041873,0.099928,0.25485,0.023779,0.22447,-0.33574,-0.31441,0.19754,0.36207,-0.13068,-0.10909,0.033086,0.28242,-0.013188,0.046248,0.33604,0.36678,-0.014032,0.10579,-0.0040826,0.03266,0.094932,0.042734,0.37028,0.20047,0.38645,0.40378,0.035676,1,0.12226,0.18496,0.0043157,-0.0017819,0.22182,0.34098,-0.20887,-0.066435,-0.10206,-0.095297,0.24205,0.22188,0.1744,0.39636,-0.2025,-0.18169,-0.26628,-0.12477,-0.25065,-0.21777,-0.13457,-0.057223,-0.36603,-0.1982,-0.10387,-0.029199,-0.2357,-0.20424,0.18961,0.2409,0.27147,0.31817,0.08471,0.27096,0.081974,0.17469,0.10605,0.18886,0.10078,0.20933,0.095039,0.39521,-0.0030484,0.3864,0.08574,0.14224,0.14005,0.30903
-0.17318,-0.35605,-0.16719,-0.20822,-0.08863,-0.090751,-0.23907,-0.26153,-0.10407,0.0035352,0.079291,-0.10965,0.0064779,-0.017524,-0.14602,-0.014971,-0.10925,-0.0022234,-0.027231,-0.29482,-0.34118,-0.24611,-0.044693,-0.06698,0.19151,0.091173,-0.22751,-0.1955,-0.11445,0.0067294,-0.14112,-0.26484,-0.37496,-0.43261,0.26213,0.12166,0.10993,0.04882,-0.11901,-0.059679,-0.14403,0.12226,1,0.75248,0.36296,0.028608,0.58902,0.60976,0.091706,-0.017846,0.54922,0.31634,0.47329,0.60688,0.013283,0.15791,-0.3623,-0.3401,-0.28079,-0.3146,-0.39412,-0.32245,-0.48573,-0.48274,-0.33849,-0.38677,-0.10707,-0.086978,-0.10273,-0.13846,-0.23925,0.042655,-0.12153,-0.087636,-0.16509,0.13699,0.40821,0.26533,-0.029143,0.072896,0.056618,0.083653,-0.0066335,-0.072461,0.20078,0.35317,-0.00036243,-0.13711,-0.25859,-0.053433
-0.32329,-0.39959,-0.17359,-0.16986,0.019641,-0.18626,-0.33613,-0.22992,-0.10509,-0.11183,-0.10761,-0.10062,-0.18405,-0.10551,-0.16696,-0.14532,-0.12887,-0.034356,-0.1746,-0.33177,-0.17714,-0.047499,-0.012574,-0.0079416,0.36981,0.2258,-0.12849,-0.17061,-0.14121,-0.05283,0.0052096,-0.12315,-0.22686,-0.19567,0.42777,0.21241,-0.03992,-0.09497,-0.1454,-0.10402,-0.12544,0.18496,0.75248,1,0.28767,0.1224,0.44753,0.70452,-0.081031,-0.073617,0.4568,0.13708,0.37609,0.44241,-0.089064,0.12028,-0.48671,-0.44287,-0.37431,-0.376,-0.5429,-0.41831,-0.52522,-0.57201,-0.46558,-0.51987,-0.11334,0.052833,-0.085991,-0.20117,-0.12205,0.11561,-0.06327,-0.037222,-0.095689,0.22238,0.42879,0.50717,-0.079925,0.067012,0.059558,-0.017955,0.12602,0.002045,0.19064,0.4983,0.15928,0.12387,-0.056955,0.16713
0.018381,0.16446,0.1867,0.13307,-0.10953,-0.17341,0.0063869,-0.029279,-0.098331,-0.21303,-0.038226,-0.16103,-0.18343,-0.30038,-0.028895,-0.22111,-0.28934,-0.23954,0.08821,-0.00091532,-0.016291,-0.12005,0.2383,0.13751,-0.01631,-0.1215,0.070303,-0.082856,-0.23497,-0.29103,0.079527,-0.11974,0.14436,-0.063441,0.3105,0.0095167,-0.14813,-0.026566,-0.13523,-0.08639,0.13973,0.0043157,0.36296,0.28767,1,0.68768,0.18707,-0.037609,0.72128,0.64044,0.44318,0.58096,-0.22347,-0.11148,-0.058289,-0.10429,0.057241,0.15571,0.11076,0.20429,0.12982,0.060126,-0.058618,-0.026081,0.063238,0.042653,0.42039,0.19567,-0.14997,0.046129,0.074557,-0.13786,-0.17318,-0.20071,-0.032458,-0.30842,-0.039938,-0.20198,-0.31059,-0.30398,-0.44618,-0.12885,-0.089869,-0.19571,-0.060776,-0.1946,-0.020808,0.035097,-0.094428,-0.14715
-0.24322,0.10528,0.11689,0.065977,0.026998,-0.14317,-0.080289,0.060868,-0.13019,-0.19925,-0.23943,-0.10677,-0.36813,-0.1868,-0.10994,-0.25832,-0.28758,-0.29856,-0.18114,-0.084666,0.049268,-0.025862,0.12819,0.10402,-0.032871,-0.060089,0.12286,-0.018505,-0.25984,-0.24097,0.086853,-0.040642,0.2822,0.22425,0.21953,0.0087485,-0.24133,-0.038198,-0.14812,-0.073668,0.15134,-0.0017819,0.028608,0.1224,0.68768,1,0.079327,-0.078199,0.61601,0.74953,0.21849,0.5604,-0.24222,-0.26874,-0.09082,-0.06432,-0.01374,0.12026,0.021611,0.27063,0.1223,0.083343,0.11565,0.22202,0.093331,0.26183,0.37927,0.43364,-0.26267,0.021874,0.10528,-0.33791,-0.25037,-0.27293,-0.0096861,-0.31348,-0.15336,-0.15899,-0.45775,-0.42793,-0.38405,-0.058663,-0.085259,-0.14214,-0.21402,-0.10881,-0.033193,0.014636,0.022207,0.0084089
-0.29358,-0.28297,-0.34629,-0.2242,-0.026589,0.19789,-0.36914,-0.24703,0.068309,0.10491,-0.22399,-0.13464,-0.040716,-0.10373,-0.0093393,0.22745,-0.12846,0.14103,-0.16798,-0.2831,0.0013916,0.0068948,-0.30556,-0.26678,0.075214,0.30107,0.063024,0.11633,0.12963,0.33539,-0.15436,0.065516,-0.40845,-0.23809,0.14757,0.29648,0.50764,0.57205,0.33991,0.35772,0.072647,0.22182,0.58902,0.44753,0.18707,0.079327,1,0.66759,-0.12068,-0.091508,0.15788,0.048346,0.42731,0.49113,0.50098,0.52355,-0.28791,-0.19213,-0.18736,-0.20409,-0.3353,-0.26881,-0.3483,-0.20236,-0.43551,-0.22858,-0.086832,0.059777,-0.028401,-0.17338,-0.019662,0.23863,0.32291,0.4124,0.22276,0.32308,0.093774,0.013397,0.17001,0.28004,0.078511,0.34294,-0.23941,0.12444,0.092146,0.49318,-0.17143,-0.067017,-0.1247,0.073153
-0.52804,-0.54023,-0.5248,-0.40423,0.13272,0.1706,-0.53118,-0.31903,0.067987,0.15446,-0.16449,-0.030486,-0.046136,0.023412,-0.079144,0.20133,0.020803,0.1572,-0.36019,-0.46216,0.036802,0.23345,-0.37387,-0.30945,0.1753,0.34545,-0.0086666,0.10243,0.071898,0.2683,-0.30586,-0.096704,-0.33454,-0.11999,0.23585,0.2196,0.3487,0.29534,0.27957,0.31908,-0.14733,0.34098,0.60976,0.70452,-0.037609,-0.078199,0.66759,1,-0.39363,-0.15152,0.065538,-0.023783,0.61563,0.67939,0.32334,0.57163,-0.55622,-0.49008,-0.44718,-0.37731,-0.60263,-0.44659,-0.39821,-0.33728,-0.63366,-0.41676,-0.23368,0.18367,-0.18067,-0.18031,-0.01796,0.37229,0.068867,0.30263,0.076146,0.53263,0.28508,0.42201,0.061226,0.27811,0.26737,0.28262,-0.018327,0.29588,0.10078,0.6429,0.0021097,-0.0014381,0.057005,0.42032
0.30621,0.40569,0.5126,0.36605,-0.12716,-0.22502,0.34357,0.17084,-0.1547,-0.25624,0.013111,-0.24053,-0.20521,-0.28566,-0.030936,-0.34367,-0.45916,-0.47178,0.3144,0.19201,-0.11587,-0.27796,0.34876,0.27338,-0.11319,-0.37788,0.03026,-0.085954,-0.41678,-0.46499,-0.010337,-0.3164,0.081835,-0.26085,-0.015219,-0.25106,-0.30009,-0.19785,-0.29572,-0.20482,0.1802,-0.20887,0.091706,-0.081031,0.72128,0.61601,-0.12068,-0.39363,1,0.74849,0.52704,0.70227,-0.22814,-0.26845,-0.14615,-0.21381,0.35943,0.39221,0.4535,0.47997,0.553,0.38249,0.067595,0.13871,0.47967,0.38808,0.47358,-0.0018983,-0.06573,0.11632,-0.18765,-0.48409,-0.38901,-0.50328,-0.22949,-0.49144,-0.09622,-0.31186,-0.49772,-0.50407,-0.57369,-0.36326,-0.014169,-0.27366,-0.15424,-0.45582,0.044557,-0.051033,-0.061997,-0.19124
-0.07091,0.23048,0.17827,0.15614,-0.09002,-0.064943,0.046622,0.097883,-0.1119,-0.10712,-0.11812,-0.10106,-0.34079,-0.25162,-0.021852,-0.13427,-0.34315,-0.33768,0.0064784,0.0018886,0.13508,0.020629,0.17282,0.16491,-0.18595,-0.16759,0.16075,0.11537,-0.39289,-0.35254,-0.12495,-0.186,0.22614,0.068245,0.011523,-0.17168,-0.15162,0.026493,-0.024907,0.065798,0.15078,-0.066435,-0.017846,-0.073617,0.64044,0.74953,-0.091508,-0.15152,0.74849,1,0.16744,0.74976,-0.11891,-0.10838,0.041996,0.10934,0.13864,0.23672,0.19629,0.46978,0.30854,0.28028,0.18868,0.36126,0.20603,0.43717,0.39516,0.30651,-0.32943,0.15644,0.022113,-0.33219,-0.36484,-0.30331,-0.083877,-0.29928,-0.19092,-0.27834,-0.46704,-0.42486,-0.44458,-0.064811,-0.10227,-0.046995,-0.22184,-0.23722,-0.055963,-0.072458,0.097692,0.1565
0.033134,-0.23844,0.21071,-0.066826,0.022809,-0.19694,0.069303,-0.20746,-0.0032947,-0.13428,0.23404,-0.18005,0.058585,-0.10716,0.047401,-0.19194,-0.25076,-0.28585,-0.025634,-0.22322,-0.40095,-0.34693,0.18772,0.091026,0.29065,-0.10737,-0.1785,-0.22604,-0.23844,-0.26528,0.090274,-0.27307,-0.19928,-0.33666,0.34618,0.089938,-0.16466,-0.34289,-0.37703,-0.35988,-0.08492,-0.10206,0.54922,0.4568,0.44318,0.21849,0.15788,0.065538,0.52704,0.16744,1,0.46313,0.28821,0.18149,-0.22877,-0.163,-0.20325,-0.24443,-0.072133,-0.22665,-0.030073,-0.24121,-0.14878,-0.45473,0.30593,-0.21892,-0.096738,-0.37065,-0.10135,-0.33352,-0.30407,-0.24261,-0.26498,-0.38669,-0.2582,-0.20211,0.33001,0.22105,-0.21472,-0.18108,-0.10798,-0.31489,0.15348,-0.23691,0.27524,0.049899,0.19823,0.022429,-0.16842,-0.21873
