1,0.84769,0.8346,0.72614,-0.10295,-0.32231,0.82871,0.75328,0.16796,-0.28693,0.26235,0.438,0.31983,0.28614,0.017979,0.067714,-0.16557,-0.17206,0.15471,0.070273,0.021111,-0.18266,0.27371,0.39042,0.13128,-0.10417,-0.10659,-0.032499,-0.18747,-0.12386,0.30336,0.34549,-0.2302,-0.19308,-0.11961,-0.33804,-0.38679,-0.29904,-0.0027539,-0.10499,-0.14679,-0.40948,0.13891,0.09775,-0.23383,-0.27005,0.23626,0.224,-0.11654,-0.13882,-0.042874,-0.22082,0.14341,0.38637,0.24721,0.38649,0.86821,0.82928,0.69599,0.75696,0.50088,0.56524,0.067111,0.18029,-0.11667,-0.21066,0.42816,0.20397,0.75866,0.68078,0.12666,0.1575,-0.54205,-0.46425,-0.63202,-0.49574,-0.31055,-0.41642,-0.13644,-0.11416,-0.36745,-0.36427,-0.24214,-0.26793,-0.35225,-0.24905,0.2106,0.074833,0.33478,0.32652
0.84769,1,0.7489,0.8162,-0.17142,-0.42011,0.76253,0.86975,0.01288,-0.31762,0.0068327,0.52775,0.14847,0.38532,-0.13797,-0.012792,-0.14385,0.072404,0.17027,0.30377,0.013012,-0.15536,0.049184,0.36865,0.081812,-0.211,-0.18028,-0.08816,-0.10529,0.08358,0.17684,0.28601,-0.23263,-0.13301,-0.34338,-0.38333,-0.29038,-0.16395,0.12771,-0.012838,0.019899,-0.38425,0.022006,0.022681,-0.45053,-0.36203,0.22404,0.18032,-0.37335,-0.28446,-0.33664,-0.36384,0.2033,0.49021,0.40108,0.50329,0.88545,0.92213,0.61725,0.75976,0.39319,0.63881,0.012498,0.35085,-0.27259,-0.23412,0.25411,0.11429,0.83609,0.75571,-0.073987,0.14378,-0.35829,-0.21611,-0.52142,-0.28068,-0.46624,-0.43373,-0.054512,-0.03782,-0.27481,-0.16204,-0.19188,-0.12547,-0.42694,-0.31423,0.28742,0.14158,0.40198,0.39816
0.8346,0.7489,1,0.8282,0.19951,-0.16773,0.83584,0.76609,0.31394,-0.067869,0.0077711,0.34574,0.21986,0.27657,0.098386,0.20757,-0.31851,-0.32221,0.30835,0.16531,0.14475,0.0039854,0.40305,0.36685,0.42754,0.14307,0.16965,0.24001,-0.25849,-0.13535,0.34407,0.41018,-0.21805,-0.3146,-0.069517,-0.33333,-0.21896,-0.15887,0.093488,-0.014256,-0.12301,-0.32662,0.2807,0.14337,-0.17258,-0.29472,0.34898,0.30261,-0.14888,-0.31448,0.017599,-0.24412,0.20159,0.36517,0.28035,0.36264,0.68159,0.68483,0.41955,0.50982,0.19038,0.31125,-0.13726,-0.066402,-0.28638,-0.34085,0.30372,0.022147,0.60359,0.59134,0.16157,0.17475,-0.54735,-0.4956,-0.52152,-0.42709,-0.31116,-0.45719,-0.17884,-0.11162,-0.39719,-0.34599,-0.16449,-0.20205,-0.20449,-0.15148,0.23342,0.099574,0.37539,0.26813
0.72614,0.8162,0.8282,1,-0.079715,-0.43299,0.72941,0.82413,-0.076163,-0.2282,-0.056556,0.36424,0.22288,0.27396,-0.12042,-0.0069779,-0.38468,-0.17894,0.41752,0.40687,0.0086636,-0.069278,0.028294,0.22784,0.18998,-0.1837,-0.059986,0.01298,-0.21799,-0.013202,0.044801,0.16747,-0.24561,-0.34345,-0.11644,-0.24938,-0.13389,0.0063131,0.34167,0.15817,0.108,-0.34354,0.17077,0.087352,-0.27055,-0.2278,0.27974,0.22863,-0.27617,-0.328,-0.066949,-0.18207,0.15188,0.46851,0.41744,0.49281,0.66753,0.67904,0.41102,0.5868,0.09564,0.36795,-0.2867,0.023401,-0.3092,-0.26681,0.20233,0.1007,0.64972,0.59544,-0.01608,0.068592,-0.37325,-0.2749,-0.44059,-0.24822,-0.47594,-0.53538,-0.1866,-0.13805,-0.32873,-0.22709,-0.056448,-0.053752,-0.24308,-0.080373,0.35657,0.23897,0.47512,0.39034
-0.10295,-0.17142,0.19951,-0.079715,1,0.67095,-0.024999,-0.088969,0.77338,0.80155,-0.29795,-0.0058261,-0.057091,0.18256,0.2686,0.59483,-0.18536,-0.37222,0.12535,0.026789,0.1278,0.38577,0.32134,-0.1328,0.80189,0.70624,0.67466,0.65158,-0.30395,-0.17651,0.13348,0.15277,0.0042438,-0.22616,0.079522,-0.061247,0.16445,0.10285,-0.096673,-0.0019203,-0.15634,0.038326,0.19368,0.073907,0.082246,-0.11473,0.13548,0.15833,0.017832,-0.1235,0.13761,-0.057903,0.1545,-0.073046,-0.070791,-0.14148,-0.22982,-0.22354,-0.38884,-0.47493,-0.34432,-0.42256,-0.17735,-0.46023,-0.14277,-0.17868,-0.23286,-0.38099,-0.26534,-0.1276,0.10402,0.084763,-0.22071,-0.20072,0.13636,0.015217,0.030994,0.042334,-0.12932,-0.044122,-0.21394,-0.15575,-0.022565,-0.078292,0.11093,0.029573,-0.18339,-0.16287,-0.10204,-0.13524
-0.32231,-0.42011,-0.16773,-0.43299,0.67095,1,-0.29043,-0.34411,0.4763,0.80384,-0.27436,-0.18196,-0.25566,0.046645,0.15325,0.46799,0.083395,-0.21742,-0.1298,-0.15943,0.19445,0.51591,0.16299,-0.2996,0.30553,0.52537,0.66791,0.67947,-0.17542,-0.12441,0.14971,0.09284,0.16506,0.089465,0.10652,-0.028432,0.23296,0.13787,-0.29698,0.02821,-0.26827,0.25789,-0.041751,-0.11168,0.074993,-0.010681,-0.070746,-0.081865,0.054605,0.033328,0.025151,-0.026583,-0.00048659,-0.30089,-0.25292,-0.3297,-0.3448,-0.38523,-0.37399,-0.5659,-0.19662,-0.41856,0.15027,-0.33216,0.035002,-0.024215,-0.15932,-0.27207,-0.39928,-0.35319,0.11293,-0.047182,-0.023625,-0.0038733,0.30518,0.19267,0.2162,0.23228,0.004333,0.047724,-0.043133,-0.016656,0.072585,-0.015328,0.16361,0.020505,-0.25569,0.0017947,-0.2784,-0.18447
0.82871,0.76253,0.83584,0.72941,-0.024999,-0.29043,1,0.85535,0.25632,-0.31336,0.11503,0.32819,0.29174,0.33684,-0.061601,-0.03762,-0.13145,-0.091133,0.070178,0.076398,0.11189,-0.22109,0.3739,0.5231,0.18224,0.0035536,-0.11065,-0.037885,-0.058665,-0.040591,0.43404,0.4407,-0.13339,-0.02927,-0.10455,-0.27894,-0.38114,-0.28841,-0.024461,-0.19645,-0.17917,-0.37341,0.070011,0.068433,-0.18053,-0.24359,0.15981,0.14563,-0.10707,-0.22238,-0.10326,-0.21661,0.043736,0.29502,0.16567,0.31658,0.77604,0.73932,0.60604,0.67778,0.43607,0.518,0.10741,0.20164,-0.017079,-0.18671,0.39647,0.17319,0.69276,0.58123,0.17323,0.14019,-0.39386,-0.34429,-0.53527,-0.427,-0.262,-0.36233,-0.11685,-0.0038336,-0.27144,-0.25693,-0.25592,-0.28925,-0.45691,-0.30848,0.10448,-0.045583,0.21122,0.23073
0.75328,0.86975,0.76609,0.82413,-0.088969,-0.34411,0.85535,1,0.11536,-0.27102,-0.011159,0.54727,0.18225,0.53359,-0.15009,0.025658,-0.12299,0.039817,0.066515,0.20033,0.12277,-0.18326,0.16913,0.50464,0.097877,-0.14793,-0.13424,-0.03612,-0.04327,0.13438,0.24975,0.35365,-0.25966,-0.094424,-0.27566,-0.32578,-0.33597,-0.21488,0.11669,-0.053373,0.012315,-0.38748,-0.086466,-0.058433,-0.38515,-0.31537,0.13759,0.072395,-0.32999,-0.2992,-0.30358,-0.25632,0.14181,0.37207,0.32035,0.43416,0.78652,0.78232,0.57078,0.69364,0.39335,0.61583,0.094853,0.32801,-0.093532,-0.03574,0.35113,0.19775,0.76804,0.67044,-0.013384,0.11316,-0.30913,-0.17766,-0.53054,-0.24685,-0.36795,-0.37411,-0.054808,-0.020733,-0.2117,-0.13963,-0.18197,-0.11321,-0.4175,-0.26678,0.20221,0.026581,0.31821,0.41314
0.16796,0.01288,0.31394,-0.076163,0.77338,0.4763,0.25632,0.11536,1,0.4852,-0.012337,0.17641,0.064848,0.33644,0.35153,0.5529,0.0015314,-0.23269,-0.16503,-0.24514,0.16662,0.091704,0.52417,0.20657,0.64309,0.64419,0.3519,0.37984,-0.13459,-0.14971,0.37985,0.33476,-0.13411,-0.11602,0.069421,-0.035383,-0.13585,-0.22323,-0.35887,-0.27642,-0.30204,-0.0074648,0.041336,0.00044712,0.026201,-0.19776,-0.004927,0.031866,0.028773,-0.032112,0.037164,-0.11932,0.039627,-0.16733,-0.23161,-0.20437,0.052,0.019956,-0.086803,-0.15026,0.053176,-0.11339,0.096313,-0.22021,0.097951,-0.01633,-0.027135,-0.22168,-0.013693,0.041096,0.17603,0.074758,-0.26605,-0.28562,-0.11554,-0.2029,0.10378,0.089117,-0.05416,0.018737,-0.14911,-0.2128,-0.14591,-0.2334,-0.0095284,-0.080033,-0.30759,-0.39509,-0.22082,-0.12234
-0.28693,-0.31762,-0.067869,-0.2282,0.80155,0.80384,-0.31336,-0.27102,0.4852,1,-0.25107,-0.049845,-0.10601,0.1444,0.19258,0.54746,-0.08712,-0.27366,0.17131,0.079921,0.046138,0.42974,0.058091,-0.39855,0.47786,0.45013,0.68224,0.60049,-0.28276,-0.1126,-0.078097,-0.050716,0.13465,-0.12466,0.0602,-0.051812,0.28802,0.17281,-0.1712,0.17058,-0.19673,0.21804,-0.040585,-0.12964,0.043466,-0.040554,-0.048736,-0.039823,-0.012585,-0.044845,0.068765,-0.055903,0.013678,-0.213,-0.16319,-0.28096,-0.36021,-0.35244,-0.45734,-0.58344,-0.38998,-0.46659,-0.097607,-0.39847,-0.067915,-0.07072,-0.29296,-0.39072,-0.41483,-0.29946,0.085708,0.05677,-0.12889,-0.09759,0.20961,0.13668,0.065764,0.10684,-0.075314,-0.076495,-0.11954,-0.065595,0.12415,0.10368,0.2542,0.065949,-0.15738,0.02887,-0.16046,-0.17975
0.26235,0.0068327,0.0077711,-0.056556,-0.29795,-0.27436,0.11503,-0.011159,-0.012337,-0.25107,1,0.28353,0.71018,0.12711,0.39182,0.026081,0.21845,0.10629,0.038638,-0.24898,-0.19265,-0.37669,0.13758,0.17228,-0.26511,-0.25362,-0.22034,-0.36195,0.18984,0.012375,0.022574,-0.063795,0.039998,0.050956,0.15284,0.12381,-0.32729,-0.27426,-0.1468,-0.22064,-0.078534,0.010842,-0.15896,-0.21607,0.063536,0.013583,-0.18382,-0.16843,0.15147,0.11781,0.11505,0.1092,-0.171,-0.1486,-0.27146,-0.13369,0.11874,0.058209,0.24798,0.23768,0.29801,0.23223,0.24334,0.24043,0.4062,0.30976,0.19144,0.15624,-0.034112,-0.012988,0.10882,0.0012069,0.016978,-0.0038792,-0.16857,-0.11509,0.19703,0.032841,-0.019058,-0.055211,0.058262,-0.12787,-0.1137,-0.086748,0.087223,-0.094818,-0.0024702,-0.096449,-0.013541,0.020377
0.438,0.52775,0.34574,0.36424,-0.0058261,-0.18196,0.32819,0.54727,0.17641,-0.049845,0.28353,1,0.33262,0.72324,0.012833,0.31005,0.025127,0.13684,-0.015687,0.029241,0.012819,-0.25967,0.16973,0.45941,0.068923,-0.082903,-0.056408,-0.022739,0.013148,0.21874,0.14568,0.32769,-0.12305,-0.0090413,-0.32084,-0.26816,-0.47395,-0.35012,-0.13124,-0.19148,-0.077416,-0.19621,-0.31625,-0.30802,-0.35045,-0.31104,-0.11609,-0.11155,-0.2224,-0.16164,-0.28182,-0.1099,0.16083,0.11538,0.019113,0.12065,0.4267,0.38941,0.36558,0.39815,0.33667,0.4872,0.21966,0.356,0.046904,0.24854,0.14346,0.086492,0.29094,0.32794,-0.10218,0.24444,-0.23156,-0.031292,-0.43929,-0.041136,-0.25013,-0.24022,-0.066666,-0.056868,-0.10501,-0.069296,-0.22907,-0.10518,-0.23401,-0.19114,-0.038804,-0.14973,0.069401,0.29
0.31983,0.14847,0.21986,0.22288,-0.057091,-0.25566,0.29174,0.18225,0.064848,-0.10601,0.71018,0.33262,1,0.19402,0.45649,0.16718,-0.033032,-0.036186,0.235,-0.0034192,-0.17077,-0.23666,0.14473,0.15308,0.033644,-0.060978,-0.098529,-0.12613,0.046005,0.031028,0.037681,0.083265,0.078997,-0.044062,0.11257,-5.9533e-005,-0.30662,-0.17925,0.12481,-0.1092,0.035637,-0.13353,-0.055638,-0.22519,-0.079835,-0.2118,-0.042572,-0.071017,0.0016811,-0.16493,0.11406,0.0073858,0.023123,0.082942,-0.075422,0.0051479,0.15953,0.12818,0.15731,0.16767,0.14089,0.19177,0.0005558,0.091011,0.23746,0.1692,0.096796,-0.022552,0.02689,0.17231,0.027888,0.071028,-0.10559,-0.10685,-0.17652,-0.11298,-0.054378,-0.18428,-0.13951,-0.021365,-0.089018,-0.12725,-0.062083,-0.035521,-0.10692,-0.1513,0.017904,-0.12374,0.20469,0.018068
0.28614,0.38532,0.27657,0.27396,0.18256,0.046645,0.33684,0.53359,0.33644,0.1444,0.12711,0.72324,0.19402,1,-0.1288,0.34295,0.091191,0.18426,-0.056987,0.011228,-0.055665,-0.26182,0.18799,0.35372,0.11941,-0.040044,0.10542,-0.027223,-0.11845,0.051643,0.14285,0.2988,-0.037035,0.13141,-0.18454,-0.13123,-0.44954,-0.34387,-0.26433,-0.24098,-0.24228,-0.17728,-0.39149,-0.38613,-0.33747,-0.18558,-0.16214,-0.16992,-0.1656,-0.050068,-0.28958,-0.13355,0.037092,-0.015725,-0.083638,0.011533,0.35221,0.30045,0.34836,0.33692,0.38189,0.46693,0.35758,0.39626,0.25484,0.29624,0.1856,0.10199,0.21007,0.16389,0.039715,0.12609,-0.14216,0.030576,-0.36861,0.0063858,-0.13316,-0.21823,-0.16782,-0.23631,-0.15443,-0.23974,-0.36399,-0.28708,-0.35424,-0.42081,-0.27382,-0.31429,-0.12203,0.18594
0.017979,-0.13797,0.098386,-0.12042,0.2686,0.15325,-0.061601,-0.15009,0.35153,0.19258,0.39182,0.012833,0.45649,-0.1288,1,0.53159,0.1073,-0.016633,0.0023003,-0.23525,0.20701,0.20449,0.13702,-0.081479,0.21799,0.28721,0.33323,0.23914,0.23193,0.18809,0.14072,0.1001,-0.055341,-0.13454,0.22619,0.15695,0.03261,0.041237,0.1019,-0.11182,0.19998,0.11509,0.1558,-0.029952,0.004165,-0.25879,0.10994,0.056186,-0.12666,-0.21846,0.068942,-0.077624,0.12377,-0.078495,-0.052075,0.001562,-0.099624,-0.068732,-0.24273,-0.21551,-0.11019,-0.1609,-0.080903,-0.15358,-0.017745,0.053422,-0.03389,-0.2064,-0.10995,0.063386,-0.040559,-0.072388,0.16173,0.081876,0.14894,0.15411,0.3227,0.23248,0.1234,0.15945,0.12512,0.045753,0.041127,0.12502,0.42449,0.16816,0.18363,0.030943,0.22547,0.076606
0.067714,-0.012792,0.20757,-0.0069779,0.59483,0.46799,-0.03762,0.025658,0.5529,0.54746,0.026081,0.31005,0.16718,0.34295,0.53159,1,-0.14221,-0.26219,-0.025905,-0.26092,0.23942,0.40749,0.1876,-0.073533,0.49353,0.48148,0.54962,0.5686,-0.17191,0.017997,0.096524,0.16922,-0.25911,-0.35425,0.12794,-0.013166,-0.014734,0.11199,-0.0167,-0.02941,0.028609,0.00040832,0.1231,0.026962,-0.089593,-0.25648,0.13031,0.094322,-0.097697,-0.12343,0.10429,-0.027884,0.24919,0.028649,0.072526,0.063444,-0.080851,-0.069405,-0.20944,-0.22937,-0.137,-0.17315,-0.10569,-0.28731,-0.03158,0.054357,-0.076678,-0.19716,-0.080618,0.060377,0.0059989,0.028152,-0.17609,-0.10129,0.06017,0.14394,0.010368,0.052466,-0.0083756,0.037293,-0.17076,-0.067005,-0.011323,0.050742,0.16702,0.17428,0.017186,0.0095107,0.16502,0.28011
-0.16557,-0.14385,-0.31851,-0.38468,-0.18536,0.083395,-0.13145,-0.12299,0.0015314,-0.08712,0.21845,0.025127,-0.033032,0.091191,0.1073,-0.14221,1,0.6716,-0.37556,-0.19694,0.21192,-0.28721,-0.1142,0.030379,-0.36605,-0.12947,-0.20072,-0.23693,0.66334,0.43193,0.20761,0.17005,0.29303,0.47032,0.041942,0.18442,-0.22712,-0.37205,-0.31589,-0.28977,-0.018003,0.045553,-0.39582,-0.34007,0.075857,0.061759,-0.37615,-0.40198,0.0757,0.13437,-0.2829,-0.12319,-0.24049,-0.39917,-0.37733,-0.41343,0.10032,0.025557,0.2162,0.10622,0.42038,0.27257,0.69272,0.51773,0.33957,0.24169,0.16289,0.056996,-0.0289,-0.1517,0.11563,0.021703,0.45917,0.34434,-0.034335,0.1245,0.51263,0.33911,0.61741,0.33437,0.65031,0.31558,-0.019343,0.0001921,0.11119,-0.28845,-0.15617,-0.36062,-0.3686,-0.29375
-0.17206,0.072404,-0.32221,-0.17894,-0.37222,-0.21742,-0.091133,0.039817,-0.23269,-0.27366,0.10629,0.13684,-0.036186,0.18426,-0.016633,-0.26219,0.6716,1,-0.30139,0.021581,0.061263,-0.34274,-0.32605,0.076458,-0.41929,-0.34558,-0.29655,-0.42374,0.61867,0.56906,0.033228,0.083568,0.22738,0.46727,-0.10231,0.23268,-0.24178,-0.17901,-0.080166,-0.22268,0.1827,0.057475,-0.39718,-0.33722,-0.13546,0.017041,-0.30479,-0.32898,-0.20215,0.0058242,-0.44499,-0.22008,-0.1688,-0.1076,-0.20147,-0.11356,0.19054,0.20307,0.21182,0.25007,0.38529,0.45023,0.45138,0.75408,0.18436,0.24583,0.066416,0.11676,0.14285,-0.0091769,-0.14596,0.059623,0.59471,0.62631,0.0062347,0.31695,0.29539,0.28722,0.40388,0.30001,0.56718,0.39782,-0.10275,0.0853,-0.079191,-0.3156,-0.065279,-0.16022,-0.22876,-0.062584
0.15471,0.17027,0.30835,0.41752,0.12535,-0.1298,0.070178,0.066515,-0.16503,0.17131,0.038638,-0.015687,0.235,-0.056987,0.0023003,-0.025905,-0.37556,-0.30139,1,0.73683,-0.19939,0.14653,0.083349,-0.084722,0.32905,0.015667,0.20011,0.13813,-0.29854,-0.11112,-0.15358,-0.12884,0.30016,-0.10039,-0.03146,-0.2387,0.21388,0.21463,0.24321,0.23941,-0.021241,0.050189,0.23798,0.066665,-0.035658,0.01167,0.21654,0.24523,-0.076686,-0.15718,0.11236,-0.031508,0.015752,0.13381,0.13535,0.12115,0.0020599,0.073436,-0.10502,-0.10654,-0.39035,-0.24941,-0.46833,-0.2415,-0.42297,-0.32998,-0.23589,-0.29158,-0.0042631,0.12738,0.036311,0.06324,-0.25145,-0.17281,0.047119,-0.046235,-0.34077,-0.40699,-0.2728,-0.15749,-0.31764,-0.12331,0.058733,0.095431,-0.025475,-0.097477,0.16534,0.27935,0.26797,-0.030382
0.070273,0.30377,0.16531,0.40687,0.026789,-0.15943,0.076398,0.20033,-0.24514,0.079921,-0.24898,0.029241,-0.0034192,0.011228,-0.23525,-0.26092,-0.19694,0.021581,0.73683,1,-0.17433,0.054786,-0.14665,-0.037585,0.15139,-0.08716,0.046282,-0.0038892,-0.14554,0.070795,-0.14668,-0.046407,0.30485,0.1314,-0.31654,-0.30324,0.25948,0.19464,0.20012,0.15983,-0.0030139,0.047019,-0.0045793,-0.10319,-0.18332,0.017092,0.080044,0.069373,-0.24248,-0.15961,-0.21512,-0.16935,0.033113,0.15082,0.19176,0.11271,0.11397,0.17309,-0.016572,0.0022814,-0.27257,-0.040842,-0.29371,0.026775,-0.47439,-0.25645,-0.28145,-0.20167,0.17508,0.20098,-0.17288,0.088667,-0.049399,0.082123,0.089242,0.09143,-0.39844,-0.31042,-0.18657,-0.087894,-0.16784,0.02003,-0.019767,0.061022,-0.14544,-0.23203,0.081979,0.20563,0.22499,-0.083531
0.021111,0.013012,0.14475,0.0086636,0.1278,0.19445,0.11189,0.12277,0.16662,0.046138,-0.19265,0.012819,-0.17077,-0.055665,0.20701,0.23942,0.21192,0.061263,-0.19939,-0.17433,1,0.28968,0.026645,0.067115,0.099055,0.35267,0.1471,0.39638,0.50452,0.56167,0.49831,0.43835,-0.06013,-0.020986,0.078188,0.061115,-0.06763,-0.12206,0.083107,-0.10035,0.22906,-0.03923,-0.062802,-0.0010583,0.1205,-0.13825,-0.16567,-0.1889,-0.16404,-0.18876,-0.17483,-0.15366,-0.14877,-0.14877,-0.11416,-0.071802,0.072934,0.042275,-0.023479,-0.031018,0.013322,-0.019695,0.046452,-0.055401,-0.13397,-0.075252,0.14694,-0.11075,0.19323,0.17756,0.1504,0.044444,0.18367,0.11569,-0.076689,0.14199,0.23679,0.12009,0.44808,0.53632,0.44549,0.50272,0.27422,0.22911,0.22766,0.1815,0.23496,0.016563,-0.017676,0.11273
-0.18266,-0.15536,0.0039854,-0.069278,0.38577,0.51591,-0.22109,-0.18326,0.091704,0.42974,-0.37669,-0.25967,-0.23666,-0.26182,0.20449,0.40749,-0.28721,-0.34274,0.14653,0.054786,0.28968,1,-0.087243,-0.38619,0.31959,0.34598,0.4808,0.67667,-0.20749,-0.019839,-0.10266,-0.14213,-0.12442,-0.28656,-0.11445,-0.19372,0.54883,0.62161,0.34848,0.47773,0.25625,0.20738,0.21816,0.10048,-0.1833,-0.20226,0.23316,0.1487,-0.2977,-0.28606,-0.069758,-0.12838,0.21344,0.19808,0.28478,0.22783,-0.25737,-0.20198,-0.45523,-0.47451,-0.44777,-0.4414,-0.32385,-0.4468,-0.43823,-0.27072,-0.30547,-0.3247,-0.092639,0.012813,-0.16175,-0.16296,-0.025464,0.046926,0.51109,0.38008,-0.14053,0.044869,0.036262,0.17279,-0.099548,0.17335,0.40027,0.3828,0.14942,0.20564,0.24756,0.48422,0.30711,0.25401
0.27371,0.049184,0.40305,0.028294,0.32134,0.16299,0.3739,0.16913,0.52417,0.058091,0.13758,0.16973,0.14473,0.18799,0.13702,0.1876,-0.1142,-0.32605,0.083349,-0.14665,0.026645,-0.087243,1,0.71918,0.45413,0.43883,0.21943,0.24708,-0.20133,-0.27923,0.4789,0.3763,0.10991,0.1217,0.068542,-0.21187,-0.26852,-0.33832,-0.34484,-0.36375,-0.3798,-0.02556,0.14088,0.1472,0.12606,-0.075853,0.080426,0.19063,0.20651,0.053878,0.21627,0.090326,0.030168,-0.17891,-0.18759,-0.11562,0.083939,0.064002,0.07396,-0.039062,0.1204,-0.056691,0.12534,-0.12075,0.031854,-0.08117,0.1202,-0.066245,-0.055899,-0.011074,0.32023,0.23828,-0.37674,-0.36673,-0.18982,-0.38409,0.078152,-0.0324,-0.14538,-0.016974,-0.34037,-0.28055,-0.27088,-0.32927,-0.20409,-0.071292,-0.2176,-0.29214,-0.19225,-0.18947
0.39042,0.36865,0.36685,0.22784,-0.1328,-0.2996,0.5231,0.50464,0.20657,-0.39855,0.17228,0.45941,0.15308,0.35372,-0.081479,-0.073533,0.030379,0.076458,-0.084722,-0.037585,0.067115,-0.38619,0.71918,1,0.10515,0.083448,-0.20733,-0.15712,0.08381,0.045635,0.44958,0.452,0.0018516,0.26621,-0.15272,-0.20044,-0.47586,-0.45755,-0.23605,-0.44375,-0.21013,-0.15562,-0.10687,0.014484,-0.072475,-0.12623,-0.048625,0.033067,0.0065048,-0.00094837,-0.09286,0.013504,0.013761,-0.033585,-0.05074,0.063505,0.3676,0.35293,0.36332,0.3531,0.38367,0.38029,0.25269,0.3263,0.071934,0.1112,0.24774,0.13972,0.28223,0.24296,0.12037,0.27446,-0.18277,-0.091072,-0.3587,-0.30323,-0.037606,-0.071015,-0.010431,0.066817,-0.13054,-0.082723,-0.34362,-0.26766,-0.38162,-0.16297,-0.13169,-0.30329,-0.10111,0.012971
0.13128,0.081812,0.42754,0.18998,0.80189,0.30553,0.18224,0.097877,0.64309,0.47786,-0.26511,0.068923,0.033644,0.11941,0.21799,0.49353,-0.36605,-0.41929,0.32905,0.15139,0.099055,0.31959,0.45413,0.10515,1,0.76751,0.49407,0.58613,-0.31872,-0.16124,0.25701,0.25489,0.013811,-0.27837,0.070073,-0.13279,0.081384,0.15499,0.021236,-0.069172,-0.096074,-0.068659,0.44812,0.32188,0.091565,-0.14903,0.3731,0.39626,0.0043017,-0.17796,0.20486,-0.037466,0.3072,0.1801,0.10217,0.090765,-0.052232,0.0081897,-0.2528,-0.27369,-0.33668,-0.32942,-0.35498,-0.42228,-0.32074,-0.30075,-0.22741,-0.3837,-0.043319,0.10948,0.04259,0.13596,-0.32736,-0.29051,0.074863,-0.11894,-0.18934,-0.14286,-0.16091,0.05255,-0.34794,-0.1253,-0.11646,-0.12927,-0.050243,0.040573,-0.11305,-0.11746,0.081596,-0.026458
-0.10417,-0.211,0.14307,-0.1837,0.70624,0.52537,0.0035536,-0.14793,0.64419,0.45013,-0.25362,-0.082903,-0.060978,-0.040044,0.28721,0.48148,-0.12947,-0.34558,0.015667,-0.08716,0.35267,0.34598,0.43883,0.083448,0.76751,1,0.42542,0.6061,-0.0086896,0.018182,0.56063,0.49667,0.14337,-0.0021198,0.10297,-0.030325,0.018823,0.059506,-0.16227,-0.30862,-0.1789,0.057007,0.29254,0.19925,0.24833,-0.11181,0.10039,0.099793,0.024284,-0.087771,0.096695,-0.070047,0.13948,-0.05957,-0.22165,-0.24023,-0.23355,-0.2371,-0.37596,-0.4277,-0.26647,-0.40054,-0.16557,-0.43577,-0.1861,-0.11075,-0.24077,-0.42729,-0.16315,-0.01657,0.051569,0.10645,-0.12124,-0.17477,0.2012,-0.05976,0.0053197,0.03336,-0.032127,0.2975,-0.078225,0.11056,-0.054399,-0.16735,0.060511,0.095159,-0.25918,-0.23666,-0.12037,-0.22781
-0.10659,-0.18028,0.16965,-0.059986,0.67466,0.66791,-0.11065,-0.13424,0.3519,0.68224,-0.22034,-0.056408,-0.098529,0.10542,0.33323,0.54962,-0.20072,-0.29655,0.20011,0.046282,0.1471,0.4808,0.21943,-0.20733,0.49407,0.42542,1,0.69917,-0.31888,-0.17677,0.10855,0.14416,0.11837,-0.084346,0.18719,-0.047966,0.20863,0.23481,-0.053327,0.021879,-0.18554,0.15922,0.28049,0.097104,0.058229,-0.029662,0.31417,0.31735,0.036326,-0.10325,0.20162,0.024124,0.23728,-0.045815,0.088195,0.060905,-0.2276,-0.20969,-0.3362,-0.41954,-0.31895,-0.35658,-0.1344,-0.36771,-0.1692,-0.16171,-0.079366,-0.22452,-0.31085,-0.19246,0.081553,0.048766,-0.10433,-0.015487,0.18429,0.22401,0.13886,0.046368,-0.21996,-0.20507,-0.29711,-0.2662,-0.21056,-0.14619,0.20833,0.026981,-0.017334,0.18292,0.098205,0.062743
-0.032499,-0.08816,0.24001,0.01298,0.65158,0.67947,-0.037885,-0.03612,0.37984,0.60049,-0.36195,-0.022739,-0.12613,-0.027223,0.23914,0.5686,-0.23693,-0.42374,0.13813,-0.0038892,0.39638,0.67667,0.24708,-0.15712,0.58613,0.6061,0.69917,1,-0.21737,-0.0075802,0.21077,0.1913,0.013826,-0.22235,0.012037,-0.24322,0.23841,0.25852,0.12247,0.18471,0.063136,0.0073207,0.26825,0.13732,0.029053,-0.17632,0.23414,0.18879,-0.096843,-0.25149,0.095035,-0.04927,0.2442,0.06974,0.096433,0.05478,-0.16056,-0.14111,-0.33662,-0.41757,-0.34621,-0.38796,-0.2064,-0.46255,-0.36852,-0.27923,-0.1404,-0.3144,-0.13258,-0.0071239,0.028029,0.010079,-0.20374,-0.15844,0.20818,0.12564,-0.062427,-0.059503,0.035273,0.17879,-0.15276,0.080697,0.18935,0.1129,0.14619,0.19901,0.10631,0.18504,0.15398,0.11683
-0.18747,-0.10529,-0.25849,-0.21799,-0.30395,-0.17542,-0.058665,-0.04327,-0.13459,-0.28276,0.18984,0.013148,0.046005,-0.11845,0.23193,-0.17191,0.66334,0.61867,-0.29854,-0.14554,0.50452,-0.20749,-0.20133,0.08381,-0.31872,-0.0086896,-0.31888,-0.21737,1,0.81779,0.36126,0.28079,0.20763,0.34479,0.0057132,0.20197,-0.23344,-0.21952,-0.020824,-0.3163,0.28848,0.01156,-0.31461,-0.15727,0.16332,0.028742,-0.39623,-0.38805,-0.10419,-0.0067091,-0.3199,-0.11565,-0.27707,-0.22696,-0.34302,-0.2585,0.029746,-0.013181,0.039099,0.088242,0.16927,0.16233,0.27552,0.36234,0.14386,0.19596,0.049425,-0.01649,0.09401,0.025163,0.024274,0.023584,0.62681,0.48545,0.048784,0.25623,0.38153,0.3176,0.60868,0.64059,0.76639,0.65431,0.18039,0.21018,0.20056,-0.0097516,0.077787,-0.18858,-0.22296,-0.11842
-0.12386,0.08358,-0.13535,-0.013202,-0.17651,-0.12441,-0.040591,0.13438,-0.14971,-0.1126,0.012375,0.21874,0.031028,0.051643,0.18809,0.017997,0.43193,0.56906,-0.11112,0.070795,0.56167,-0.019839,-0.27923,0.045635,-0.16124,0.018182,-0.17677,-0.0075802,0.81779,1,0.29001,0.28946,0.14268,0.24892,-0.13805,0.070734,-0.18938,-0.076018,0.16382,-0.16962,0.4329,-0.045873,-0.30514,-0.16885,-0.021357,-0.070632,-0.30217,-0.30634,-0.32051,-0.13193,-0.45683,-0.1997,-0.14132,-0.031817,-0.17768,-0.059762,0.086989,0.10559,0.015346,0.094082,0.052339,0.17313,0.11067,0.34668,-0.075025,0.18465,-0.03232,-0.080179,0.21752,0.21587,-0.13381,0.033729,0.48965,0.51643,0.017077,0.38697,0.13388,0.19129,0.51868,0.66772,0.64683,0.77246,0.23559,0.38335,0.12373,0.0063565,0.21863,0.001563,-0.063931,0.06538
0.30336,0.17684,0.34407,0.044801,0.13348,0.14971,0.43404,0.24975,0.37985,-0.078097,0.022574,0.14568,0.037681,0.14285,0.14072,0.096524,0.20761,0.033228,-0.15358,-0.14668,0.49831,-0.10266,0.4789,0.44958,0.25701,0.56063,0.10855,0.21077,0.36126,0.29001,1,0.89557,0.2737,0.4109,0.033903,-0.11421,-0.42742,-0.38237,-0.34285,-0.60414,-0.31165,-0.08301,0.033399,0.034438,0.1652,-0.11897,-0.084603,-0.055118,-0.024597,-0.048414,-0.15199,-0.24218,-0.086897,-0.084638,-0.33675,-0.18035,0.30989,0.23288,0.19944,0.19909,0.30141,0.16782,0.23404,0.075469,-0.023771,-0.046206,0.19776,-0.12315,0.28545,0.25217,0.20727,0.18475,-0.075442,-0.12106,-0.28823,-0.24002,0.049667,-0.1377,0.057763,0.37463,0.079314,0.10765,-0.28054,-0.39432,-0.15591,-0.20575,-0.20442,-0.26079,-0.16347,-0.1431
0.34549,0.28601,0.41018,0.16747,0.15277,0.09284,0.4407,0.35365,0.33476,-0.050716,-0.063795,0.32769,0.083265,0.2988,0.1001,0.16922,0.17005,0.083568,-0.12884,-0.046407,0.43835,-0.14213,0.3763,0.452,0.25489,0.49667,0.14416,0.1913,0.28079,0.28946,0.89557,1,0.21335,0.35408,-0.049626,-0.16915,-0.49991,-0.41367,-0.26868,-0.55865,-0.30343,-0.15575,-0.014713,-0.080921,0.047969,-0.2061,-0.057795,-0.080054,-0.11001,-0.1407,-0.20316,-0.3136,0.031005,0.021012,-0.22608,-0.12068,0.38319,0.30069,0.25057,0.27063,0.34378,0.29556,0.21993,0.12572,-0.068737,0.0183,0.22744,-0.089275,0.33056,0.34238,0.11905,0.29443,-0.12639,-0.11578,-0.39471,-0.21249,-0.055991,-0.248,-0.021183,0.22975,0.035922,0.020024,-0.34938,-0.40328,-0.19401,-0.26284,-0.20229,-0.28575,-0.057445,-0.081926
-0.2302,-0.23263,-0.21805,-0.24561,0.0042438,0.16506,-0.13339,-0.25966,-0.13411,0.13465,0.039998,-0.12305,0.078997,-0.037035,-0.055341,-0.25911,0.29303,0.22738,0.30016,0.30485,-0.06013,-0.12442,0.10991,0.0018516,0.013811,0.14337,0.11837,0.013826,0.20763,0.14268,0.2737,0.21335,1,0.74485,0.029848,-0.041037,-0.10598,-0.16162,-0.2649,-0.2522,-0.29758,0.10398,-0.17242,-0.24543,0.0712,0.042676,-0.21191,-0.14786,0.032603,-0.082867,-0.14564,-0.15345,-0.18341,-0.24027,-0.41396,-0.38623,-0.10557,-0.12483,-0.028664,-0.16361,0.038436,-0.018129,0.2229,0.21509,-0.033586,-0.079895,-0.047765,-0.18006,-0.22507,-0.24834,0.15201,0.16648,0.19829,0.16794,0.14167,0.065737,0.10417,-0.049754,-0.0042668,0.12279,0.13916,0.12871,-0.18785,-0.21297,-0.16026,-0.40793,-0.3063,-0.18714,-0.32842,-0.45352
-0.19308,-0.13301,-0.3146,-0.34345,-0.22616,0.089465,-0.02927,-0.094424,-0.11602,-0.12466,0.050956,-0.0090413,-0.044062,0.13141,-0.13454,-0.35425,0.47032,0.46727,-0.10039,0.1314,-0.020986,-0.28656,0.1217,0.26621,-0.27837,-0.0021198,-0.084346,-0.22235,0.34479,0.24892,0.4109,0.35408,0.74485,1,-0.096112,-0.029521,-0.25635,-0.31345,-0.43422,-0.4524,-0.3441,0.12942,-0.37208,-0.32226,-0.028226,0.057218,-0.30591,-0.24268,-0.019428,0.084495,-0.35893,-0.13672,-0.23131,-0.29832,-0.41883,-0.33752,0.036383,-0.018003,0.15802,0.041701,0.32361,0.22156,0.49148,0.47935,0.1501,0.18333,0.069732,0.020629,-0.057463,-0.14958,0.091022,0.14709,0.30516,0.3489,0.045041,0.10059,0.17354,0.098524,0.053205,0.1336,0.20711,0.14451,-0.35568,-0.29547,-0.31044,-0.47089,-0.38806,-0.27556,-0.41936,-0.39414
-0.11961,-0.34338,-0.069517,-0.11644,0.079522,0.10652,-0.10455,-0.27566,0.069421,0.0602,0.15284,-0.32084,0.11257,-0.18454,0.22619,0.12794,0.041942,-0.10231,-0.03146,-0.31654,0.078188,-0.11445,0.068542,-0.15272,0.070073,0.10297,0.18719,0.012037,0.0057132,-0.13805,0.033903,-0.049626,0.029848,-0.096112,1,0.74164,-0.028355,-0.066504,-0.053511,-0.12179,-0.072295,0.10674,0.35567,0.26437,0.52181,0.28486,0.10218,0.15042,0.42778,0.23309,0.65868,0.36856,-0.25046,-0.29271,-0.22092,-0.19198,-0.23924,-0.25074,-0.14525,-0.17352,-0.11706,-0.28236,-0.12412,-0.30293,0.37543,0.076732,0.18935,0.060709,-0.31299,-0.32695,0.37037,0.0032879,0.12268,-0.023958,-0.027991,-0.081543,0.45631,0.24576,0.034886,-0.03344,0.021936,-0.16262,-0.094409,-0.10839,0.28839,0.33734,-0.054173,-0.092934,-0.15965,-0.17696
-0.33804,-0.38333,-0.33333,-0.24938,-0.061247,-0.028432,-0.27894,-0.32578,-0.035383,-0.051812,0.12381,-0.26816,-5.9533e-005,-0.13123,0.15695,-0.013166,0.18442,0.23268,-0.2387,-0.30324,0.061115,-0.19372,-0.21187,-0.20044,-0.13279,-0.030325,-0.047966,-0.24322,0.20197,0.070734,-0.11421,-0.16915,-0.041037,-0.029521,0.74164,1,-0.014749,-0.0070294,0.016899,-0.096077,0.12871,0.1903,0.098733,0.055573,0.36431,0.25673,-0.12497,-0.10828,0.21684,0.20442,0.31871,0.27984,-0.34652,-0.29906,-0.29883,-0.24185,-0.28508,-0.29995,-0.20182,-0.15856,-0.072036,-0.16004,-0.065501,-0.05526,0.41247,0.2734,0.012741,0.052701,-0.31272,-0.37147,0.11069,-0.05811,0.40279,0.28388,0.090399,0.11642,0.44741,0.34487,0.12533,0.03724,0.28046,0.040116,-0.0058426,0.019372,0.28027,0.2707,-0.057642,-0.11391,-0.26428,-0.15952
-0.38679,-0.29038,-0.21896,-0.13389,0.16445,0.23296,-0.38114,-0.33597,-0.13585,0.28802,-0.32729,-0.47395,-0.30662,-0.44954,0.03261,-0.014734,-0.22712,-0.24178,0.21388,0.25948,-0.06763,0.54883,-0.26852,-0.47586,0.081384,0.018823,0.20863,0.23841,-0.23344,-0.18938,-0.42742,-0.49991,-0.10598,-0.25635,-0.028355,-0.014749,1,0.74048,0.31101,0.58802,0.1934,0.43012,0.23077,0.15191,0.042907,0.12217,0.23724,0.18505,-0.019307,-0.061643,0.12792,0.08119,0.032854,0.047759,0.27477,0.081398,-0.45076,-0.36577,-0.55973,-0.56419,-0.60997,-0.5493,-0.35814,-0.40804,-0.32453,-0.26595,-0.45355,-0.31299,-0.3117,-0.27778,-0.17804,-0.25216,0.13553,0.10176,0.59397,0.29362,-0.0017771,0.16987,0.026597,-0.029461,-0.025023,0.1023,0.37968,0.3589,0.35591,0.32889,0.20472,0.44267,0.23951,-0.017793
-0.29904,-0.16395,-0.15887,0.0063131,0.10285,0.13787,-0.28841,-0.21488,-0.22323,0.17281,-0.27426,-0.35012,-0.17925,-0.34387,0.041237,0.11199,-0.37205,-0.17901,0.21463,0.19464,-0.12206,0.62161,-0.33832,-0.45755,0.15499,0.059506,0.23481,0.25852,-0.21952,-0.076018,-0.38237,-0.41367,-0.16162,-0.31345,-0.066504,-0.0070294,0.74048,1,0.46977,0.52408,0.30921,0.39638,0.29216,0.23322,-0.063614,0.07003,0.32628,0.2921,-0.13864,-0.10212,0.059787,0.072236,0.2264,0.33261,0.38528,0.34851,-0.34592,-0.26372,-0.4975,-0.41852,-0.5538,-0.43069,-0.43718,-0.32153,-0.31662,-0.14558,-0.47631,-0.26936,-0.16429,-0.12541,-0.36403,-0.35591,0.14015,0.21707,0.64206,0.43501,-0.20483,0.079216,-0.079117,0.068167,-0.11474,0.15431,0.26498,0.32119,0.16621,0.30135,0.24291,0.55536,0.32126,0.2515
-0.0027539,0.12771,0.093488,0.34167,-0.096673,-0.29698,-0.024461,0.11669,-0.35887,-0.1712,-0.1468,-0.13124,0.12481,-0.26433,0.1019,-0.0167,-0.31589,-0.080166,0.24321,0.20012,0.083107,0.34848,-0.34484,-0.23605,0.021236,-0.16227,-0.053327,0.12247,-0.020824,0.16382,-0.34285,-0.26868,-0.2649,-0.43422,-0.053511,0.016899,0.31101,0.46977,1,0.59681,0.79373,-0.14235,0.23832,0.10952,-0.21661,-0.17871,0.27574,0.1654,-0.34906,-0.43222,-0.028477,-0.10279,0.17429,0.45786,0.498,0.5167,-0.0078195,0.058162,-0.18667,-0.029652,-0.31392,-0.074194,-0.50758,-0.18058,-0.40225,-0.23526,-0.16368,-0.11931,0.15226,0.23621,-0.32029,-0.20396,0.060793,0.0844,0.13567,0.23452,-0.27087,-0.22797,0.043319,0.063301,0.08348,0.17927,0.48684,0.49469,0.082254,0.23103,0.62763,0.42762,0.56651,0.38984
-0.10499,-0.012838,-0.014256,0.15817,-0.0019203,0.02821,-0.19645,-0.053373,-0.27642,0.17058,-0.22064,-0.19148,-0.1092,-0.24098,-0.11182,-0.02941,-0.28977,-0.22268,0.23941,0.15983,-0.10035,0.47773,-0.36375,-0.44375,-0.069172,-0.30862,0.021879,0.18471,-0.3163,-0.16962,-0.60414,-0.55865,-0.2522,-0.4524,-0.12179,-0.096077,0.58802,0.52408,0.59681,1,0.43206,0.19419,0.040987,-0.061795,-0.29286,-0.15481,0.14928,0.051753,-0.21326,-0.29623,-0.027188,-0.082802,0.0019646,0.25167,0.39216,0.2721,-0.11548,-0.073122,-0.23823,-0.21435,-0.36213,-0.2265,-0.3335,-0.24034,-0.31982,-0.25775,-0.22448,-0.17902,-0.050895,-0.042027,-0.071524,-0.16166,-0.1145,-0.095583,0.18252,0.15241,-0.24708,-0.15704,0.065123,-0.14254,-0.0032307,0.026354,0.66498,0.62615,0.16022,0.21488,0.50236,0.56425,0.33482,0.22055
-0.14679,0.019899,-0.12301,0.108,-0.15634,-0.26827,-0.17917,0.012315,-0.30204,-0.19673,-0.078534,-0.077416,0.035637,-0.24228,0.19998,0.028609,-0.018003,0.1827,-0.021241,-0.0030139,0.22906,0.25625,-0.3798,-0.21013,-0.096074,-0.1789,-0.18554,0.063136,0.28848,0.4329,-0.31165,-0.30343,-0.29758,-0.3441,-0.072295,0.12871,0.1934,0.30921,0.79373,0.43206,1,-0.13429,0.044978,0.060874,-0.18618,-0.1701,0.050735,-0.03209,-0.38552,-0.3168,-0.15515,-0.055161,0.10131,0.25577,0.29262,0.32029,-0.054712,0.0067146,-0.18938,-0.045338,-0.2113,-0.028586,-0.34498,-0.018536,-0.28158,-0.0823,-0.12509,-0.042381,0.12613,0.1898,-0.35403,-0.24674,0.34539,0.33258,0.21286,0.38527,-0.0059586,0.062036,0.38392,0.3025,0.38306,0.47657,0.55262,0.62097,0.18122,0.31656,0.58247,0.23851,0.32749,0.32135
-0.40948,-0.38425,-0.32662,-0.34354,0.038326,0.25789,-0.37341,-0.38748,-0.0074648,0.21804,0.010842,-0.19621,-0.13353,-0.17728,0.11509,0.00040832,0.045553,0.057475,0.050189,0.047019,-0.03923,0.20738,-0.02556,-0.15562,-0.068659,0.057007,0.15922,0.0073207,0.01156,-0.045873,-0.08301,-0.15575,0.10398,0.12942,0.10674,0.1903,0.43012,0.39638,-0.14235,0.19419,-0.13429,1,-0.046374,-0.10373,0.096381,0.14775,-0.11297,-0.052416,0.083075,0.11465,0.033326,0.074906,-0.21615,-0.29319,-0.25116,-0.2668,-0.4305,-0.39111,-0.39482,-0.47377,-0.2565,-0.3797,0.012222,-0.10433,0.078554,0.12504,-0.30949,-0.24333,-0.3787,-0.34069,-0.0090795,-0.11939,0.24631,0.26044,0.41582,0.27792,0.19886,0.28828,-0.019765,0.042871,0.12461,0.094395,0.12227,0.17251,0.23832,0.15764,-0.16313,0.19677,-0.24182,-0.2622
0.13891,0.022006,0.2807,0.17077,0.19368,-0.041751,0.070011,-0.086466,0.041336,-0.040585,-0.15896,-0.31625,-0.055638,-0.39149,0.1558,0.1231,-0.39582,-0.39718,0.23798,-0.0045793,-0.062802,0.21816,0.14088,-0.10687,0.44812,0.29254,0.28049,0.26825,-0.31461,-0.30514,0.033399,-0.014713,-0.17242,-0.37208,0.35567,0.098733,0.23077,0.29216,0.23832,0.040987,0.044978,-0.046374,1,0.78942,0.34364,0.2059,0.80541,0.75614,0.27458,0.062337,0.55149,0.21005,0.38001,0.41302,0.41211,0.39823,-0.099802,0.020007,-0.17468,-0.11149,-0.34588,-0.33443,-0.48223,-0.46399,-0.35072,-0.36557,0.01971,-0.039592,0.0028738,0.12753,0.024138,0.043968,-0.21784,-0.25289,0.096729,-0.19111,-0.094108,-0.080852,-0.22516,-0.063894,-0.43295,-0.25025,-0.18364,-0.14904,0.038063,0.24927,0.13156,0.19041,0.37335,0.10401
0.09775,0.022681,0.14337,0.087352,0.073907,-0.11168,0.068433,-0.058433,0.00044712,-0.12964,-0.21607,-0.30802,-0.22519,-0.38613,-0.029952,0.026962,-0.34007,-0.33722,0.066665,-0.10319,-0.0010583,0.10048,0.1472,0.014484,0.32188,0.19925,0.097104,0.13732,-0.15727,-0.16885,0.034438,-0.080921,-0.24543,-0.32226,0.26437,0.055573,0.15191,0.23322,0.10952,-0.061795,0.060874,-0.10373,0.78942,1,0.35802,0.29825,0.62874,0.7576,0.32779,0.28432,0.49245,0.35057,0.27942,0.36318,0.40505,0.44044,-0.090718,0.010758,-0.11813,-0.052522,-0.30582,-0.31042,-0.42505,-0.3864,-0.2496,-0.33772,-0.04542,0.023504,0.035459,0.060297,0.090206,0.017564,-0.13084,-0.17461,0.10031,-0.18439,-0.090214,0.068336,-0.062515,0.080338,-0.3666,-0.1129,-0.1603,-0.13279,-0.067307,0.36243,0.10702,0.15828,0.19841,0.18723
-0.23383,-0.45053,-0.17258,-0.27055,0.082246,0.074993,-0.18053,-0.38515,0.026201,0.043466,0.063536,-0.35045,-0.079835,-0.33747,0.004165,-0.089593,0.075857,-0.13546,-0.035658,-0.18332,0.1205,-0.1833,0.12606,-0.072475,0.091565,0.24833,0.058229,0.029053,0.16332,-0.021357,0.1652,0.047969,0.0712,-0.028226,0.52181,0.36431,0.042907,-0.063614,-0.21661,-0.29286,-0.18618,0.096381,0.34364,0.35802,1,0.74958,-0.026402,0.046001,0.72563,0.56681,0.67051,0.57401,-0.22363,-0.32749,-0.35888,-0.39266,-0.41717,-0.43319,-0.13152,-0.23548,-0.20288,-0.42274,-0.061139,-0.28319,0.20056,0.080231,0.17611,0.20885,-0.37056,-0.35582,0.29945,0.1111,0.062752,-0.080452,0.011397,-0.17413,0.44112,0.30557,0.043249,0.13322,0.13033,0.081203,-0.09049,-0.13647,0.297,0.3563,-0.24025,-0.20346,-0.34901,-0.42033
-0.27005,-0.36203,-0.29472,-0.2278,-0.11473,-0.010681,-0.24359,-0.31537,-0.19776,-0.040554,0.013583,-0.31104,-0.2118,-0.18558,-0.25879,-0.25648,0.061759,0.017041,0.01167,0.017092,-0.13825,-0.20226,-0.075853,-0.12623,-0.14903,-0.11181,-0.029662,-0.17632,0.028742,-0.070632,-0.11897,-0.2061,0.042676,0.057218,0.28486,0.25673,0.12217,0.07003,-0.17871,-0.15481,-0.1701,0.14775,0.2059,0.29825,0.74958,1,0.0095801,0.106,0.69907,0.79254,0.50881,0.6589,-0.20122,-0.17856,-0.21027,-0.18935,-0.36857,-0.37893,-0.0058059,-0.11626,-0.15088,-0.31159,-0.0033643,-0.081787,0.18242,0.14506,0.15047,0.40714,-0.29961,-0.34967,0.19206,0.036665,0.11488,0.12381,0.083986,0.00042961,0.31203,0.27432,-0.10112,-0.073991,0.023132,-0.016415,-0.16614,-0.13323,0.088369,0.15226,-0.26723,-0.086903,-0.35708,-0.2561
0.23626,0.22404,0.34898,0.27974,0.13548,-0.070746,0.15981,0.13759,-0.004927,-0.048736,-0.18382,-0.11609,-0.042572,-0.16214,0.10994,0.13031,-0.37615,-0.30479,0.21654,0.080044,-0.16567,0.23316,0.080426,-0.048625,0.3731,0.10039,0.31417,0.23414,-0.39623,-0.30217,-0.084603,-0.057795,-0.21191,-0.30591,0.10218,-0.12497,0.23724,0.32628,0.27574,0.14928,0.050735,-0.11297,0.80541,0.62874,-0.026402,0.0095801,1,0.87036,0.11309,-0.062262,0.30655,0.082865,0.65814,0.55219,0.71055,0.66124,0.075778,0.19314,-0.029733,0.027214,-0.20368,-0.098941,-0.30671,-0.24957,-0.2908,-0.28579,0.068775,0.011355,0.14187,0.26135,-0.10926,0.032894,-0.22997,-0.1625,0.061993,-0.053806,-0.19532,-0.081375,-0.2427,-0.20964,-0.50746,-0.33683,-0.30625,-0.15804,-0.080229,-0.0002146,0.15515,0.21999,0.50609,0.27399
0.224,0.18032,0.30261,0.22863,0.15833,-0.081865,0.14563,0.072395,0.031866,-0.039823,-0.16843,-0.11155,-0.071017,-0.16992,0.056186,0.094322,-0.40198,-0.32898,0.24523,0.069373,-0.1889,0.1487,0.19063,0.033067,0.39626,0.099793,0.31735,0.18879,-0.38805,-0.30634,-0.055118,-0.080054,-0.14786,-0.24268,0.15042,-0.10828,0.18505,0.2921,0.1654,0.051753,-0.03209,-0.052416,0.75614,0.7576,0.046001,0.106,0.87036,1,0.24031,0.11593,0.38565,0.21399,0.51852,0.49174,0.59817,0.6569,0.035553,0.13942,-0.0419,-0.010944,-0.23426,-0.19108,-0.34847,-0.26899,-0.27457,-0.35999,-0.038295,-0.043577,0.052723,0.14325,0.0076307,0.074552,-0.23004,-0.17295,0.06161,-0.071523,-0.14181,-0.022276,-0.27731,-0.20673,-0.55147,-0.36692,-0.36649,-0.25073,-0.1633,0.040068,0.085272,0.19683,0.32388,0.23763
-0.11654,-0.37335,-0.14888,-0.27617,0.017832,0.054605,-0.10707,-0.32999,0.028773,-0.012585,0.15147,-0.2224,0.0016811,-0.1656,-0.12666,-0.097697,0.0757,-0.20215,-0.076686,-0.24248,-0.16404,-0.2977,0.20651,0.0065048,0.0043017,0.024284,0.036326,-0.096843,-0.10419,-0.32051,-0.024597,-0.11001,0.032603,-0.019428,0.42778,0.21684,-0.019307,-0.13864,-0.34906,-0.21326,-0.38552,0.083075,0.27458,0.32779,0.72563,0.69907,0.11309,0.24031,1,0.71476,0.72585,0.68891,-0.054876,-0.2512,-0.1781,-0.24222,-0.31221,-0.36211,0.1086,-0.10138,-0.012773,-0.28154,0.14638,-0.1524,0.40963,0.078593,0.21009,0.30266,-0.40123,-0.42225,0.37797,0.14724,-0.11409,-0.18153,-0.060358,-0.22472,0.3702,0.26842,-0.10396,-0.16827,-0.092873,-0.23668,-0.26889,-0.2824,0.029466,0.094395,-0.37448,-0.25712,-0.39494,-0.34271
-0.13882,-0.28446,-0.31448,-0.328,-0.1235,0.033328,-0.22238,-0.2992,-0.032112,-0.044845,0.11781,-0.16164,-0.16493,-0.050068,-0.21846,-0.12343,0.13437,0.0058242,-0.15718,-0.15961,-0.18876,-0.28606,0.053878,-0.00094837,-0.17796,-0.087771,-0.10325,-0.25149,-0.0067091,-0.13193,-0.048414,-0.1407,-0.082867,0.084495,0.23309,0.20442,-0.061643,-0.10212,-0.43222,-0.29623,-0.3168,0.11465,0.062337,0.28432,0.56681,0.79254,-0.062262,0.11593,0.71476,1,0.45121,0.69081,-0.18312,-0.22237,-0.25795,-0.2167,-0.23591,-0.30128,0.12798,-0.0097519,0.063248,-0.18748,0.14102,-0.019756,0.35247,0.31475,0.1003,0.37334,-0.23717,-0.31124,0.27048,0.10113,0.043797,0.067661,-0.010414,-0.075165,0.31455,0.35011,-0.068133,-0.099607,-0.096649,-0.11762,-0.25907,-0.22894,-0.032007,0.1159,-0.36395,-0.21172,-0.45351,-0.23369
-0.042874,-0.33664,0.017599,-0.066949,0.13761,0.025151,-0.10326,-0.30358,0.037164,0.068765,0.11505,-0.28182,0.11406,-0.28958,0.068942,0.10429,-0.2829,-0.44499,0.11236,-0.21512,-0.17483,-0.069758,0.21627,-0.09286,0.20486,0.096695,0.20162,0.095035,-0.3199,-0.45683,-0.15199,-0.20316,-0.14564,-0.35893,0.65868,0.31871,0.12792,0.059787,-0.028477,-0.027188,-0.15515,0.033326,0.55149,0.49245,0.67051,0.50881,0.30655,0.38565,0.72585,0.45121,1,0.70472,0.035234,-0.088847,0.021112,-0.044623,-0.36405,-0.3575,-0.14914,-0.24087,-0.29019,-0.46065,-0.30989,-0.50799,0.21103,-0.047233,0.14536,0.19951,-0.39327,-0.33926,0.30419,0.060695,-0.19331,-0.28148,-0.0078103,-0.22582,0.24765,0.14694,-0.19463,-0.21906,-0.31093,-0.36281,-0.14867,-0.18136,0.23231,0.46388,-0.10646,-0.040625,-0.026317,-0.11175
