1,0.5317,0.010685,0.092987,-0.17174,-0.087048,0.15068,0.2467,0.019515,-0.041779,0.10965,0.23285,0.14455,0.1763,-0.31045,-0.075501,-0.023556,-0.084985,0.20199,0.38108,-0.35987,-0.31092,-0.14965,-0.17359,-0.24382,-0.26873,-0.279,-0.22192,-0.21846,-0.21156,-0.37263,-0.37993,-0.048985,-0.034714,-0.22629,-0.25267,-0.22359,-0.22761,-0.16736,-0.21055,-0.15615,-0.18983,-0.2665,-0.33175,-0.25532,-0.12225,-0.38767,-0.39235,0.25149,0.33584,0.31761,0.3218,0.24419,0.28083,-0.17521,-0.21125,0.485,0.39331,0.51425,0.60873,0.70254,0.41488,0.38936,0.12469,0.14577,0.25571,-0.11912,0.046457,0.29357,0.2481,-0.35215,-0.38873,-0.24882,-0.25515,-0.24552,-0.29697,-0.076465,-0.14533,-0.08825,-0.1246,-0.15303,-0.20338,-0.20004,-0.26408,-0.095603,-0.046353,-0.16275,-0.1628,-0.021909,0.20381
0.5317,1,-0.18374,0.029758,-0.16398,-0.021597,-0.23261,0.17587,-0.049157,0.10727,0.060124,0.52237,0.18096,0.52137,-0.08036,0.23365,0.11147,0.44162,0.066791,0.42087,-0.083972,-0.051916,-0.22391,-0.131,-0.15298,-0.074249,-0.10215,-0.032787,0.019632,-0.034375,-0.23103,-0.20008,-0.17206,-0.13937,-0.43544,-0.47961,-0.068573,-0.10593,-0.030751,-0.096549,0.029911,-0.049025,-0.20789,-0.20642,-0.38894,-0.30616,-0.21756,-0.27046,-0.046003,0.079104,0.0019971,0.14685,0.23022,0.10275,-0.052101,-0.085274,0.43837,0.63659,0.081505,0.38245,0.29736,0.28137,0.12423,0.32329,-0.27145,0.0077747,-0.39472,-0.31456,0.13543,0.044471,-0.13986,-0.064337,-0.050672,0.024022,-0.12908,-0.11718,-0.18287,-0.099692,0.061213,-0.066475,-0.064782,0.24585,-0.023178,-0.05984,-0.33964,0.037096,0.086065,0.064336,-0.25359,0.036589
0.010685,-0.18374,1,0.39307,0.14601,0.12287,0.82568,-0.11913,0.15969,-0.0040381,0.19332,-0.41526,-0.094688,-0.21459,0.16945,-0.0075604,-0.20571,-0.14384,0.49927,0.11028,-0.17401,-0.20286,0.90465,0.74553,0.37929,0.11141,0.096297,-0.023395,-0.34938,-0.092912,0.22378,0.14429,0.25934,-0.11095,0.5416,0.34635,0.011597,0.0047101,0.024208,-0.033824,-0.030814,-0.040815,0.47293,0.26662,0.57721,0.16554,0.2823,0.33634,-0.030317,-0.3566,0.25326,-0.30489,-0.28071,-0.076773,-0.17973,-0.059571,0.21089,0.19335,0.31598,-0.22302,0.083094,-0.5052,-0.19697,-0.4427,0.42896,-0.19714,0.57691,0.050568,0.25576,0.22764,0.099827,-0.19701,-0.14334,-0.41325,-0.14096,-0.22625,0.12387,-0.22556,-0.099229,0.064605,-0.066164,0.00068048,0.065578,0.075375,0.59172,0.13352,0.043133,0.065256,-0.11432,-0.22898
0.092987,0.029758,0.39307,1,0.096557,0.32459,0.51032,0.71209,0.26643,0.27951,-0.039375,0.13734,0.10706,0.2259,-0.058557,0.18701,-0.32724,-0.18856,0.042212,0.113,-0.29258,-0.3003,0.47863,0.63448,0.086848,0.10233,-0.11954,-0.15709,-0.31715,-0.14341,0.061123,0.20499,0.11024,0.12885,0.11369,0.18435,-0.18461,-0.12125,-0.08537,-0.14875,-0.22642,-0.20449,0.015524,-0.051395,0.073466,0.070776,-0.015864,-0.029565,-0.074839,0.018206,0.058887,0.18826,-0.066966,0.03815,-0.17422,-0.19014,-0.02999,0.077874,0.12206,0.048644,0.15984,0.18843,-0.29684,-0.21849,0.1203,0.46841,0.11175,0.060904,0.076605,0.0745,-0.16441,-0.26364,-0.40151,-0.4842,-0.27897,-0.33708,-0.27023,-0.20848,-0.35034,-0.096521,-0.2317,-0.030795,-0.049302,-0.093038,-0.024351,0.11255,-0.048118,-0.074989,-0.17928,-0.1383
-0.17174,-0.16398,0.14601,0.096557,1,0.83964,0.075462,0.010617,0.85388,0.77364,0.10965,0.033192,0.13137,0.1681,0.5826,0.56849,-0.24046,-0.10189,-0.1455,-0.24042,0.22956,0.24371,0.22045,0.061452,0.76228,0.73428,0.46542,0.44898,0.0041142,0.068658,0.2961,0.32285,-0.058858,-0.093504,0.066739,-0.0099034,-0.3003,-0.27129,-0.2693,-0.23829,-0.29656,-0.34129,-0.074216,-0.1311,0.087721,-0.092711,-0.19352,-0.17403,-0.21571,-0.14757,-0.065894,-0.14814,-0.29981,-0.37422,-0.25255,-0.28328,-0.096835,0.028345,-0.04031,-0.24493,-0.072082,-0.11306,-0.12518,-0.19364,0.078875,0.055066,0.0022793,-0.23714,-0.0042078,-0.0054763,0.29751,0.24032,-0.03509,-0.13474,-0.034109,-0.13361,-0.25664,-0.41937,-0.25806,-0.049447,-0.1985,-0.040646,0.092838,0.21744,0.025034,0.078864,-0.031255,0.3238,-0.079426,-0.10549
-0.087048,-0.021597,0.12287,0.32459,0.83964,1,0.08501,0.20666,0.76051,0.86082,0.033706,0.14846,0.11653,0.30072,0.47563,0.63362,-0.33605,-0.02477,-0.1351,-0.06349,0.12556,0.14846,0.17778,0.14236,0.67423,0.71257,0.34742,0.41657,-0.053622,0.081839,0.2043,0.26332,-0.0090204,-0.051909,-0.041519,-0.072551,-0.33021,-0.23273,-0.23242,-0.21169,-0.27256,-0.27799,-0.087127,-0.10397,0.065213,-0.041725,-0.18086,-0.19274,-0.16616,-0.10455,-0.043667,-0.051055,-0.24547,-0.35692,-0.26171,-0.23345,-0.079839,0.085035,0.0056391,-0.18244,-0.030613,-0.052318,-0.22043,-0.16933,-0.026887,0.093948,-0.05138,-0.25037,0.039481,0.033859,0.17477,0.10622,-0.16209,-0.17934,-0.11389,-0.13654,-0.41398,-0.43783,-0.33692,-0.079793,-0.22145,0.10914,0.092855,0.22729,-0.097717,0.19547,-0.0026542,0.30386,-0.18362,-0.1138
0.15068,-0.23261,0.82568,0.51032,0.075462,0.08501,1,0.19957,0.21079,-0.016068,0.28814,-0.25564,0.15995,-0.14499,0.03678,-0.057019,-0.25509,-0.2198,0.41481,0.084731,-0.34319,-0.32683,0.74985,0.52856,0.17457,-0.073769,-0.041683,-0.17477,-0.31435,-0.14001,0.023206,-0.028879,0.37509,0.096518,0.3171,0.24645,-0.19327,-0.21362,-0.15408,-0.24543,-0.24494,-0.23265,0.28666,0.052964,0.44885,0.14701,0.15491,0.16516,0.11754,-0.22007,0.27241,-0.2535,-0.21273,-0.019853,-0.24635,-0.23144,0.062227,0.055943,0.46927,0.0037818,0.31376,-0.20583,-0.016856,-0.21838,0.59984,0.01993,0.60552,0.1587,0.25121,0.24743,-0.024877,-0.27344,-0.18605,-0.41956,-0.22905,-0.30473,0.043521,-0.27754,-0.27472,-0.095548,-0.14183,-0.18368,-0.10594,-0.1649,0.39632,-0.0085302,-0.20894,-0.21113,0.044343,-0.099431
0.2467,0.17587,-0.11913,0.71209,0.010617,0.20666,0.19957,1,0.27307,0.31592,0.051317,0.52123,0.31877,0.39363,-0.16386,0.16659,-0.26026,-0.15717,-0.14534,0.054624,-0.27867,-0.25534,-0.030314,0.014753,-0.28913,-0.14688,-0.2419,-0.22076,-0.088896,-0.069181,-0.21938,-0.040108,-0.064334,0.19709,-0.33585,-0.11549,-0.32249,-0.27617,-0.21787,-0.28393,-0.31048,-0.28143,-0.45773,-0.46216,-0.39946,-0.11225,-0.38921,-0.45337,0.084838,0.35319,-0.016147,0.37069,0.23026,0.22199,-0.069131,-0.25745,-0.12909,-0.07838,0.094742,0.39114,0.23039,0.68775,-0.068551,0.18926,0.12552,0.7412,-0.21269,0.061509,-0.10776,-0.079543,-0.2453,-0.22979,-0.32257,-0.2809,-0.22519,-0.24387,-0.38545,-0.14661,-0.40215,-0.22264,-0.27627,-0.10089,-0.14686,-0.22417,-0.2503,0.0016553,-0.2166,-0.28563,0.090061,0.22444
0.019515,-0.049157,0.15969,0.26643,0.85388,0.76051,0.21079,0.27307,1,0.80972,0.27317,0.26409,0.38367,0.36726,0.54829,0.58477,-0.28654,-0.099274,-0.15704,-0.21873,0.058111,0.10498,0.21624,0.025873,0.52518,0.52562,0.32806,0.32701,-0.066911,0.0098872,0.1649,0.23466,-0.073128,-0.088354,0.036501,0.0085434,-0.4218,-0.40198,-0.34512,-0.37603,-0.4124,-0.45145,-0.24709,-0.32815,-0.036389,-0.15749,-0.38252,-0.34727,-0.16279,-0.027842,-0.019969,-0.047743,-0.20236,-0.29564,-0.29138,-0.42451,-0.091791,0.11103,0.066684,0.007462,0.13845,0.12347,-0.05201,-0.12793,0.28063,0.31609,-0.028211,-0.21682,0.036123,0.064841,0.20868,0.12101,-0.15058,-0.27954,-0.1347,-0.26476,-0.33545,-0.46161,-0.32918,-0.073147,-0.25708,-0.09592,0.0060666,-0.019938,-0.02166,-0.029642,-0.13918,0.16902,0.018541,-0.086651
-0.041779,0.10727,-0.0040381,0.27951,0.77364,0.86082,-0.016068,0.31592,0.80972,1,0.21647,0.44417,0.33455,0.55565,0.62018,0.78542,-0.25428,0.041786,-0.18964,-0.17682,0.26383,0.31183,0.082238,0.0017077,0.55649,0.68171,0.35689,0.45158,0.031332,0.090471,0.21958,0.32281,-0.21957,-0.20686,-0.11549,-0.111,-0.29639,-0.27143,-0.22773,-0.24091,-0.25195,-0.29945,-0.33463,-0.35649,-0.19739,-0.2916,-0.39427,-0.37138,-0.27609,-0.076715,-0.13159,-0.010094,-0.13261,-0.27819,-0.13967,-0.23634,-0.11822,0.1332,-0.030356,-0.060877,0.014117,0.12623,-0.14664,-0.12478,0.040315,0.27501,-0.20087,-0.39373,-0.011829,-0.043075,0.31727,0.27749,-0.074062,-0.15102,-0.08211,-0.15853,-0.40319,-0.38131,-0.30023,-0.091162,-0.2625,0.11842,0.11536,0.098431,-0.2186,0.10893,0.0083802,0.38319,-0.09182,-0.040869
0.10965,0.060124,0.19332,-0.039375,0.10965,0.033706,0.28814,0.051317,0.27317,0.21647,1,0.45468,0.78754,0.47552,0.42363,0.3443,0.34345,0.28928,0.12472,-0.23825,0.091158,0.023938,0.201,-0.063914,0.019906,0.023638,-0.0082664,-0.1093,0.3811,0.28724,0.19502,0.14118,-0.087689,-0.26173,0.0055991,-0.075393,-0.099465,-0.20104,-0.025796,-0.143,-0.039591,-0.13574,-0.22106,-0.36785,-0.13119,-0.40098,-0.31725,-0.29508,-0.25508,-0.33707,-0.14373,-0.42173,-0.13626,-0.2313,-0.073685,-0.2821,-0.1246,0.024849,-0.029296,-0.092304,0.091284,-0.016335,0.20993,0.14404,0.33789,0.016734,-0.018777,-0.43353,-0.089791,-0.19768,0.2467,0.19287,0.1993,0.0024764,0.21355,-0.033784,0.10963,-0.13465,0.10122,0.1986,0.15413,0.13086,0.10632,-0.11425,0.0075584,-0.25928,-0.088063,0.012486,0.018355,-0.19176
0.23285,0.52237,-0.41526,0.13734,0.033192,0.14846,-0.25564,0.52123,0.26409,0.44417,0.45468,1,0.71711,0.92409,0.26344,0.57348,0.09335,0.34818,-0.37788,-0.107,0.063449,0.091688,-0.31245,-0.29013,-0.17711,0.053902,-0.031779,-0.0034944,0.26922,0.10793,-0.10665,0.015183,-0.3346,-0.1687,-0.46164,-0.35347,-0.21858,-0.30188,-0.14676,-0.24811,-0.13142,-0.23261,-0.60219,-0.58532,-0.6143,-0.45701,-0.55982,-0.61525,-0.16273,0.11666,-0.17988,0.11477,0.25647,0.017771,-0.0027638,-0.26617,-0.2043,0.069832,-0.16512,0.25977,0.10393,0.53499,-0.0067814,0.39678,-0.052728,0.40108,-0.52303,-0.38334,-0.2396,-0.25548,-0.014266,0.13517,-0.025705,0.0129,-0.036019,-0.18755,-0.31907,-0.16105,-0.16083,-0.12788,-0.11532,0.25777,0.033409,-0.12373,-0.45132,-0.04063,-0.018194,0.040666,-0.056054,0.086502
0.14455,0.18096,-0.094688,0.10706,0.13137,0.11653,0.15995,0.31877,0.38367,0.33455,0.78754,0.71711,1,0.71928,0.39808,0.4728,0.14611,0.26008,-0.23199,-0.25639,-0.013662,0.026125,-0.03855,-0.16442,-0.038978,0.048505,-0.0098188,-0.072847,0.31189,0.13671,-0.011211,0.030987,-0.14297,-0.16359,-0.20748,-0.1876,-0.17188,-0.29738,-0.10361,-0.24728,-0.14695,-0.24756,-0.4055,-0.5032,-0.32751,-0.41664,-0.42054,-0.46566,-0.19883,-0.13764,-0.12711,-0.22544,0.035087,-0.19112,-0.046201,-0.36396,-0.29618,-0.048965,-0.10818,0.045386,0.15989,0.25858,0.098258,0.26582,0.26695,0.21912,-0.22239,-0.39486,-0.1832,-0.21166,0.089281,0.16417,0.075263,-0.018232,0.074338,-0.12354,-0.068274,-0.15322,-0.14465,-0.078638,-0.052325,0.045669,0.063172,-0.23827,-0.29325,-0.31629,-0.08858,-0.063063,0.055521,-0.10193
0.1763,0.52137,-0.21459,0.2259,0.1681,0.30072,-0.14499,0.39363,0.36726,0.55565,0.47552,0.92409,0.71928,1,0.40875,0.73167,0.031755,0.37107,-0.34677,-0.10716,0.060769,0.10785,-0.12033,-0.064618,0.068078,0.25956,0.078856,0.082491,0.17043,0.079734,0.006171,0.11743,-0.27724,-0.23786,-0.28738,-0.26045,-0.23833,-0.32429,-0.17496,-0.28576,-0.16125,-0.29906,-0.44121,-0.45365,-0.43363,-0.4364,-0.47047,-0.50838,-0.27568,-0.068269,-0.14077,0.0071286,0.12583,-0.11496,-0.1086,-0.30748,-0.19727,0.17666,-0.16023,0.098652,0.087158,0.2953,-0.13941,0.22345,-0.067395,0.26313,-0.41683,-0.47227,-0.16329,-0.18123,0.052908,0.14298,-0.079375,-0.10918,-0.079566,-0.29178,-0.33627,-0.28262,-0.20505,-0.10404,-0.13192,0.36079,0.079963,-0.055542,-0.39204,0.035979,0.026001,0.19468,-0.21077,-0.12324
-0.31045,-0.08036,0.16945,-0.058557,0.5826,0.47563,0.03678,-0.16386,0.54829,0.62018,0.42363,0.26344,0.39808,0.40875,1,0.76412,-0.022341,0.20709,-0.15625,-0.31159,0.5984,0.65679,0.23149,0.097437,0.61776,0.66666,0.49556,0.59517,0.32345,0.28582,0.51127,0.51773,-0.19257,-0.30968,0.056506,-0.034351,-0.093067,-0.22061,-0.10958,-0.14667,-0.10271,-0.17204,-0.11553,-0.16434,0.0005481,-0.25942,-0.16499,-0.13417,-0.36403,-0.3777,-0.25911,-0.37166,-0.29804,-0.40438,-0.0065766,-0.12949,-0.20763,0.0073459,-0.1788,-0.31087,-0.24192,-0.20374,-0.22527,-0.093902,0.14004,-0.09314,0.0045461,-0.31715,-0.10768,-0.091672,0.6228,0.5899,0.28173,0.12982,0.039972,-0.081706,-0.17061,-0.3302,-0.075593,0.018003,-0.046866,0.24218,0.37859,0.32994,0.046351,0.070561,0.25296,0.5527,0.026612,-0.16839
-0.075501,0.23365,-0.0075604,0.18701,0.56849,0.63362,-0.057019,0.16659,0.58477,0.78542,0.3443,0.57348,0.4728,0.73167,0.76412,1,-0.092081,0.28869,-0.28236,-0.23614,0.38242,0.48177,0.081942,0.072698,0.57431,0.71148,0.34998,0.46578,0.1951,0.20011,0.29152,0.39437,-0.23733,-0.23505,-0.14562,-0.17255,-0.34532,-0.40752,-0.31885,-0.34687,-0.29482,-0.39963,-0.23761,-0.25366,-0.14521,-0.25895,-0.30107,-0.30068,-0.30602,-0.20293,-0.20925,-0.12852,-0.18571,-0.34699,-0.18961,-0.24341,-0.11715,0.14687,-0.10036,-0.14109,-0.087476,0.015341,-0.22742,0.020719,-0.072454,0.10322,-0.20267,-0.40527,-0.079777,-0.11623,0.32326,0.37071,0.020815,-0.034199,-0.15298,-0.30889,-0.41951,-0.53198,-0.25208,-0.089136,-0.17296,0.33036,0.23642,0.32168,-0.24296,0.24485,0.097424,0.56766,-0.18851,-0.10339
-0.023556,0.11147,-0.20571,-0.32724,-0.24046,-0.33605,-0.25509,-0.26026,-0.28654,-0.25428,0.34345,0.09335,0.14611,0.031755,-0.022341,-0.092081,1,0.55688,0.027324,-0.12662,0.30197,0.059397,-0.21888,-0.2227,-0.28926,-0.15231,-0.16283,-0.21772,0.65635,0.46444,0.35812,0.25484,-0.16099,-0.16906,-0.012143,-0.062175,0.22631,0.12732,0.25162,0.22284,0.2859,0.23096,-0.076671,-0.09116,-0.22485,-0.37165,-0.081863,-0.068899,-0.31359,-0.37042,-0.36667,-0.35249,-0.12369,-0.11104,0.045272,-0.025022,0.12508,0.13472,-0.2389,-0.15202,-0.031568,-0.032199,0.29908,0.22917,-0.10305,-0.14135,-0.25981,-0.33518,-0.077157,-0.1662,-0.018702,0.14663,0.33558,0.31314,0.42534,0.2995,0.27886,0.20791,0.79682,0.70955,0.7658,0.18431,0.12378,0.038327,-0.10691,-0.40443,0.073946,0.0041948,-0.098821,-0.2409
-0.084985,0.44162,-0.14384,-0.18856,-0.10189,-0.02477,-0.2198,-0.15717,-0.099274,0.041786,0.28928,0.34818,0.26008,0.37107,0.20709,0.28869,0.55688,1,-0.016655,0.057636,0.24793,0.17103,-0.15429,-0.14745,-0.04793,0.03488,0.056219,0.082223,0.50668,0.37287,0.1366,0.10727,-0.048747,-0.096736,-0.18278,-0.2393,0.048001,-0.059268,0.10118,0.014991,0.13477,0.075224,0.059953,0.043912,-0.068872,-0.23435,0.099877,0.072072,-0.23036,-0.42341,-0.32326,-0.43234,-0.12727,-0.29044,-0.044438,-0.072882,0.20471,0.43091,-0.19047,-0.12435,-0.12476,-0.11026,0.12549,0.47209,-0.20995,-0.29334,-0.22424,-0.39042,-0.063112,-0.038053,0.057117,0.19089,0.29137,0.31379,0.16593,0.14457,0.047432,-0.053686,0.46297,0.41929,0.47099,0.49655,0.15929,0.20277,-0.26609,-0.19323,0.15628,0.12089,-0.1798,-0.23243
0.20199,0.066791,0.49927,0.042212,-0.1455,-0.1351,0.41481,-0.14534,-0.15704,-0.18964,0.12472,-0.37788,-0.23199,-0.34677,-0.15625,-0.28236,0.027324,-0.016655,1,0.45407,-0.12763,-0.17573,0.4124,0.22626,0.005376,-0.19779,-0.0080005,-0.072893,-0.1654,-0.10746,-0.059323,-0.1149,0.36202,0.094283,0.21482,0.13716,0.052771,0.075536,0.041837,0.054296,0.025266,0.064858,0.27395,0.16032,0.30484,0.041856,0.1964,0.2629,-0.046354,-0.25666,-0.074732,-0.23996,-0.28654,-0.01155,-0.18603,-0.018511,0.45094,0.27702,0.31536,0.0014959,0.13274,-0.31919,0.19036,-0.17619,0.13075,-0.23739,0.46025,0.068503,0.42755,0.25736,0.10879,-0.042214,0.18418,-0.015274,0.042347,0.083913,0.33964,0.095058,0.1217,0.084915,-0.0080733,-0.068364,-0.11319,-0.037039,0.24184,0.0088945,-0.068817,-0.090362,-0.11382,-0.029383
0.38108,0.42087,0.11028,0.113,-0.24042,-0.06349,0.084731,0.054624,-0.21873,-0.17682,-0.23825,-0.107,-0.25639,-0.10716,-0.31159,-0.23614,-0.12662,0.057636,0.45407,1,-0.22067,-0.23615,0.020912,0.076486,-0.16496,-0.24082,-0.14388,-0.14207,-0.11088,-0.031691,-0.16356,-0.21971,0.41196,0.39287,-0.21109,-0.2272,-0.059645,0.0090585,-0.016077,-0.029631,-0.023602,0.052837,-0.0059048,0.02445,-0.0025409,0.030639,0.029889,-0.016048,0.05233,-0.07266,-0.05583,-0.016511,-0.05165,0.058019,-0.23738,-0.068498,0.3205,0.34059,0.28774,0.28102,0.25061,0.075318,-0.032251,0.16665,-0.18413,-0.19116,0.040527,0.13455,0.40705,0.47217,-0.15348,-0.22979,-0.039437,0.048788,-0.17948,0.036882,-0.036287,0.015686,-0.02843,-0.050282,0.036011,0.1777,-0.10192,-0.020218,0.0007666,0.16367,0.019123,-0.17155,-0.1683,0.0074774
-0.35987,-0.083972,-0.17401,-0.29258,0.22956,0.12556,-0.34319,-0.27867,0.058111,0.26383,0.091158,0.063449,-0.013662,0.060769,0.5984,0.38242,0.30197,0.24793,-0.12763,-0.22067,1,0.79339,-0.094551,-0.1232,0.32057,0.51825,0.40985,0.47812,0.53648,0.37886,0.64503,0.61477,-0.29826,-0.27014,-0.083585,-0.15347,0.20816,0.11432,0.17245,0.26224,0.19079,0.17576,-0.1729,-0.10394,-0.20541,-0.29634,-0.11683,-0.042342,-0.32873,-0.28835,-0.41646,-0.19703,-0.19808,-0.21366,0.23799,0.16599,-0.062109,-0.026505,-0.2621,-0.24071,-0.34728,-0.091084,-0.056398,0.0062001,-0.12298,-0.11737,-0.17668,-0.25577,-0.10184,-0.13453,0.66436,0.70897,0.51864,0.45425,0.28329,0.24639,-0.019009,0.010609,0.32528,0.27481,0.22317,0.20494,0.24442,0.46299,-0.088637,0.0040437,0.35993,0.53193,0.085179,0.027056
-0.31092,-0.051916,-0.20286,-0.3003,0.24371,0.14846,-0.32683,-0.25534,0.10498,0.31183,0.023938,0.091688,0.026125,0.10785,0.65679,0.48177,0.059397,0.17103,-0.17573,-0.23615,0.79339,1,-0.17085,-0.16231,0.37769,0.55009,0.29682,0.65017,0.43199,0.34601,0.42312,0.47835,-0.32811,-0.24779,-0.099317,-0.096004,0.097991,0.035858,0.0022533,0.062929,0.094685,0.085304,-0.15787,-0.086926,-0.13465,-0.19586,-0.084212,-0.028749,-0.22706,-0.19094,-0.38645,-0.1548,-0.19046,-0.24567,0.20113,0.21417,-0.043268,-0.020495,-0.13448,-0.13471,-0.30295,-0.069996,-0.063613,-0.016871,-0.14832,-0.099635,-0.082211,-0.13736,-0.005029,-0.077682,0.64977,0.69165,0.43177,0.44597,0.11639,0.13388,-0.14867,-0.086897,0.0781,0.010122,0.0010288,0.15512,0.43267,0.33306,-0.20416,0.075391,0.24203,0.53921,0.053604,0.037641
-0.14965,-0.22391,0.90465,0.47863,0.22045,0.17778,0.74985,-0.030314,0.21624,0.082238,0.201,-0.31245,-0.03855,-0.12033,0.23149,0.081942,-0.21888,-0.15429,0.4124,0.020912,-0.094551,-0.17085,1,0.81708,0.42691,0.18812,0.17943,0.025945,-0.30311,-0.093094,0.34089,0.2973,0.28318,-0.069535,0.52149,0.33037,0.0015713,-0.0049364,0.036324,-0.015191,-0.04664,-0.079152,0.39287,0.21889,0.51741,0.12439,0.24634,0.31624,-0.15082,-0.38685,0.12622,-0.30234,-0.37588,-0.16194,-0.18482,-0.092973,0.055644,0.10118,0.15829,-0.3321,-0.059635,-0.47883,-0.2881,-0.41628,0.33753,-0.15022,0.54437,0.0015219,0.18255,0.11223,0.19275,-0.055368,-0.12259,-0.4022,-0.06649,-0.20136,0.12483,-0.20837,-0.16226,0.045085,-0.12222,0.02726,0.052212,0.14119,0.5167,0.17668,0.070581,0.11902,-0.14556,-0.26717
-0.17359,-0.131,0.74553,0.63448,0.061452,0.14236,0.52856,0.014753,0.025873,0.0017077,-0.063914,-0.29013,-0.16442,-0.064618,0.097437,0.072698,-0.2227,-0.14745,0.22626,0.076486,-0.1232,-0.16231,0.81708,1,0.36424,0.22833,0.053518,-0.0064359,-0.34413,-0.10131,0.31379,0.32222,0.15682,-0.10895,0.52863,0.3781,0.14819,0.17401,0.1615,0.12109,0.089229,0.078673,0.47041,0.40448,0.51053,0.25743,0.374,0.41227,-0.15514,-0.27718,0.1698,-0.070035,-0.24316,-0.095442,-0.069926,0.077132,0.031935,0.067963,-0.0014214,-0.37548,-0.1324,-0.46195,-0.45441,-0.50096,0.075884,-0.11712,0.40325,0.098362,0.1009,0.055884,0.042417,-0.12636,-0.18918,-0.38877,-0.11222,-0.19437,0.022958,-0.099358,-0.16286,0.030402,-0.092106,0.13475,0.14765,0.15736,0.39617,0.29893,0.20278,0.16345,-0.28844,-0.35239
-0.24382,-0.15298,0.37929,0.086848,0.76228,0.67423,0.17457,-0.28913,0.52518,0.55649,0.019906,-0.17711,-0.038978,0.068078,0.61776,0.57431,-0.28926,-0.04793,0.005376,-0.16496,0.32057,0.37769,0.42691,0.36424,1,0.87836,0.55922,0.54268,-0.14597,-0.054816,0.3897,0.37118,0.011798,-0.17604,0.24018,0.055209,-0.18897,-0.2026,-0.24371,-0.18208,-0.23961,-0.28941,0.24485,0.17266,0.39032,0.074919,0.099244,0.13103,-0.2325,-0.30877,-0.00083863,-0.2335,-0.40324,-0.40342,-0.24852,-0.1679,0.01697,0.11706,0.021544,-0.41963,-0.17978,-0.48199,-0.27067,-0.3344,0.0096247,-0.24171,0.24673,-0.17728,0.099412,0.042644,0.4025,0.31404,0.019207,-0.12719,-0.13667,-0.24019,-0.15732,-0.44791,-0.26547,-0.12445,-0.27875,0.028641,0.1095,0.37532,0.12052,0.2884,0.099574,0.50895,-0.20362,-0.18119
-0.26873,-0.074249,0.11141,0.10233,0.73428,0.71257,-0.073769,-0.14688,0.52562,0.68171,0.023638,0.053902,0.048505,0.25956,0.66666,0.71148,-0.15231,0.03488,-0.19779,-0.24082,0.51825,0.55009,0.18812,0.22833,0.87836,1,0.45372,0.52406,0.084586,0.13667,0.52936,0.54961,-0.18604,-0.25011,0.12961,0.020303,-0.15971,-0.17135,-0.17935,-0.11355,-0.17485,-0.25128,0.029423,0.0025493,0.10864,-0.11107,-0.084373,-0.054391,-0.36969,-0.2809,-0.15473,-0.13114,-0.31739,-0.3674,-0.14342,-0.12668,-0.10214,0.072872,-0.13869,-0.37784,-0.20271,-0.27497,-0.30087,-0.29841,-0.093584,-0.062901,-0.04156,-0.32759,0.017256,-0.056447,0.42903,0.4126,0.051568,-0.032862,-0.017525,-0.15324,-0.28549,-0.40409,-0.19433,0.00298,-0.15787,0.12808,0.24674,0.38634,-0.062006,0.23474,0.16631,0.59562,-0.19021,-0.18102
-0.279,-0.10215,0.096297,-0.11954,0.46542,0.34742,-0.041683,-0.2419,0.32806,0.35689,-0.0082664,-0.031779,-0.0098188,0.078856,0.49556,0.34998,-0.16283,0.056219,-0.0080005,-0.14388,0.40985,0.29682,0.17943,0.053518,0.55922,0.45372,1,0.63794,-0.18013,-0.4183,0.15606,0.18051,0.18278,0.046949,0.079242,-0.015562,-0.060333,-0.16306,-0.17851,-0.044043,-0.20781,-0.20779,0.086251,0.084256,0.1818,0.060373,0.034196,0.090538,-0.094161,-0.17345,-0.11958,-0.19583,-0.23031,-0.2724,-0.15185,-0.20595,0.042301,0.061615,-0.1194,-0.23398,-0.18865,-0.24834,-0.071979,0.029375,0.051597,-0.16428,0.11861,-0.066207,-0.090731,0.068542,0.48869,0.48974,0.17453,0.031806,-0.031529,-0.1582,0.074712,-0.14627,-0.069767,-0.26755,-0.31693,-0.0055447,-0.34982,0.33439,-0.07028,0.056481,0.14038,0.34447,-0.1147,0.020261
-0.22192,-0.032787,-0.023395,-0.15709,0.44898,0.41657,-0.17477,-0.22076,0.32701,0.45158,-0.1093,-0.0034944,-0.072847,0.082491,0.59517,0.46578,-0.21772,0.082223,-0.072893,-0.14207,0.47812,0.65017,0.025945,-0.0064359,0.54268,0.52406,0.63794,1,-0.010265,-0.062401,0.19171,0.28887,-0.030902,-0.08684,-0.0065703,-0.023562,-0.053452,-0.079825,-0.17365,-0.093777,-0.099219,-0.073334,0.034868,0.12841,0.13356,0.082459,0.027055,0.084318,-0.097676,-0.098081,-0.22646,-0.099987,-0.28699,-0.39339,-0.055032,0.027876,0.10029,0.087464,-0.050326,-0.11206,-0.25277,-0.16895,-0.10887,-0.012353,-0.15478,-0.17302,0.094709,0.010983,0.053566,0.072534,0.55021,0.51115,0.20233,0.16104,-0.029135,-0.022769,-0.19395,-0.21662,-0.093283,-0.20928,-0.27222,0.13462,0.078664,0.33522,-0.16848,0.16486,0.098917,0.45209,-0.11846,-0.045522
-0.21846,0.019632,-0.34938,-0.31715,0.0041142,-0.053622,-0.31435,-0.088896,-0.066911,0.031332,0.3811,0.26922,0.31189,0.17043,0.32345,0.1951,0.65635,0.50668,-0.1654,-0.11088,0.53648,0.43199,-0.30311,-0.34413,-0.14597,0.084586,-0.18013,-0.010265,1,0.8136,0.49261,0.43127,-0.21272,-0.10521,-0.2693,-0.24424,0.07414,0.021977,0.15828,0.10891,0.20965,0.1778,-0.27616,-0.23449,-0.36491,-0.42644,-0.17049,-0.22596,-0.29374,-0.34376,-0.49367,-0.37237,-0.13636,-0.22234,0.15821,0.05308,-0.24377,-0.13524,-0.28493,-0.14759,-0.25875,0.10645,0.065524,0.34148,-0.18351,-0.13045,-0.3591,-0.35324,-0.18431,-0.25074,0.26829,0.3957,0.51599,0.56718,0.42243,0.40943,0.00010213,0.077947,0.47264,0.53961,0.63976,0.3025,0.43313,0.18373,-0.1919,-0.26835,0.11423,0.089995,0.0638,-0.13682
-0.21156,-0.034375,-0.092912,-0.14341,0.068658,0.081839,-0.14001,-0.069181,0.0098872,0.090471,0.28724,0.10793,0.13671,0.079734,0.28582,0.20011,0.46444,0.37287,-0.10746,-0.031691,0.37886,0.34601,-0.093094,-0.10131,-0.054816,0.13667,-0.4183,-0.062401,0.8136,1,0.5467,0.47992,-0.24535,-0.18062,-0.11925,-0.12579,0.023159,0.075143,0.14762,0.063264,0.21449,0.19948,-0.12585,-0.092736,-0.16091,-0.28277,-0.064251,-0.097015,-0.23685,-0.33926,-0.34966,-0.32989,-0.19101,-0.23872,0.10785,0.14628,-0.19387,-0.061283,-0.13957,-0.16247,-0.22988,-0.025522,-0.081765,0.099434,-0.16841,-0.15993,-0.18996,-0.27764,-0.0209,-0.16172,0.15806,0.14713,0.26248,0.37038,0.30427,0.37879,-0.191,-0.090723,0.33026,0.63656,0.65576,0.423,0.62434,0.17512,0.035991,-0.046141,0.074867,0.12243,0.030654,-0.24249
-0.37263,-0.23103,0.22378,0.061123,0.2961,0.2043,0.023206,-0.21938,0.1649,0.21958,0.19502,-0.10665,-0.011211,0.006171,0.51127,0.29152,0.35812,0.1366,-0.059323,-0.16356,0.64503,0.42312,0.34089,0.31379,0.3897,0.52936,0.15606,0.19171,0.49261,0.5467,1,0.90631,-0.11094,-0.20505,0.22148,0.082142,0.089883,0.055933,0.12867,0.1441,0.09999,0.067316,0.0089729,0.006862,0.0174,-0.27727,-0.043924,0.015126,-0.46374,-0.51691,-0.3438,-0.3229,-0.39755,-0.2813,0.012949,0.01298,-0.19685,-0.025198,-0.24792,-0.43852,-0.29465,-0.26439,-0.28852,-0.2463,-0.027004,-0.13174,-0.057532,-0.33068,0.0042411,-0.10916,0.48468,0.392,0.23564,0.10442,0.27088,0.13279,-0.061241,-0.13609,0.30408,0.57683,0.42608,0.23494,0.333,0.32897,0.16554,-0.01998,0.21583,0.3636,-0.088993,-0.36313
-0.37993,-0.20008,0.14429,0.20499,0.32285,0.26332,-0.028879,-0.040108,0.23466,0.32281,0.14118,0.015183,0.030987,0.11743,0.51773,0.39437,0.25484,0.10727,-0.1149,-0.21971,0.61477,0.47835,0.2973,0.32222,0.37118,0.54961,0.18051,0.28887,0.43127,0.47992,0.90631,1,-0.18787,-0.16813,0.16323,0.092633,0.0061524,-0.0018142,0.033207,0.054499,0.0071467,-0.025439,-0.071365,-0.045561,-0.041234,-0.27433,-0.12192,-0.032474,-0.47669,-0.43979,-0.45713,-0.22239,-0.40337,-0.31468,-0.026399,-0.019566,-0.18627,-0.019999,-0.26132,-0.36537,-0.35889,-0.17167,-0.33282,-0.25326,-0.14279,0.0052529,-0.090915,-0.32188,-0.01331,-0.13914,0.52806,0.45439,0.16758,0.072991,0.19576,0.086379,-0.16,-0.17642,0.21957,0.47225,0.26284,0.22956,0.2879,0.28852,-0.036722,0.014454,0.1181,0.34807,-0.18544,-0.35506
-0.048985,-0.17206,0.25934,0.11024,-0.058858,-0.0090204,0.37509,-0.064334,-0.073128,-0.21957,-0.087689,-0.3346,-0.14297,-0.27724,-0.19257,-0.23733,-0.16099,-0.048747,0.36202,0.41196,-0.29826,-0.32811,0.28318,0.15682,0.011798,-0.18604,0.18278,-0.030902,-0.21272,-0.24535,-0.11094,-0.18787,1,0.77184,0.18156,0.19995,-0.23453,-0.20331,-0.22395,-0.20009,-0.30159,-0.21786,0.29954,0.25949,0.42674,0.30132,0.3023,0.24611,0.08002,-0.27972,-0.090965,-0.32102,-0.34112,-0.21223,-0.41779,-0.27645,0.014368,0.0050677,0.15871,-0.053168,0.14197,-0.16474,0.0076137,0.15217,0.11549,-0.27409,0.39526,0.25587,0.22807,0.35853,-0.074282,-0.18265,-0.031604,-0.078095,-0.20179,-0.11265,0.10054,-0.083977,-0.13883,-0.14959,-0.00097579,0.020484,-0.32138,-0.017349,0.13542,0.051316,-0.17168,-0.2234,-0.12482,-0.14413
-0.034714,-0.13937,-0.11095,0.12885,-0.093504,-0.051909,0.096518,0.19709,-0.088354,-0.20686,-0.26173,-0.1687,-0.16359,-0.23786,-0.30968,-0.23505,-0.16906,-0.096736,0.094283,0.39287,-0.27014,-0.24779,-0.069535,-0.10895,-0.17604,-0.25011,0.046949,-0.08684,-0.10521,-0.18062,-0.20505,-0.16813,0.77184,1,-0.090724,0.095025,-0.3937,-0.31963,-0.37864,-0.32204,-0.44046,-0.31485,-0.0095633,0.061012,0.13888,0.28065,0.076092,0.0016299,0.12304,-0.014225,-0.25714,-0.078298,-0.26117,-0.11852,-0.43668,-0.34399,-0.062624,-0.12321,0.099979,0.1379,0.09748,0.20194,0.038997,0.33023,-0.040231,0.036723,0.12087,0.35692,0.042525,0.27808,-0.18285,-0.19106,-0.076373,0.023004,-0.31792,-0.12261,-0.094966,-0.092674,-0.17894,-0.20766,-0.052393,-0.070646,-0.36094,-0.069401,-0.11565,0.02793,-0.28977,-0.3204,-0.077485,0.037767
-0.22629,-0.43544,0.5416,0.11369,0.066739,-0.041519,0.3171,-0.33585,0.036501,-0.11549,0.0055991,-0.46164,-0.20748,-0.28738,0.056506,-0.14562,-0.012143,-0.18278,0.21482,-0.21109,-0.083585,-0.099317,0.52149,0.52863,0.24018,0.12961,0.079242,-0.0065703,-0.2693,-0.11925,0.22148,0.16323,0.18156,-0.090724,1,0.8343,0.21034,0.20076,0.18317,0.17432,0.13889,0.069861,0.47299,0.36474,0.59845,0.26393,0.29069,0.36959,-0.17694,-0.301,0.11661,-0.15723,-0.29329,-0.13143,-0.056942,0.020983,0.045553,-0.0092677,-0.062594,-0.37445,-0.082536,-0.50065,-0.10222,-0.56426,0.30755,-0.068361,0.46806,0.12979,0.093517,0.11186,0.024201,-0.12431,-0.1139,-0.3544,0.11477,-0.096119,0.33782,0.11743,0.094863,0.19931,0.10707,0.023144,0.14352,0.036386,0.51898,0.045432,0.10822,0.15106,-0.10882,-0.3818
-0.25267,-0.47961,0.34635,0.18435,-0.0099034,-0.072551,0.24645,-0.11549,0.0085434,-0.111,-0.075393,-0.35347,-0.1876,-0.26045,-0.034351,-0.17255,-0.062175,-0.2393,0.13716,-0.2272,-0.15347,-0.096004,0.33037,0.3781,0.055209,0.020303,-0.015562,-0.023562,-0.24424,-0.12579,0.082142,0.092633,0.19995,0.095025,0.8343,1,0.109,0.12569,0.078808,0.069051,0.038181,-0.0095268,0.35302,0.26266,0.4967,0.30069,0.23806,0.29134,-0.13266,-0.18267,-0.026183,-0.08879,-0.24791,-0.076511,-0.055222,-0.0057941,-0.03232,-0.13559,-0.098676,-0.26404,-0.066504,-0.27729,-0.052772,-0.45696,0.25103,0.094455,0.41065,0.25076,0.026222,0.073262,-0.064883,-0.17229,-0.15488,-0.29949,0.11427,-0.086791,0.25202,0.17112,0.018071,0.070507,0.026317,-0.056787,0.093975,-0.088223,0.33297,-0.0083353,-0.040274,0.02745,-0.052232,-0.31146
-0.22359,-0.068573,0.011597,-0.18461,-0.3003,-0.33021,-0.19327,-0.32249,-0.4218,-0.29639,-0.099465,-0.21858,-0.17188,-0.23833,-0.093067,-0.34532,0.22631,0.048001,0.052771,-0.059645,0.20816,0.097991,0.0015713,0.14819,-0.18897,-0.15971,-0.060333,-0.053452,0.07414,0.023159,0.089883,0.0061524,-0.23453,-0.3937,0.21034,0.109,1,0.90618,0.91547,0.88785,0.89729,0.87279,0.1706,0.16283,-0.025509,-0.13432,0.29563,0.28218,-0.12666,-0.12511,0.083661,-0.060139,0.24305,0.11175,0.69446,0.59396,-0.00073485,-0.053573,-0.3207,-0.27418,-0.17248,-0.20653,-0.028929,-0.21241,-0.0083001,-0.1893,-0.082468,-0.13384,-0.09158,-0.16438,0.029194,0.074237,0.17969,0.20071,0.49375,0.53101,0.49072,0.68451,0.38956,0.15049,0.21225,-0.0086484,0.34706,-0.024241,0.10334,-0.31694,0.5864,0.12953,0.1431,-0.060978
-0.22761,-0.10593,0.0047101,-0.12125,-0.27129,-0.23273,-0.21362,-0.27617,-0.40198,-0.27143,-0.20104,-0.30188,-0.29738,-0.32429,-0.22061,-0.40752,0.12732,-0.059268,0.075536,0.0090585,0.11432,0.035858,-0.0049364,0.17401,-0.2026,-0.17135,-0.16306,-0.079825,0.021977,0.075143,0.055933,-0.0018142,-0.20331,-0.31963,0.20076,0.12569,0.90618,1,0.89622,0.92371,0.8945,0.91868,0.1831,0.21694,0.021726,-0.040197,0.2961,0.30214,-0.061637,-0.038151,0.099304,0.055205,0.19325,0.088351,0.64013,0.68012,0.014846,-0.093631,-0.26585,-0.24199,-0.19598,-0.19587,-0.050288,-0.27899,-0.12406,-0.16974,-0.084481,-0.10672,-0.040819,-0.1649,-0.012501,-0.00066032,0.11347,0.19922,0.45794,0.59428,0.40088,0.66657,0.33619,0.16559,0.18965,0.0037387,0.34524,-0.029714,0.076431,-0.22911,0.5055,0.08524,0.051855,-0.079579
-0.16736,-0.030751,0.024208,-0.08537,-0.2693,-0.23242,-0.15408,-0.21787,-0.34512,-0.22773,-0.025796,-0.14676,-0.10361,-0.17496,-0.10958,-0.31885,0.25162,0.10118,0.041837,-0.016077,0.17245,0.0022533,0.036324,0.1615,-0.24371,-0.17935,-0.17851,-0.17365,0.15828,0.14762,0.12867,0.033207,-0.22395,-0.37864,0.18317,0.078808,0.91547,0.89622,1,0.9349,0.9282,0.8805,0.12371,0.1093,-0.068383,-0.16702,0.22604,0.20651,-0.14716,-0.12545,0.086742,-0.036252,0.19021,0.065042,0.67115,0.56807,-0.040736,-0.03515,-0.32496,-0.25606,-0.14249,-0.14173,-0.041071,-0.19073,0.0085358,-0.13272,-0.13494,-0.19324,-0.11821,-0.17012,-0.043012,0.0066923,0.14886,0.16701,0.5171,0.56047,0.43209,0.63084,0.38406,0.25539,0.28456,0.034223,0.42607,-0.0014692,0.11878,-0.32086,0.64865,0.10009,0.13746,-0.11491
-0.21055,-0.096549,-0.033824,-0.14875,-0.23829,-0.21169,-0.24543,-0.28393,-0.37603,-0.24091,-0.143,-0.24811,-0.24728,-0.28576,-0.14667,-0.34687,0.22284,0.014991,0.054296,-0.029631,0.26224,0.062929,-0.015191,0.12109,-0.18208,-0.11355,-0.044043,-0.093777,0.10891,0.063264,0.1441,0.054499,-0.20009,-0.32204,0.17432,0.069051,0.88785,0.92371,0.9349,1,0.88926,0.88274,0.15602,0.17007,-0.039142,-0.076926,0.24945,0.25493,-0.063974,-0.052374,0.08971,0.038443,0.15533,0.066317,0.64168,0.61497,0.0056667,-0.086165,-0.29717,-0.26664,-0.19504,-0.16866,-0.02643,-0.2062,-0.068662,-0.14911,-0.13992,-0.15486,-0.11527,-0.18813,0.011971,0.067478,0.15805,0.20018,0.49786,0.5491,0.43525,0.6212,0.38998,0.21326,0.23893,-0.026553,0.30083,0.11423,0.078092,-0.2607,0.62574,0.17527,0.10263,-0.031346
-0.15615,0.029911,-0.030814,-0.22642,-0.29656,-0.27256,-0.24494,-0.31048,-0.4124,-0.25195,-0.039591,-0.13142,-0.14695,-0.16125,-0.10271,-0.29482,0.2859,0.13477,0.025266,-0.023602,0.19079,0.094685,-0.04664,0.089229,-0.23961,-0.17485,-0.20781,-0.099219,0.20965,0.21449,0.09999,0.0071467,-0.30159,-0.44046,0.13889,0.038181,0.89729,0.8945,0.9282,0.88926,1,0.91459,0.11544,0.12981,-0.064922,-0.14653,0.22692,0.21392,-0.097578,-0.10858,0.085605,-0.054488,0.20086,0.040077,0.67247,0.62881,-0.016835,-0.026505,-0.26917,-0.22024,-0.17313,-0.18622,-0.006871,-0.14007,-0.08503,-0.23412,-0.14836,-0.20599,-0.11075,-0.22727,-0.014882,0.044603,0.19979,0.23085,0.54471,0.57228,0.38952,0.58897,0.40986,0.23923,0.32136,0.13492,0.47761,0.020049,0.096552,-0.24088,0.59169,0.14638,0.083481,-0.11485
-0.18983,-0.049025,-0.040815,-0.20449,-0.34129,-0.27799,-0.23265,-0.28143,-0.45145,-0.29945,-0.13574,-0.23261,-0.24756,-0.29906,-0.17204,-0.39963,0.23096,0.075224,0.064858,0.052837,0.17576,0.085304,-0.079152,0.078673,-0.28941,-0.25128,-0.20779,-0.073334,0.1778,0.19948,0.067316,-0.025439,-0.21786,-0.31485,0.069861,-0.0095268,0.87279,0.91868,0.8805,0.88274,0.91459,1,0.11802,0.18917,-0.04388,-0.048692,0.27653,0.26097,0.0095683,-0.03184,0.081651,-0.0029345,0.21089,0.084779,0.66147,0.66631,0.0092309,-0.095641,-0.20088,-0.17793,-0.19061,-0.14501,-0.0063348,-0.11653,-0.096816,-0.21549,-0.10441,-0.071829,-0.064884,-0.15584,-0.011283,0.012088,0.24033,0.31206,0.44943,0.62863,0.30396,0.59267,0.39401,0.22806,0.31387,0.092339,0.40713,0.015627,0.10497,-0.22207,0.55772,0.066973,0.11042,-0.02249
-0.2665,-0.20789,0.47293,0.015524,-0.074216,-0.087127,0.28666,-0.45773,-0.24709,-0.33463,-0.22106,-0.60219,-0.4055,-0.44121,-0.11553,-0.23761,-0.076671,0.059953,0.27395,-0.0059048,-0.1729,-0.15787,0.39287,0.47041,0.24485,0.029423,0.086251,0.034868,-0.27616,-0.12585,0.0089729,-0.071365,0.29954,-0.0095633,0.47299,0.35302,0.1706,0.1831,0.12371,0.15602,0.11544,0.11802,1,0.89017,0.77157,0.56222,0.87572,0.87241,0.2298,-0.21726,0.31074,-0.16931,-0.15739,-0.18015,-0.0036024,0.28507,0.1336,0.10091,0.013309,-0.39706,-0.21923,-0.67659,-0.17721,-0.2674,-0.062027,-0.55144,0.49362,0.20287,0.079743,0.071536,-0.055946,-0.19583,-0.13144,-0.19418,-0.04631,-0.050756,0.18417,-0.025355,0.10076,0.059226,0.074675,0.029118,0.014367,0.15232,0.33438,0.13085,0.05493,0.044095,-0.19047,-0.29132
-0.33175,-0.20642,0.26662,-0.051395,-0.1311,-0.10397,0.052964,-0.46216,-0.32815,-0.35649,-0.36785,-0.58532,-0.5032,-0.45365,-0.16434,-0.25366,-0.09116,0.043912,0.16032,0.02445,-0.10394,-0.086926,0.21889,0.40448,0.17266,0.0025493,0.084256,0.12841,-0.23449,-0.092736,0.006862,-0.045561,0.25949,0.061012,0.36474,0.26266,0.16283,0.21694,0.1093,0.17007,0.12981,0.18917,0.89017,1,0.69284,0.66526,0.86801,0.86215,0.23206,-0.086577,0.22832,-0.011498,-0.17182,-0.22674,0.0029781,0.33673,0.09336,-0.016415,-0.08085,-0.38587,-0.36309,-0.64114,-0.26452,-0.22255,-0.27436,-0.56948,0.38799,0.31482,-0.0044572,0.0055972,-0.036978,-0.13185,-0.068622,-0.063258,-0.059436,0.040072,0.078617,0.010715,0.090432,0.027226,0.074764,0.092552,0.011588,0.2068,0.23461,0.23499,0.077664,0.040025,-0.24925,-0.28964
-0.25532,-0.38894,0.57721,0.073466,0.087721,0.065213,0.44885,-0.39946,-0.036389,-0.19739,-0.13119,-0.6143,-0.32751,-0.43363,0.0005481,-0.14521,-0.22485,-0.068872,0.30484,-0.0025409,-0.20541,-0.13465,0.51741,0.51053,0.39032,0.10864,0.1818,0.13356,-0.36491,-0.16091,0.0174,-0.041234,0.42674,0.13888,0.59845,0.4967,-0.025509,0.021726,-0.068383,-0.039142,-0.064922,-0.04388,0.77157,0.69284,1,0.74219,0.65684,0.67693,0.24577,-0.19362,0.23112,-0.24513,-0.3937,-0.37071,-0.2066,0.020769,0.13473,0.014481,0.19306,-0.36835,-0.15079,-0.68391,-0.11416,-0.25797,0.12329,-0.43558,0.77222,0.39511,0.12519,0.15027,0.013752,-0.15504,-0.11164,-0.22154,-0.10614,-0.13445,0.15086,-0.17083,-0.12761,-0.061085,-0.068675,0.038497,-0.04818,0.16917,0.3831,0.24692,-0.066107,0.034158,-0.19967,-0.32334
-0.12225,-0.30616,0.16554,0.070776,-0.092711,-0.041725,0.14701,-0.11225,-0.15749,-0.2916,-0.40098,-0.45701,-0.41664,-0.4364,-0.25942,-0.25895,-0.37165,-0.23435,0.041856,0.030639,-0.29634,-0.19586,0.12439,0.25743,0.074919,-0.11107,0.060373,0.082459,-0.42644,-0.28277,-0.27727,-0.27433,0.30132,0.28065,0.26393,0.30069,-0.13432,-0.040197,-0.16702,-0.076926,-0.14653,-0.048692,0.56222,0.66526,0.74219,1,0.55798,0.53363,0.58605,0.39394,0.34543,0.25205,-0.12057,-0.14877,-0.12028,0.092369,0.094832,-0.20411,0.1914,-0.053844,-0.14632,-0.28156,-0.12347,-0.048112,-0.028401,-0.15643,0.53797,0.72444,-0.058241,0.044743,-0.22081,-0.27967,-0.21706,-0.17347,-0.2586,-0.17498,-0.082863,-0.14744,-0.29651,-0.30217,-0.23348,-0.086632,-0.17598,0.18665,0.2287,0.37243,-0.092464,-0.090168,-0.058736,0.010832
-0.38767,-0.21756,0.2823,-0.015864,-0.19352,-0.18086,0.15491,-0.38921,-0.38252,-0.39427,-0.31725,-0.55982,-0.42054,-0.47047,-0.16499,-0.30107,-0.081863,0.099877,0.1964,0.029889,-0.11683,-0.084212,0.24634,0.374,0.099244,-0.084373,0.034196,0.027055,-0.17049,-0.064251,-0.043924,-0.12192,0.3023,0.076092,0.29069,0.23806,0.29563,0.2961,0.22604,0.24945,0.22692,0.27653,0.87572,0.86801,0.65684,0.55798,1,0.91647,0.24621,-0.17136,0.21093,-0.17726,-0.061727,-0.17085,0.20656,0.43183,0.051658,-0.040298,-0.070649,-0.41184,-0.3119,-0.59052,-0.18701,-0.13987,-0.15653,-0.55451,0.40824,0.24733,0.00019626,-0.0042649,-0.047685,-0.10228,-0.010916,0.023668,-0.017333,0.13288,0.20626,0.12355,0.090982,-0.0212,0.092959,0.045134,0.069337,0.13817,0.18847,0.074498,0.1222,-0.016328,-0.079201,-0.19372
-0.39235,-0.27046,0.33634,-0.029565,-0.17403,-0.19274,0.16516,-0.45337,-0.34727,-0.37138,-0.29508,-0.61525,-0.46566,-0.50838,-0.13417,-0.30068,-0.068899,0.072072,0.2629,-0.016048,-0.042342,-0.028749,0.31624,0.41227,0.13103,-0.054391,0.090538,0.084318,-0.22596,-0.097015,0.015126,-0.032474,0.24611,0.0016299,0.36959,0.29134,0.28218,0.30214,0.20651,0.25493,0.21392,0.26097,0.87241,0.86215,0.67693,0.53363,0.91647,1,0.16419,-0.20134,0.16606,-0.16861,-0.14183,-0.12816,0.15412,0.4644,0.12179,0.058075,-0.023996,-0.39337,-0.31096,-0.63603,-0.10177,-0.19686,-0.16047,-0.55028,0.51641,0.27311,0.1443,0.096368,0.08591,-0.013377,-0.014765,-0.024386,0.011546,0.11301,0.22676,0.11938,0.16042,0.051898,0.085739,0.044516,0.022216,0.15082,0.22682,0.12165,0.095254,0.048411,-0.078928,-0.20049
0.25149,-0.046003,-0.030317,-0.074839,-0.21571,-0.16616,0.11754,0.084838,-0.16279,-0.27609,-0.25508,-0.16273,-0.19883,-0.27568,-0.36403,-0.30602,-0.31359,-0.23036,-0.046354,0.05233,-0.32873,-0.22706,-0.15082,-0.15514,-0.2325,-0.36969,-0.094161,-0.097676,-0.29374,-0.23685,-0.46374,-0.47669,0.08002,0.12304,-0.17694,-0.13266,-0.12666,-0.061637,-0.14716,-0.063974,-0.097578,0.0095683,0.2298,0.23206,0.24577,0.58605,0.24621,0.16419,1,0.62178,0.63538,0.39457,0.38417,0.18955,0.073616,0.16121,0.11045,-0.15004,0.46344,0.38328,0.19275,0.16347,0.10206,0.2177,0.13891,0.034353,0.20645,0.50064,-0.059441,0.023575,-0.29786,-0.36479,-0.23867,-0.10712,-0.34168,-0.21734,-0.20277,-0.1635,-0.26444,-0.33386,-0.2184,-0.22623,-0.25443,-0.020146,0.026611,0.13317,-0.14437,-0.24113,0.12472,0.38954
0.33584,0.079104,-0.3566,0.018206,-0.14757,-0.10455,-0.22007,0.35319,-0.027842,-0.076715,-0.33707,0.11666,-0.13764,-0.068269,-0.3777,-0.20293,-0.37042,-0.42341,-0.25666,-0.07266,-0.28835,-0.19094,-0.38685,-0.27718,-0.30877,-0.2809,-0.17345,-0.098081,-0.34376,-0.33926,-0.51691,-0.43979,-0.27972,-0.014225,-0.301,-0.18267,-0.12511,-0.038151,-0.12545,-0.052374,-0.10858,-0.03184,-0.21726,-0.086577,-0.19362,0.39394,-0.17136,-0.20134,0.62178,1,0.48442,0.84828,0.49171,0.44848,0.17028,0.14909,0.059432,-0.22036,0.1995,0.53328,0.17929,0.51367,0.095572,0.091626,0.036504,0.47834,-0.13663,0.48444,-0.17219,-0.13202,-0.3466,-0.27929,-0.24373,-0.10688,-0.26854,-0.15406,-0.2532,0.0085708,-0.34303,-0.43119,-0.45236,-0.37754,-0.22374,-0.12928,-0.094876,0.15399,-0.10003,-0.18076,0.21263,0.53825
0.31761,0.0019971,0.25326,0.058887,-0.065894,-0.043667,0.27241,-0.016147,-0.019969,-0.13159,-0.14373,-0.17988,-0.12711,-0.14077,-0.25911,-0.20925,-0.36667,-0.32326,-0.074732,-0.05583,-0.41646,-0.38645,0.12622,0.1698,-0.00083863,-0.15473,-0.11958,-0.22646,-0.49367,-0.34966,-0.3438,-0.45713,-0.090965,-0.25714,0.11661,-0.026183,0.083661,0.099304,0.086742,0.08971,0.085605,0.081651,0.31074,0.22832,0.23112,0.34543,0.21093,0.16606,0.63538,0.48442,1,0.45665,0.54135,0.3712,0.22829,0.25358,0.061245,-0.036551,0.31745,0.1576,0.29737,-0.025308,-0.014447,-0.14742,0.32133,0.018066,0.14917,0.22774,-0.064555,-0.015346,-0.31822,-0.44135,-0.35568,-0.39961,-0.27783,-0.27061,-0.056818,-0.089184,-0.29389,-0.28702,-0.26104,-0.23697,-0.1006,-0.087931,0.3598,0.19838,0.067152,-0.091296,0.19282,0.25199
