1,0.67083,0.80538,0.71753,-0.13359,-0.062005,0.76986,0.62128,-0.12069,-0.014089,0.092059,0.064706,0.0091816,-0.012813,-0.080548,-0.00091507,-0.13091,-0.18478,0.59586,0.80152,-0.20113,-0.20462,0.46959,0.64677,-0.16863,-0.16208,-0.134,-0.10146,-0.27735,-0.38675,-0.12345,-0.063677,0.0023984,0.12451,-0.077062,-0.23138,0.063363,-0.10669,0.17783,0.1869,0.10806,0.0015299,-0.32692,-0.30587,0.097957,0.2767,-0.35876,-0.35525,0.40058,0.45993,0.1246,0.23681,-0.25961,-0.29737,-0.061238,-0.036495,0.58256,0.64524,0.67924,0.60249,0.53051,0.62548,-0.040482,0.30176,0.33542,0.58294,0.20622,0.32175,0.49783,0.58958,-0.16992,-0.3068,-0.18557,-0.15984,-0.15308,-0.19754,-0.2427,-0.24264,-0.3062,-0.36857,-0.43334,-0.46961,0.092549,0.022784,-0.20676,-0.22914,0.22492,0.045796,-0.04649,-0.14153
0.67083,1,0.57791,0.74641,-0.16147,-0.055779,0.41035,0.76076,-0.12344,-0.0064437,0.0097551,0.34134,-0.15762,0.31471,0.058858,0.21153,0.1329,0.11927,0.65018,0.83113,-0.29806,-0.31637,0.24354,0.68171,-0.31777,-0.35162,-0.16304,-0.10432,0.037699,-0.067442,-0.25544,-0.11151,-0.1758,-0.066601,-0.41111,-0.50153,0.20573,0.12539,0.34368,0.34731,0.0099396,0.014493,-0.45318,-0.32352,-0.017951,0.326,-0.46342,-0.40854,0.45077,0.54974,0.02698,0.41651,-0.27015,-0.27885,0.18718,0.1396,0.55207,0.95047,0.81347,0.81036,0.45622,0.82158,-0.13173,0.56262,0.21873,0.72501,0.1465,0.41287,0.55379,0.64307,-0.30399,-0.33309,-0.055245,-0.21037,-0.20658,-0.10506,-0.18979,-0.11963,-0.043036,-0.11491,-0.19433,-0.23987,0.16258,0.10289,-0.25587,-0.024682,0.31035,0.092206,0.11633,0.007741
0.80538,0.57791,1,0.70074,-0.04272,-0.029095,0.87234,0.59133,-0.0090834,-0.037015,0.13523,0.096162,-0.0044814,0.012817,-0.0089107,0.03589,-0.082834,-0.17437,0.5336,0.72095,-0.21066,-0.25869,0.73016,0.76864,-0.099074,-0.17848,-0.064509,-0.089517,-0.23212,-0.3959,-0.028012,0.096895,-0.1197,0.041122,-0.032031,-0.16683,-0.0071129,-0.077281,0.10267,0.17076,-0.078785,-0.14021,-0.17853,-0.19913,0.13118,0.19381,-0.29111,-0.30195,0.44179,0.38821,0.16359,0.2028,-0.28339,-0.19374,-0.09184,-0.066878,0.44476,0.53537,0.52828,0.43754,0.38215,0.43118,-0.17085,0.10888,0.24044,0.41902,0.1695,0.2051,0.28352,0.44802,-0.087962,-0.27741,-0.20517,-0.20525,-0.17807,-0.2965,-0.15788,-0.15067,-0.20374,-0.29062,-0.38597,-0.44932,0.086721,-0.049396,-0.14557,-0.15514,0.17365,0.10715,-0.041699,-0.19294
0.71753,0.74641,0.70074,1,-0.29434,-0.15641,0.65914,0.9171,-0.25128,-0.087159,-0.065505,0.25797,-0.1789,0.25606,-0.19034,0.0062054,-0.091482,0.0112,0.64695,0.77109,-0.30894,-0.30934,0.56547,0.83031,-0.26547,-0.27072,-0.24849,-0.19825,-0.14589,-0.21628,-0.13121,0.046091,-0.096206,0.031399,-0.072546,-0.24924,0.13668,-0.095409,0.18987,0.12571,0.076711,-0.17482,-0.1955,-0.085654,0.14788,0.34384,-0.25103,-0.22708,0.39107,0.52614,0.16789,0.43271,-0.17374,-0.14422,-0.047097,-0.027582,0.49611,0.68577,0.65267,0.68046,0.4502,0.638,-0.11979,0.3924,0.32906,0.65884,0.39128,0.45463,0.56553,0.54316,-0.18242,-0.16885,-0.0871,-0.26983,-0.25033,-0.25697,-0.14452,-0.10662,-0.21065,-0.15548,-0.3624,-0.21444,0.0032628,0.019507,-0.32559,0.12337,0.15624,-0.050194,-0.068011,-0.051123
-0.13359,-0.16147,-0.04272,-0.29434,1,0.8563,-0.16382,-0.38591,0.93253,0.68713,-0.1443,-0.37026,-0.043264,-0.38947,0.84185,0.49086,-0.34461,-0.42461,-0.19239,-0.091462,0.7352,0.59787,-0.11638,-0.28389,0.75996,0.57017,0.74356,0.80834,-0.035169,-0.059719,0.19707,0.097834,-0.28802,-0.23887,-0.14717,0.048744,0.068695,0.045344,0.2777,0.25665,-0.0040419,0.055984,-0.10913,-0.22023,-0.34029,-0.22902,0.079702,0.024172,-0.1915,-0.1866,-0.27847,-0.39589,-0.16335,-0.11636,0.41879,0.26721,-0.19937,-0.081882,-0.073513,-0.030132,-0.14924,-0.094348,-0.21723,-0.35569,-0.26972,-0.25165,-0.17055,-0.12689,-0.14184,0.12406,0.53961,0.28168,0.14675,0.21922,0.47155,0.26227,-0.054194,-0.13039,-0.24242,-0.21407,-0.05758,-0.26865,0.52008,0.13199,0.3803,-0.1323,0.34658,0.30798,0.55621,0.23532
-0.062005,-0.055779,-0.029095,-0.15641,0.8563,1,-0.16766,-0.23133,0.79055,0.72319,-0.15107,-0.32747,-0.039988,-0.3167,0.73901,0.64842,-0.35053,-0.38696,-0.12316,-0.013634,0.74334,0.66002,-0.16408,-0.15972,0.73558,0.6199,0.81108,0.87913,-0.083497,-0.073216,0.15567,0.11892,-0.23717,-0.21529,-0.12861,0.10207,0.047508,0.093359,0.32215,0.36936,-0.14895,0.072961,-0.14131,-0.2706,-0.33728,-0.27149,0.12396,0.047773,-0.24602,-0.19848,-0.33898,-0.39967,-0.11726,-0.19521,0.52389,0.43831,-0.1696,0.00038971,0.010563,0.061131,-0.16133,-0.043059,-0.19503,-0.27072,-0.24853,-0.15249,-0.11205,-0.15412,-0.071596,0.099547,0.42293,0.25908,0.2006,0.23079,0.43791,0.3116,-0.15024,-0.20519,-0.29006,-0.17245,-0.07477,-0.22078,0.48183,0.21809,0.34562,-0.0056439,0.37273,0.46596,0.62373,0.50403
0.76986,0.41035,0.87234,0.65914,-0.16382,-0.16766,1,0.57529,-0.14795,-0.20084,0.25317,0.11781,0.13766,0.037948,-0.16031,-0.19272,-0.14873,-0.16692,0.52459,0.58781,-0.27076,-0.31683,0.74855,0.73856,-0.1466,-0.16699,-0.15338,-0.21526,-0.33998,-0.45259,-0.025414,0.10699,0.032225,0.19021,0.12335,-0.065685,-0.16352,-0.17379,-0.0753,-0.02158,-0.089647,-0.18296,-0.0013413,-0.0061585,0.23783,0.22427,-0.15179,-0.16866,0.35858,0.33658,0.28122,0.2523,-0.13636,-0.086502,-0.24812,-0.19836,0.42496,0.33027,0.35214,0.27029,0.4678,0.33164,0.0026762,0.1115,0.41535,0.34162,0.25375,0.21818,0.26287,0.3116,-0.12013,-0.26827,-0.23485,-0.22536,-0.23855,-0.38671,-0.19397,-0.15689,-0.26414,-0.24704,-0.39701,-0.41766,-0.050806,-0.1776,-0.15342,-0.21995,0.084972,-0.089692,-0.18916,-0.32204
0.62128,0.76076,0.59133,0.9171,-0.38591,-0.23133,0.57529,1,-0.35424,-0.19155,-0.0373,0.34329,-0.10485,0.37283,-0.24444,-0.037912,-0.014535,0.16545,0.62833,0.70222,-0.40862,-0.40863,0.45873,0.80397,-0.38359,-0.35665,-0.30411,-0.26502,-0.14244,-0.17334,-0.15877,0.076038,0.041896,0.14413,-0.13559,-0.28057,0.046042,-0.13369,0.11141,0.07545,0.0052289,-0.19567,-0.26377,-0.12199,0.15975,0.39848,-0.36745,-0.34498,0.42996,0.60491,0.1494,0.54637,-0.26895,-0.18359,-0.12089,-0.10656,0.48567,0.6794,0.59455,0.61687,0.44514,0.68803,-0.045708,0.57686,0.34757,0.74813,0.27453,0.39899,0.49182,0.4319,-0.33405,-0.27033,-0.088459,-0.33511,-0.35009,-0.30695,-0.17507,-0.11943,-0.08546,-0.051489,-0.31877,-0.15096,-0.069331,-0.021509,-0.44694,0.071882,0.12626,-0.071165,-0.091056,-0.060601
-0.12069,-0.12344,-0.0090834,-0.25128,0.93253,0.79055,-0.14795,-0.35424,1,0.71546,-0.19219,-0.36622,0.021047,-0.35222,0.88632,0.54728,-0.32463,-0.45067,-0.20249,-0.054772,0.65777,0.51634,-0.10938,-0.259,0.63484,0.45152,0.6485,0.71979,0.049438,-0.030941,0.12936,0.059147,-0.38691,-0.31118,-0.23787,-0.017161,0.12893,0.13782,0.30447,0.28842,-0.017076,0.082738,-0.18135,-0.25962,-0.30962,-0.17248,0.039904,0.024239,-0.12329,-0.13679,-0.22794,-0.35962,-0.12277,-0.071698,0.43743,0.31665,-0.19252,-0.05645,0.0033579,0.017284,-0.14476,-0.059297,-0.23191,-0.37632,-0.2785,-0.21244,-0.20838,-0.10133,-0.14521,0.17945,0.53132,0.26462,0.15742,0.24873,0.51389,0.30411,-0.039251,-0.10367,-0.24158,-0.2602,-0.041932,-0.31805,0.54624,0.11094,0.36869,-0.13445,0.33437,0.25545,0.55994,0.22227
-0.014089,-0.0064437,-0.037015,-0.087159,0.68713,0.72319,-0.20084,-0.19155,0.71546,1,-0.30927,-0.085044,-0.24272,-0.021076,0.60232,0.7648,-0.19623,-0.19672,-0.1608,0.038283,0.4499,0.36044,-0.1935,-0.22467,0.40001,0.21725,0.40607,0.56364,0.090046,0.10893,-0.041206,-0.22981,-0.22986,-0.23059,-0.21465,-0.16546,0.41934,0.27625,0.49073,0.49781,0.25514,-0.038587,-0.26849,-0.38832,-0.38793,-0.4282,-0.027445,-0.012443,-0.2953,-0.28487,-0.41349,-0.4317,-0.19725,-0.2006,0.4647,0.51519,-0.23573,0.072918,0.071228,0.09185,-0.29161,-0.074568,-0.44733,-0.2337,-0.38675,-0.13736,-0.10407,-0.2547,0.038364,0.23921,0.33773,0.20171,0.12076,0.37011,0.56941,0.5989,0.10234,-0.10354,-0.071003,-0.28995,-0.0050669,-0.015465,0.57292,0.48447,0.19592,0.16657,0.38564,0.31335,0.30712,0.54344
0.092059,0.0097551,0.13523,-0.065505,-0.1443,-0.15107,0.25317,-0.0373,-0.19219,-0.30927,1,0.40021,0.4976,0.26636,-0.069261,-0.20531,0.52816,0.28215,-0.0035699,-0.073503,-0.16923,-0.19629,0.11877,0.10575,-0.091369,-0.17162,-0.081915,-0.17055,0.11726,-0.03543,-0.083515,-0.053095,0.083811,0.15281,-0.010405,0.098549,-0.15704,0.00454,-0.1527,-0.15137,-0.24256,-0.063513,0.080543,0.039258,-0.067734,-0.12986,0.043931,-0.04601,-0.07325,-0.10444,0.17471,0.01341,0.15104,-0.030954,-0.12181,-0.2113,-0.040475,-0.082364,-0.17554,-0.24754,0.067795,-0.1015,0.32629,0.05266,0.16476,-0.12661,-0.19699,-0.13777,-0.30806,-0.20935,-0.19722,-0.2079,0.00074903,0.072621,-0.08595,-0.12144,0.055395,0.13234,0.23454,0.19663,0.27651,-0.0060129,-0.12263,-0.18371,0.25264,-0.20318,-0.086347,-0.052564,-0.14934,-0.33235
0.064706,0.34134,0.096162,0.25797,-0.37026,-0.32747,0.11781,0.34329,-0.36622,-0.085044,0.40021,1,-0.15548,0.86774,-0.23288,0.10582,0.54721,0.73711,0.074296,0.12878,-0.50714,-0.52508,0.23738,0.33694,-0.48282,-0.59333,-0.33637,-0.3637,0.2495,0.29768,-0.25874,-0.22956,0.23856,0.30172,-0.11768,-0.29911,0.1274,0.20349,0.074668,0.053386,-0.062183,-0.26561,-0.20741,-0.097856,-0.065562,-0.15735,-0.27117,-0.21107,-0.086037,-0.10733,-0.033541,0.14912,-0.023634,-0.084862,-0.11602,-0.078219,-0.089608,0.25329,-0.012403,-0.068274,-0.037618,0.063801,0.040573,0.47387,0.045647,0.089341,-0.1323,-0.075636,-0.048416,-0.051894,-0.45578,-0.28374,-0.052928,0.05148,-0.13109,0.048115,0.14654,0.13938,0.39944,0.25585,0.29145,0.36415,0.0088192,0.1435,-0.047249,0.2552,0.06592,-0.099887,-0.37137,-0.14328
0.0091816,-0.15762,-0.0044814,-0.1789,-0.043264,-0.039988,0.13766,-0.10485,0.021047,-0.24272,0.4976,-0.15548,1,-0.10824,0.10694,-0.22156,0.22258,-0.069893,-0.007006,-0.10237,-0.0013962,0.035317,-0.11155,-0.15432,0.043464,0.11559,-0.059928,-0.094434,0.23484,0.054059,0.080896,0.12674,0.025564,-0.0434,-0.10718,0.10815,-0.117,-0.017412,-0.20628,-0.25861,-0.10538,0.28938,0.11972,-0.031844,0.019493,0.053987,0.12812,0.041219,0.016269,0.039155,0.15011,0.031751,0.15434,0.11698,-0.12582,-0.14629,0.104,-0.20492,-0.15332,-0.15747,0.096513,-0.063894,0.28229,-0.051731,0.08756,-0.04426,-0.25556,-0.19783,-0.17865,-0.14505,0.028759,-0.092582,0.1634,0.1239,0.045842,-0.035233,0.053501,0.11093,0.14967,0.070003,0.17377,-0.11361,-0.21701,-0.29239,0.11204,-0.38489,-0.12347,-0.1622,-0.068749,-0.22862
-0.012813,0.31471,0.012817,0.25606,-0.38947,-0.3167,0.037948,0.37283,-0.35222,-0.021076,0.26636,0.86774,-0.10824,1,-0.21178,0.1792,0.50819,0.72644,0.066116,0.089971,-0.5288,-0.5496,0.093844,0.24091,-0.49274,-0.62656,-0.40275,-0.40273,0.31373,0.4078,-0.25318,-0.28387,0.13238,0.12581,-0.1548,-0.33888,0.17809,0.23164,0.066887,0.071184,-0.029475,-0.26587,-0.17131,-0.071772,0.035563,-0.10145,-0.22925,-0.14877,0.0050066,-0.037586,0.0098051,0.24385,0.037854,0.018532,-0.16348,-0.049224,-0.074583,0.22232,0.043547,-0.014413,-0.079835,0.05632,0.031298,0.41898,0.095776,0.12931,-0.066903,-0.10067,0.015515,-0.026712,-0.37283,-0.14944,0.016397,0.075609,-0.090136,0.10789,0.26865,0.24085,0.44088,0.29139,0.29448,0.46944,-0.027384,0.21297,-0.17847,0.32634,0.025864,-0.095122,-0.42834,-0.040716
-0.080548,0.058858,-0.0089107,-0.19034,0.84185,0.73901,-0.16031,-0.24444,0.88632,0.60232,-0.069261,-0.23288,0.10694,-0.21178,1,0.61783,-0.15335,-0.30494,-0.058979,0.069376,0.56975,0.41822,-0.15847,-0.18879,0.53529,0.35013,0.64282,0.68114,0.2193,0.061211,0.033017,-0.056459,-0.35374,-0.32845,-0.33873,-0.12648,0.22962,0.25835,0.48792,0.40364,-0.0093444,0.23388,-0.2294,-0.2766,-0.31709,-0.097809,0.0062498,0.0028952,-0.079077,-0.062711,-0.25339,-0.25613,-0.15425,-0.095928,0.55184,0.42634,-0.080062,0.10866,0.099608,0.13169,-0.078629,0.08108,-0.18758,-0.2401,-0.24687,-0.11068,-0.22554,-0.046353,-0.022198,0.22597,0.3682,0.10046,0.25928,0.24416,0.50886,0.35033,-0.071965,-0.07036,-0.11316,-0.13642,0.066793,-0.27426,0.66129,0.1958,0.40857,-0.11714,0.48332,0.34167,0.62601,0.25089
-0.00091507,0.21153,0.03589,0.0062054,0.49086,0.64842,-0.19272,-0.037912,0.54728,0.7648,-0.20531,0.10582,-0.22156,0.1792,0.61783,1,-0.039852,-0.016133,-0.038508,0.15061,0.28347,0.23661,-0.12286,-0.0048063,0.25147,0.098747,0.41649,0.49107,0.21355,0.20945,-0.13834,-0.21369,-0.27342,-0.31794,-0.27509,-0.2516,0.37431,0.48997,0.56856,0.62438,0.0041597,0.14479,-0.28021,-0.30574,-0.26625,-0.29014,-0.073671,-0.007194,-0.161,-0.1697,-0.33161,-0.22608,-0.17008,-0.14602,0.54768,0.67876,-0.15555,0.23188,0.2163,0.19611,-0.23439,0.047736,-0.42782,-0.057525,-0.30492,-0.010239,-0.05525,-0.17734,0.077976,0.17846,0.084896,0.031907,0.20356,0.34424,0.41745,0.58799,0.028145,-0.035066,0.08002,-0.053583,0.052951,0.053855,0.58789,0.50704,0.17747,0.38473,0.38785,0.49113,0.3697,0.63719
-0.13091,0.1329,-0.082834,-0.091482,-0.34461,-0.35053,-0.14873,-0.014535,-0.32463,-0.19623,0.52816,0.54721,0.22258,0.50819,-0.15335,-0.039852,1,0.63676,-0.049321,-0.10412,-0.48678,-0.45469,-0.19327,-0.066648,-0.48301,-0.58106,-0.40008,-0.38144,0.61624,0.40918,-0.27312,-0.25293,0.13692,0.12186,-0.20216,-0.20847,0.28185,0.24531,0.1176,0.092074,0.06314,-0.018212,-0.16668,-0.10875,-0.19155,-0.1612,-0.24276,-0.23884,-0.10645,-0.20875,-0.1386,-0.089802,-0.049524,-0.20846,-0.024139,-0.07453,0.031536,0.11551,-0.05545,-0.15495,-0.1513,-0.092572,0.14942,0.22964,-0.13762,-0.11446,-0.2756,-0.15567,-0.13396,-0.14074,-0.36335,-0.30329,0.18892,0.22435,0.0025019,0.18259,0.35191,0.35677,0.71715,0.32187,0.63862,0.33529,-0.043824,0.14051,0.13229,-0.048991,-0.083216,0.012537,-0.23859,-0.24134
-0.18478,0.11927,-0.17437,0.0112,-0.42461,-0.38696,-0.16692,0.16545,-0.45067,-0.19672,0.28215,0.73711,-0.069893,0.72644,-0.30494,-0.016133,0.63676,1,-0.005566,-0.10675,-0.52307,-0.5109,-0.028628,0.0516,-0.47285,-0.54667,-0.38228,-0.40149,0.34374,0.42341,-0.23224,-0.1699,0.34778,0.26586,-0.013404,-0.18316,0.1608,0.2005,0.052817,0.011367,-0.010422,-0.13634,-0.096308,0.0041195,-0.057433,-0.16053,-0.20068,-0.15363,-0.13771,-0.19251,-0.074819,0.10161,-0.02042,-0.097678,-0.13961,-0.095772,-0.032879,0.084532,-0.16034,-0.2071,-0.21248,-0.098816,0.17247,0.42554,-0.028394,-0.050863,-0.18543,-0.15481,-0.046614,-0.19621,-0.50135,-0.243,0.063973,0.082916,-0.10113,0.11639,0.28477,0.29693,0.58175,0.54869,0.42368,0.54614,-0.15779,0.060394,-0.084615,0.26451,-0.061666,-0.14391,-0.34232,-0.083005
0.59586,0.65018,0.5336,0.64695,-0.19239,-0.12316,0.52459,0.62833,-0.20249,-0.1608,-0.0035699,0.074296,-0.007006,0.066116,-0.058979,-0.038508,-0.049321,-0.005566,1,0.7981,-0.28627,-0.26198,0.35916,0.56556,-0.21259,-0.12196,-0.1624,-0.14492,-0.12963,-0.20603,-0.20641,-0.058503,0.0095199,-0.0236,-0.1407,-0.28742,0.097146,0.079168,0.19874,0.1943,0.070719,0.10505,-0.085359,0.01424,0.061385,0.31507,-0.13428,-0.050905,0.40027,0.45126,0.19923,0.36858,-0.12218,-0.10346,0.10759,0.1198,0.69412,0.59422,0.58387,0.63585,0.47488,0.55481,-0.11179,0.22535,0.36466,0.48849,0.43053,0.47235,0.72842,0.51072,-0.25661,-0.22807,-0.11351,-0.25578,-0.23642,-0.19005,-0.13297,-0.057936,-0.15786,-0.13621,-0.22645,-0.22434,-0.021838,-0.042715,-0.14638,0.004355,0.21626,-0.10701,0.052357,0.024084
0.80152,0.83113,0.72095,0.77109,-0.091462,-0.013634,0.58781,0.70222,-0.054772,0.038283,-0.073503,0.12878,-0.10237,0.089971,0.069376,0.15061,-0.10412,-0.10675,0.7981,1,-0.19671,-0.20883,0.41529,0.67842,-0.18655,-0.17413,-0.080572,-0.034474,-0.1153,-0.21414,-0.12415,-0.040137,-0.087903,0.00072704,-0.29131,-0.39832,0.20126,0.078242,0.33123,0.32002,0.12391,0.11107,-0.34767,-0.27283,0.0001316,0.27516,-0.37264,-0.29874,0.40619,0.48917,0.033676,0.29921,-0.27144,-0.24327,0.11628,0.14293,0.60425,0.79306,0.75122,0.77103,0.45818,0.70556,-0.20503,0.31653,0.20078,0.6296,0.23572,0.40669,0.65063,0.70015,-0.21983,-0.3158,-0.094254,-0.16305,-0.095114,-0.094402,-0.20101,-0.16922,-0.20515,-0.27832,-0.31916,-0.34824,0.17985,0.097796,-0.21142,-0.063191,0.34535,0.038098,0.10797,0.024791
-0.20113,-0.29806,-0.21066,-0.30894,0.7352,0.74334,-0.27076,-0.40862,0.65777,0.4499,-0.16923,-0.50714,-0.0013962,-0.5288,0.56975,0.28347,-0.48678,-0.52307,-0.28627,-0.19671,1,0.91177,-0.18642,-0.29207,0.83766,0.82652,0.77245,0.77845,-0.12957,-0.053565,0.41339,0.26142,-0.19223,-0.1684,0.019715,0.28569,-0.091537,-0.15398,0.071318,-0.012673,0.0067745,0.228,0.026826,-0.087713,-0.2005,-0.10133,0.25602,0.17563,-0.22641,-0.12043,-0.20699,-0.31974,0.010277,0.014172,0.32266,0.16002,-0.26978,-0.23272,-0.17878,-0.043595,-0.16661,-0.11823,-0.1022,-0.33516,-0.21345,-0.17682,-0.12506,-0.12709,-0.15865,-0.021324,0.52494,0.37872,0.14787,0.15186,0.32839,0.12618,-0.21197,-0.25888,-0.36037,-0.10056,-0.12427,-0.18276,0.28367,0.036108,0.35487,-0.056476,0.20026,0.2432,0.49979,0.30088
-0.20462,-0.31637,-0.25869,-0.30934,0.59787,0.66002,-0.31683,-0.40863,0.51634,0.36044,-0.19629,-0.52508,0.035317,-0.5496,0.41822,0.23661,-0.45469,-0.5109,-0.26198,-0.20883,0.91177,1,-0.24585,-0.28952,0.80577,0.83218,0.66518,0.725,-0.096637,0.031047,0.45151,0.31206,-0.23956,-0.24276,0.029518,0.28616,-0.055496,-0.13692,0.024874,-0.049437,0.046606,0.33734,0.075095,-0.048407,-0.15634,-0.066408,0.28875,0.22832,-0.2104,-0.1037,-0.15588,-0.29319,0.080218,0.046138,0.28989,0.1585,-0.25825,-0.26259,-0.16973,-0.016958,-0.17127,-0.12801,-0.091286,-0.31198,-0.18917,-0.15633,-0.086942,-0.15426,-0.11729,-0.0727,0.50403,0.43439,0.14412,0.15513,0.24447,0.12787,-0.19799,-0.23709,-0.33308,-0.083331,-0.10978,-0.10964,0.12668,0.032309,0.30058,-0.012034,0.1041,0.20161,0.42946,0.33186
0.46959,0.24354,0.73016,0.56547,-0.11638,-0.16408,0.74855,0.45873,-0.10938,-0.1935,0.11877,0.23738,-0.11155,0.093844,-0.15847,-0.12286,-0.19327,-0.028628,0.35916,0.41529,-0.18642,-0.24585,1,0.70967,-0.013768,-0.06806,-0.029371,-0.12241,-0.28544,-0.35301,0.19974,0.30572,0.064341,0.18587,0.19616,-0.0094224,-0.17642,-0.17074,-0.1037,-0.096585,-0.10294,-0.21481,0.10551,0.14031,0.24366,0.14332,-0.092178,-0.07826,0.23735,0.18252,0.23183,0.21218,-0.11755,0.010269,-0.27206,-0.23846,0.20043,0.17782,0.12413,0.071795,0.19501,0.1113,-0.10335,0.015714,0.20322,0.14056,0.271,0.20997,0.11024,0.15389,-0.096295,-0.14352,-0.2465,-0.25636,-0.22567,-0.3697,-0.078863,-0.054801,-0.17321,-0.048448,-0.33146,-0.2285,-0.044782,-0.16584,-0.10939,0.062947,0.042077,-0.095378,-0.19801,-0.30976
0.64677,0.68171,0.76864,0.83031,-0.28389,-0.15972,0.73856,0.80397,-0.259,-0.22467,0.10575,0.33694,-0.15432,0.24091,-0.18879,-0.0048063,-0.066648,0.0516,0.56556,0.67842,-0.29207,-0.28952,0.70967,1,-0.23271,-0.21778,-0.12943,-0.1738,-0.21734,-0.2784,-0.012656,0.22278,-0.079733,0.10362,-0.028632,-0.2061,-0.088801,-0.11077,0.070018,0.081581,-0.13651,-0.15118,-0.14987,-0.038104,0.20286,0.31363,-0.25839,-0.24409,0.3708,0.43989,0.19792,0.38457,-0.19392,-0.1382,-0.075839,-0.079278,0.39948,0.58738,0.48852,0.48945,0.40268,0.53083,-0.081169,0.37578,0.33749,0.55323,0.24284,0.30482,0.35656,0.35437,-0.31502,-0.29928,-0.18898,-0.33441,-0.38056,-0.37876,-0.32933,-0.23365,-0.17235,-0.06297,-0.3292,-0.24457,-0.013477,-0.065473,-0.23588,0.032835,0.11786,-0.013641,-0.032712,-0.12806
-0.16863,-0.31777,-0.099074,-0.26547,0.75996,0.73558,-0.1466,-0.38359,0.63484,0.40001,-0.091369,-0.48282,0.043464,-0.49274,0.53529,0.25147,-0.48301,-0.47285,-0.21259,-0.18655,0.83766,0.80577,-0.013768,-0.23271,1,0.8384,0.73472,0.7481,-0.089803,-0.032882,0.5398,0.26683,-0.26373,-0.26063,0.050195,0.24571,-0.070395,-0.12871,0.060737,0.021096,-0.041289,0.15706,0.17703,0.0076147,-0.15344,-0.13129,0.36867,0.26114,-0.18831,-0.14003,-0.1026,-0.27314,0.052496,0.073196,0.2378,0.1187,-0.25605,-0.25849,-0.22169,-0.10838,-0.17551,-0.21145,-0.1348,-0.43036,-0.14233,-0.26141,-0.036417,-0.15181,-0.17752,-0.041476,0.51955,0.39094,0.091773,0.083859,0.3015,0.073454,-0.13756,-0.18286,-0.30399,-0.022123,-0.094111,-0.10659,0.20847,0.066951,0.34169,-0.014037,0.15918,0.21587,0.38996,0.19886
-0.16208,-0.35162,-0.17848,-0.27072,0.57017,0.6199,-0.16699,-0.35665,0.45152,0.21725,-0.17162,-0.59333,0.11559,-0.62656,0.35013,0.098747,-0.58106,-0.54667,-0.12196,-0.17413,0.82652,0.83218,-0.06806,-0.21778,0.8384,1,0.67695,0.62284,-0.26013,-0.21986,0.4519,0.39742,-0.14809,-0.21195,0.12258,0.36285,-0.24275,-0.22594,-0.10647,-0.15033,-0.052579,0.28651,0.18964,0.03635,-0.065936,-0.038765,0.38167,0.27265,-0.19115,-0.072924,-0.11053,-0.23856,0.12313,0.12832,0.21983,0.12257,-0.16185,-0.30083,-0.21106,-0.059463,-0.11649,-0.16775,-0.085741,-0.37904,-0.14408,-0.1698,0.050772,-0.094418,-0.084359,-0.10157,0.4064,0.31727,0.041884,-0.030122,0.13788,-0.015647,-0.28867,-0.32871,-0.43376,-0.15452,-0.25704,-0.21709,0.055557,-0.12595,0.25814,-0.050185,0.11036,0.14089,0.38401,0.26474
-0.134,-0.16304,-0.064509,-0.24849,0.74356,0.81108,-0.15338,-0.30411,0.6485,0.40607,-0.081915,-0.33637,-0.059928,-0.40275,0.64282,0.41649,-0.40008,-0.38228,-0.1624,-0.080572,0.77245,0.66518,-0.029371,-0.12943,0.73472,0.67695,1,0.88835,-0.21469,-0.18007,0.30937,0.23526,-0.096923,-0.045823,-0.078658,0.15312,-0.23269,-0.077333,0.14815,0.12252,-0.28837,0.10763,-0.06535,-0.083181,-0.2587,-0.1746,0.13575,0.069456,-0.25239,-0.18679,-0.27861,-0.37082,-0.10445,-0.15024,0.35318,0.24149,-0.19034,-0.11189,-0.12306,-0.078633,-0.098326,-0.070651,-0.054898,-0.22203,-0.1902,-0.24192,-0.10684,-0.077708,-0.14738,-0.036789,0.29005,0.16699,0.10405,0.077246,0.2945,0.12201,-0.31674,-0.28295,-0.31278,0.01176,-0.062036,-0.24119,0.43128,0.09383,0.39749,-0.07033,0.28476,0.39175,0.62181,0.31089
-0.10146,-0.10432,-0.089517,-0.19825,0.80834,0.87913,-0.21526,-0.26502,0.71979,0.56364,-0.17055,-0.3637,-0.094434,-0.40273,0.68114,0.49107,-0.38144,-0.40149,-0.14492,-0.034474,0.77845,0.725,-0.12241,-0.1738,0.7481,0.62284,0.88835,1,-0.13432,-0.07846,0.29402,0.24039,-0.12119,-0.091115,-0.13891,0.12535,-0.05526,-0.058409,0.25744,0.21421,-0.13329,0.098188,-0.15168,-0.19458,-0.36793,-0.21296,0.070363,0.020691,-0.26772,-0.17534,-0.35877,-0.414,-0.18418,-0.21711,0.37707,0.25896,-0.19668,-0.044793,-0.064744,0.014299,-0.12432,-0.015865,-0.11853,-0.21131,-0.2634,-0.1938,-0.157,-0.10534,-0.089637,0.064804,0.3922,0.2487,0.16519,0.1459,0.3549,0.24174,-0.20993,-0.22319,-0.31621,-0.070359,-0.066101,-0.23107,0.41423,0.19412,0.29518,-0.088752,0.31619,0.39994,0.59722,0.38234
-0.27735,0.037699,-0.23212,-0.14589,-0.035169,-0.083497,-0.33998,-0.14244,0.049438,0.090046,0.11726,0.2495,0.23484,0.31373,0.2193,0.21355,0.61624,0.34374,-0.12963,-0.1153,-0.12957,-0.096637,-0.28544,-0.21734,-0.089803,-0.26013,-0.21469,-0.13432,1,0.77753,0.03786,-0.23267,-0.16425,-0.23219,-0.35286,-0.30843,0.61231,0.4826,0.39707,0.28272,0.29126,0.25492,-0.089988,-0.14074,-0.20272,-0.14232,0.055559,0.074283,-0.20894,-0.24253,-0.24451,-0.1495,0.080644,0.050926,0.24052,0.22097,-0.10167,0.068768,-0.0994,-0.061249,-0.29593,-0.12326,-0.12368,-0.013259,-0.32507,-0.19034,-0.32098,-0.24312,-0.052752,-0.020929,-0.044452,-0.071977,0.4314,0.41954,0.37329,0.44955,0.3601,0.34926,0.62949,0.29543,0.71636,0.46917,0.21156,0.4098,0.26158,0.090678,0.076875,0.048523,-0.064291,-0.010901
-0.38675,-0.067442,-0.3959,-0.21628,-0.059719,-0.073216,-0.45259,-0.17334,-0.030941,0.10893,-0.03543,0.29768,0.054059,0.4078,0.061211,0.20945,0.40918,0.42341,-0.20603,-0.21414,-0.053565,0.031047,-0.35301,-0.2784,-0.032882,-0.21986,-0.18007,-0.07846,0.77753,1,0.1463,-0.17055,-0.084915,-0.15659,-0.22194,-0.2845,0.45644,0.4414,0.21788,0.16377,0.22745,0.18815,0.058297,0.064874,-0.069245,-0.095494,0.11905,0.21565,-0.17987,-0.23748,-0.10765,-0.036067,0.1564,0.19168,0.11317,0.13829,-0.23524,-0.042433,-0.19341,-0.11522,-0.32054,-0.14981,-0.098619,0.089801,-0.18915,-0.18244,-0.26375,-0.23029,-0.068481,-0.10249,0.032834,0.15118,0.30424,0.43988,0.24037,0.34747,0.3904,0.3922,0.55822,0.46789,0.6592,0.75339,0.052042,0.4026,0.1518,0.33015,-0.064765,-0.010081,-0.14717,0.093805
-0.12345,-0.25544,-0.028012,-0.13121,0.19707,0.15567,-0.025414,-0.15877,0.12936,-0.041206,-0.083515,-0.25874,0.080896,-0.25318,0.033017,-0.13834,-0.27312,-0.23224,-0.20641,-0.12415,0.41339,0.45151,0.19974,-0.012656,0.5398,0.4519,0.30937,0.29402,0.03786,0.1463,1,0.56139,-0.066807,-0.024607,0.0066369,0.11571,-0.2294,-0.33779,-0.28527,-0.2658,0.013044,0.069939,0.16001,0.13061,0.10055,0.089924,0.072396,0.0041655,-0.023684,-0.0068499,-0.032655,-0.030572,-0.053188,0.021654,-0.26724,-0.32112,-0.25172,-0.23202,-0.21757,-0.14649,-0.20195,-0.19551,-0.077875,-0.18197,-0.1052,-0.10956,-0.048778,-0.14062,-0.18774,-0.10349,0.095836,0.11855,-0.062442,-0.11923,0.015499,-0.14145,-0.21551,-0.25468,-0.013512,0.26248,0.048152,0.12498,-0.15476,-0.016628,0.010896,-0.12027,-0.15953,-0.11354,0.012212,-0.10304
-0.063677,-0.11151,0.096895,0.046091,0.097834,0.11892,0.10699,0.076038,0.059147,-0.22981,-0.053095,-0.22956,0.12674,-0.28387,-0.056459,-0.21369,-0.25293,-0.1699,-0.058503,-0.040137,0.26142,0.31206,0.30572,0.22278,0.26683,0.39742,0.23526,0.24039,-0.23267,-0.17055,0.56139,1,0.072646,0.14438,0.14714,0.30116,-0.44343,-0.46727,-0.41684,-0.38079,-0.18983,0.010653,-0.030974,0.009026,0.077838,0.19588,-0.15817,-0.22063,0.067717,0.14952,-0.027911,0.02229,-0.14535,-0.078275,-0.31402,-0.38135,-0.095533,-0.14351,-0.11894,-0.041301,-0.069474,-0.026936,0.092823,0.0072914,-0.021018,0.066782,-0.086411,-0.018785,-0.16096,-0.17078,0.075015,0.12676,0.018401,-0.14361,-0.2244,-0.3177,-0.26671,-0.24966,-0.23351,0.039202,-0.29314,-0.23916,-0.34234,-0.44432,-0.2264,-0.18582,-0.1674,-0.11933,0.10454,-0.14901
0.0023984,-0.1758,-0.1197,-0.096206,-0.28802,-0.23717,0.032225,0.041896,-0.38691,-0.22986,0.083811,0.23856,0.025564,0.13238,-0.35374,-0.27342,0.13692,0.34778,0.0095199,-0.087903,-0.19223,-0.23956,0.064341,-0.079733,-0.26373,-0.14809,-0.096923,-0.12119,-0.16425,-0.084915,-0.066807,0.072646,1,0.86455,0.25883,0.15171,-0.20732,-0.23824,-0.21242,-0.23116,-0.0079926,-0.078067,-0.035808,-0.01373,-0.11682,-0.19502,-0.20311,-0.19531,-0.2946,-0.22885,-0.23325,-0.15246,-0.17217,-0.20037,-0.34985,-0.30013,0.048958,-0.18226,-0.33671,-0.37015,0.023016,-0.15403,0.27778,0.34329,-0.064349,-0.14148,-0.17183,-0.1386,-0.043198,-0.27731,-0.30948,-0.21248,0.077633,0.076837,-0.028832,0.013998,0.075788,0.054631,0.1768,0.16596,0.071392,0.091825,-0.25348,-0.10615,-0.20699,-0.18355,-0.1284,-0.16973,-0.30488,-0.13189
0.12451,-0.066601,0.041122,0.031399,-0.23887,-0.21529,0.19021,0.14413,-0.31118,-0.23059,0.15281,0.30172,-0.0434,0.12581,-0.32845,-0.31794,0.12186,0.26586,-0.0236,0.00072704,-0.1684,-0.24276,0.18587,0.10362,-0.26063,-0.21195,-0.045823,-0.091115,-0.23219,-0.15659,-0.024607,0.14438,0.86455,1,0.18486,0.10798,-0.25994,-0.32685,-0.2066,-0.20651,-0.073129,-0.19697,-0.19545,-0.094781,-0.183,-0.13873,-0.36156,-0.36393,-0.25253,-0.16036,-0.22306,-0.15026,-0.27559,-0.33823,-0.34848,-0.39664,0.044527,-0.075612,-0.25107,-0.30941,0.13357,-0.03544,0.32001,0.40929,0.0020974,-0.052169,-0.25325,-0.044475,-0.10607,-0.18563,-0.32959,-0.27619,-0.032802,0.024787,-0.090957,-0.13302,-0.097652,-0.089068,0.093023,0.095313,0.035607,-0.060143,-0.15319,-0.11349,-0.16784,-0.29418,-0.072269,-0.16443,-0.19027,-0.28691
-0.077062,-0.41111,-0.032031,-0.072546,-0.14717,-0.12861,0.12335,-0.13559,-0.23787,-0.21465,-0.010405,-0.11768,-0.10718,-0.1548,-0.33873,-0.27509,-0.20216,-0.013404,-0.1407,-0.29131,0.019715,0.029518,0.19616,-0.028632,0.050195,0.12258,-0.078658,-0.13891,-0.35286,-0.22194,0.0066369,0.14714,0.25883,0.18486,1,0.70079,-0.24858,-0.22554,-0.29922,-0.24632,-0.048865,-0.18042,0.49898,0.42048,0.44259,0.10733,0.34468,0.31862,-0.035861,-0.12042,0.30713,0.024385,0.22408,0.20418,-0.27873,-0.20945,-0.062081,-0.43601,-0.29851,-0.30292,-0.061464,-0.30149,0.29071,-0.20191,0.35294,-0.1151,0.31902,0.02512,-0.09431,-0.34521,0.16834,0.2322,0.068743,0.070994,-0.061128,-0.18351,0.10385,0.073314,-0.19215,0.028319,-0.16285,0.087222,-0.31935,-0.28055,0.10536,0.24744,-0.27557,-0.16396,-0.21315,-0.071353
-0.23138,-0.50153,-0.16683,-0.24924,0.048744,0.10207,-0.065685,-0.28057,-0.017161,-0.16546,0.098549,-0.29911,0.10815,-0.33888,-0.12648,-0.2516,-0.20847,-0.18316,-0.28742,-0.39832,0.28569,0.28616,-0.0094224,-0.2061,0.24571,0.36285,0.15312,0.12535,-0.30843,-0.2845,0.11571,0.30116,0.15171,0.10798,0.70079,1,-0.32911,-0.24824,-0.31496,-0.28285,-0.18616,-0.054747,0.35753,0.26514,0.19754,-0.0035464,0.3632,0.25427,-0.17498,-0.14565,0.12031,-0.12568,0.22007,0.15896,-0.13419,-0.15984,-0.1759,-0.53448,-0.37246,-0.35438,-0.099359,-0.32084,0.33136,-0.28037,0.12716,-0.17977,0.092087,-0.095283,-0.31917,-0.43023,0.27127,0.22177,0.16834,0.061112,0.034423,-0.12747,-0.031776,-0.038841,-0.24263,-0.012179,-0.097603,-0.083854,-0.27535,-0.35168,0.19873,0.038144,-0.20107,-0.0314,0.050973,0.027619
0.063363,0.20573,-0.0071129,0.13668,0.068695,0.047508,-0.16352,0.046042,0.12893,0.41934,-0.15704,0.1274,-0.117,0.17809,0.22962,0.37431,0.28185,0.1608,0.097146,0.20126,-0.091537,-0.055496,-0.17642,-0.088801,-0.070395,-0.24275,-0.23269,-0.05526,0.61231,0.45644,-0.2294,-0.44343,-0.20732,-0.25994,-0.24858,-0.32911,1,0.55059,0.79291,0.60085,0.69342,0.32209,-0.144,-0.24821,-0.24402,-0.19185,0.058955,0.10457,-0.17591,-0.15631,-0.2352,-0.13073,-0.03733,-0.06656,0.48041,0.51022,0.051206,0.24819,0.15801,0.21637,-0.21411,0.050343,-0.33635,-0.045274,-0.2823,0.0017565,-0.034577,-0.072909,0.27576,0.32272,0.083212,-0.039016,0.32324,0.41941,0.47413,0.57501,0.38268,0.30393,0.30917,-0.094151,0.3,0.25389,0.43558,0.58317,0.13395,0.24095,0.33853,0.13774,0.026794,0.2158
-0.10669,0.12539,-0.077281,-0.095409,0.045344,0.093359,-0.17379,-0.13369,0.13782,0.27625,0.00454,0.20349,-0.017412,0.23164,0.25835,0.48997,0.24531,0.2005,0.079168,0.078242,-0.15398,-0.13692,-0.17074,-0.11077,-0.12871,-0.22594,-0.077333,-0.058409,0.4826,0.4414,-0.33779,-0.46727,-0.23824,-0.32685,-0.22554,-0.24824,0.55059,1,0.55773,0.65948,0.087332,0.41063,0.082463,0.040287,-0.090578,-0.2012,0.23332,0.33388,-0.15326,-0.25512,-0.06608,-0.090304,0.22504,0.14856,0.58535,0.71059,0.013119,0.10492,0.066973,0.031029,-0.10549,-0.047896,-0.21687,-0.085269,-0.15006,-0.1633,-0.01605,-0.042235,0.067045,0.052653,-0.071992,-0.13391,0.24139,0.3926,0.36327,0.49565,0.25148,0.32039,0.26848,0.11581,0.42073,0.27754,0.38006,0.42914,0.36054,0.36215,0.21806,0.30563,0.15463,0.33066
0.17783,0.34368,0.10267,0.18987,0.2777,0.32215,-0.0753,0.11141,0.30447,0.49073,-0.1527,0.074668,-0.20628,0.066887,0.48792,0.56856,0.1176,0.052817,0.19874,0.33123,0.071318,0.024874,-0.1037,0.070018,0.060737,-0.10647,0.14815,0.25744,0.39707,0.21788,-0.28527,-0.41684,-0.21242,-0.2066,-0.29922,-0.31496,0.79291,0.55773,1,0.81414,0.47419,0.34541,-0.26129,-0.28381,-0.32875,-0.15939,-0.0090606,0.027385,-0.19236,-0.1081,-0.33213,-0.19366,-0.20476,-0.27067,0.71952,0.69919,0.13005,0.38935,0.27572,0.32948,-0.062738,0.22785,-0.30393,0.015115,-0.2374,0.065579,-0.014899,0.041491,0.33601,0.37381,-0.020011,-0.17768,0.27936,0.31281,0.45942,0.53942,0.067328,0.070436,0.12428,-0.081733,0.20033,0.030999,0.73212,0.63819,0.2916,0.18374,0.58891,0.39345,0.4207,0.37207
0.1869,0.34731,0.17076,0.12571,0.25665,0.36936,-0.02158,0.07545,0.28842,0.49781,-0.15137,0.053386,-0.25861,0.071184,0.40364,0.62438,0.092074,0.011367,0.1943,0.32002,-0.012673,-0.049437,-0.096585,0.081581,0.021096,-0.15033,0.12252,0.21421,0.28272,0.16377,-0.2658,-0.38079,-0.23116,-0.20651,-0.24632,-0.28285,0.60085,0.65948,0.81414,1,0.1952,0.27097,-0.2202,-0.24969,-0.22475,-0.1454,-0.059453,0.0060184,-0.081709,-0.09309,-0.26735,-0.16879,-0.20032,-0.30205,0.71639,0.75786,0.14004,0.37593,0.3252,0.29355,-0.028718,0.19069,-0.2845,-0.017482,-0.16267,0.058675,0.024922,0.051069,0.24459,0.3004,-0.087627,-0.2207,0.13022,0.26547,0.37499,0.47243,0.012055,0.01547,0.068514,-0.095421,0.17203,0.0048903,0.60938,0.62215,0.2454,0.21809,0.49578,0.5495,0.45612,0.47326
0.10806,0.0099396,-0.078785,0.076711,-0.0040419,-0.14895,-0.089647,0.0052289,-0.017076,0.25514,-0.24256,-0.062183,-0.10538,-0.029475,-0.0093444,0.0041597,0.06314,-0.010422,0.070719,0.12391,0.0067745,0.046606,-0.10294,-0.13651,-0.041289,-0.052579,-0.28837,-0.13329,0.29126,0.22745,0.013044,-0.18983,-0.0079926,-0.073129,-0.048865,-0.18616,0.69342,0.087332,0.47419,0.1952,1,0.28426,-0.05559,-0.14397,-0.070696,-0.00050137,-0.023647,0.017199,-0.10394,-0.022424,-0.15613,-0.060833,-0.15281,-0.071696,0.095078,0.1119,0.064975,0.072588,0.05616,0.1742,-0.13135,0.044034,-0.26625,-0.01649,-0.18416,0.081081,0.093971,-0.010716,0.33784,0.25023,0.075093,-0.012127,0.13995,0.25009,0.26814,0.35123,0.23156,0.094735,0.1595,-0.22524,0.048423,0.16224,0.29592,0.44692,-0.061291,0.069456,0.21888,-0.12186,-0.15468,-0.017843
0.0015299,0.014493,-0.14021,-0.17482,0.055984,0.072961,-0.18296,-0.19567,0.082738,-0.038587,-0.063513,-0.26561,0.28938,-0.26587,0.23388,0.14479,-0.018212,-0.13634,0.10505,0.11107,0.228,0.33734,-0.21481,-0.15118,0.15706,0.28651,0.10763,0.098188,0.25492,0.18815,0.069939,0.010653,-0.078067,-0.19697,-0.18042,-0.054747,0.32209,0.41063,0.34541,0.27097,0.28426,1,0.056428,-0.0064981,-0.0088794,0.10855,0.11808,0.171,-0.042133,0.0066333,-0.020652,-0.034983,0.070318,0.036014,0.37854,0.36823,0.14033,-0.0044505,0.06368,0.11452,0.06297,0.090353,0.017062,-0.022488,-0.086722,0.00092564,-0.046308,0.045375,0.14327,0.062573,-0.0024613,-0.11351,0.27157,0.23914,0.21904,0.28499,-0.023241,0.074199,0.064364,0.045048,0.11525,-0.056484,0.14597,0.10372,0.21143,0.0016438,0.20505,0.16894,0.25192,0.12955
-0.32692,-0.45318,-0.17853,-0.1955,-0.10913,-0.14131,-0.0013413,-0.26377,-0.18135,-0.26849,0.080543,-0.20741,0.11972,-0.17131,-0.2294,-0.28021,-0.16668,-0.096308,-0.085359,-0.34767,0.026826,0.075095,0.10551,-0.14987,0.17703,0.18964,-0.06535,-0.15168,-0.089988,0.058297,0.16001,-0.030974,-0.035808,-0.19545,0.49898,0.35753,-0.144,0.082463,-0.26129,-0.2202,-0.05559,0.056428,1,0.82532,0.47455,0.079842,0.76322,0.75034,-0.030474,-0.15,0.48106,0.14291,0.59196,0.62813,-0.075809,-0.016837,-0.039466,-0.49582,-0.39375,-0.33938,-0.0091845,-0.383,0.097657,-0.37251,0.26507,-0.32411,0.38962,0.0057562,-0.097014,-0.32862,0.23419,0.25606,0.10621,0.05244,0.011213,-0.11928,0.22345,0.333,0.038168,0.33597,0.17687,0.37236,-0.24387,-0.11919,0.29511,0.34212,-0.30072,-0.17042,-0.15209,-0.010619
-0.30587,-0.32352,-0.19913,-0.085654,-0.22023,-0.2706,-0.0061585,-0.12199,-0.25962,-0.38832,0.039258,-0.097856,-0.031844,-0.071772,-0.2766,-0.30574,-0.10875,0.0041195,0.01424,-0.27283,-0.087713,-0.048407,0.14031,-0.038104,0.0076147,0.03635,-0.083181,-0.19458,-0.14074,0.064874,0.13061,0.009026,-0.01373,-0.094781,0.42048,0.26514,-0.24821,0.040287,-0.28381,-0.24969,-0.14397,-0.0064981,0.82532,1,0.51801,0.30438,0.50409,0.57951,0.095997,0.016359,0.55094,0.3159,0.43255,0.45611,-0.12463,-0.09188,0.016473,-0.38727,-0.23097,-0.22018,0.14862,-0.21596,0.1549,-0.18167,0.40811,-0.19319,0.51859,0.31428,-0.026831,-0.27883,0.054416,0.17582,-0.022879,-0.090262,-0.19124,-0.23979,0.099053,0.28469,0.06202,0.44902,0.15694,0.34876,-0.26563,-0.18349,0.19701,0.39327,-0.33914,-0.24104,-0.098603,-0.12916
0.097957,-0.017951,0.13118,0.14788,-0.34029,-0.33728,0.23783,0.15975,-0.30962,-0.38793,-0.067734,-0.065562,0.019493,0.035563,-0.31709,-0.26625,-0.19155,-0.057433,0.061385,0.0001316,-0.2005,-0.15634,0.24366,0.20286,-0.15344,-0.065936,-0.2587,-0.36793,-0.20272,-0.069245,0.10055,0.077838,-0.11682,-0.183,0.44259,0.19754,-0.24402,-0.090578,-0.32875,-0.22475,-0.070696,-0.0088794,0.47455,0.51801,1,0.65439,0.22424,0.27757,0.57103,0.40435,0.70153,0.6154,0.31282,0.37345,-0.29929,-0.22368,0.20389,-0.11352,0.13947,0.045823,0.26725,0.080482,0.26339,0.0026707,0.61318,0.24236,0.49996,0.33898,0.033904,-0.07446,0.031177,0.085811,-0.041318,-0.13592,-0.25137,-0.35971,0.039446,0.14045,-0.073398,0.097114,-0.14045,0.10072,-0.28613,-0.24006,-0.10923,0.2659,-0.27711,-0.15589,-0.26997,-0.24709
0.2767,0.326,0.19381,0.34384,-0.22902,-0.27149,0.22427,0.39848,-0.17248,-0.4282,-0.12986,-0.15735,0.053987,-0.10145,-0.097809,-0.29014,-0.1612,-0.16053,0.31507,0.27516,-0.10133,-0.066408,0.14332,0.31363,-0.13129,-0.038765,-0.1746,-0.21296,-0.14232,-0.095494,0.089924,0.19588,-0.19502,-0.13873,0.10733,-0.0035464,-0.19185,-0.2012,-0.15939,-0.1454,-0.00050137,0.10855,0.079842,0.30438,0.65439,1,-0.12835,-0.025073,0.76984,0.83368,0.60528,0.72951,0.0064186,0.12973,-0.17424,-0.24712,0.44319,0.26455,0.47516,0.47926,0.53599,0.56997,0.2692,0.27042,0.61607,0.63505,0.36103,0.62617,0.27397,0.20332,-0.042037,0.0005091,-0.056917,-0.29615,-0.37818,-0.46975,-0.21943,-0.066756,-0.16952,0.024694,-0.2368,-0.19606,-0.17554,-0.29949,-0.18957,-0.0076104,-0.063757,-0.209,0.055574,-0.31492
-0.35876,-0.46342,-0.29111,-0.25103,0.079702,0.12396,-0.15179,-0.36745,0.039904,-0.027445,0.043931,-0.27117,0.12812,-0.22925,0.0062498,-0.073671,-0.24276,-0.20068,-0.13428,-0.37264,0.25602,0.28875,-0.092178,-0.25839,0.36867,0.38167,0.13575,0.070363,0.055559,0.11905,0.072396,-0.15817,-0.20311,-0.36156,0.34468,0.3632,0.058955,0.23332,-0.0090606,-0.059453,-0.023647,0.11808,0.76322,0.50409,0.22424,-0.12835,1,0.91789,-0.2622,-0.31892,0.25449,-0.11489,0.73284,0.65285,0.23271,0.28601,-0.14676,-0.47879,-0.408,-0.30362,-0.16874,-0.43109,0.018714,-0.53589,0.083852,-0.43338,0.22565,-0.14448,-0.095061,-0.25377,0.33467,0.30471,0.19757,0.1526,0.22183,0.083216,0.1031,0.15726,-0.14737,0.18431,0.21372,0.32359,-0.029852,0.060181,0.47808,0.29602,-0.13258,-0.010686,0.015471,0.23209
-0.35525,-0.40854,-0.30195,-0.22708,0.024172,0.047773,-0.16866,-0.34498,0.024239,-0.012443,-0.04601,-0.21107,0.041219,-0.14877,0.0028952,-0.007194,-0.23884,-0.15363,-0.050905,-0.29874,0.17563,0.22832,-0.07826,-0.24409,0.26114,0.27265,0.069456,0.020691,0.074283,0.21565,0.0041655,-0.22063,-0.19531,-0.36393,0.31862,0.25427,0.10457,0.33388,0.027385,0.0060184,0.017199,0.171,0.75034,0.57951,0.27757,-0.025073,0.91789,1,-0.17148,-0.25654,0.32964,-0.022198,0.68425,0.69333,0.22455,0.33948,-0.10167,-0.44554,-0.34283,-0.24884,-0.12095,-0.36975,0.0060293,-0.49693,0.12165,-0.38385,0.28616,-0.030353,-0.015881,-0.22097,0.31309,0.32408,0.17075,0.20563,0.21573,0.12553,0.18386,0.24416,-0.1036,0.17821,0.22703,0.3707,-0.012018,0.078227,0.43351,0.41892,-0.079082,-0.04645,-0.017981,0.25214
0.40058,0.45077,0.44179,0.39107,-0.1915,-0.24602,0.35858,0.42996,-0.12329,-0.2953,-0.07325,-0.086037,0.016269,0.0050066,-0.079077,-0.161,-0.10645,-0.13771,0.40027,0.40619,-0.22641,-0.2104,0.23735,0.3708,-0.18831,-0.19115,-0.25239,-0.26772,-0.20894,-0.17987,-0.023684,0.067717,-0.2946,-0.25253,-0.035861,-0.17498,-0.17591,-0.15326,-0.19236,-0.081709,-0.10394,-0.042133,-0.030474,0.095997,0.57103,0.76984,-0.2622,-0.17148,1,0.83852,0.66686,0.75957,-0.074745,0.11586,-0.22947,-0.2556,0.46066,0.40005,0.62107,0.5249,0.49473,0.53098,0.10246,0.19614,0.55428,0.64388,0.33257,0.51966,0.25917,0.33843,-0.0021239,0.03137,-0.27432,-0.3942,-0.46846,-0.53795,-0.052149,0.043652,-0.11992,-0.13778,-0.36662,-0.28243,-0.20272,-0.29136,-0.35714,-0.0057226,-0.13735,-0.10855,-0.098322,-0.28983
0.45993,0.54974,0.38821,0.52614,-0.1866,-0.19848,0.33658,0.60491,-0.13679,-0.28487,-0.10444,-0.10733,0.039155,-0.037586,-0.062711,-0.1697,-0.20875,-0.19251,0.45126,0.48917,-0.12043,-0.1037,0.18252,0.43989,-0.14003,-0.072924,-0.18679,-0.17534,-0.24253,-0.23748,-0.0068499,0.14952,-0.22885,-0.16036,-0.12042,-0.14565,-0.15631,-0.25512,-0.1081,-0.09309,-0.022424,0.0066333,-0.15,0.016359,0.40435,0.83368,-0.31892,-0.25654,0.83852,1,0.49684,0.78111,-0.15676,0.037649,-0.17156,-0.20796,0.50609,0.49959,0.65433,0.68039,0.60236,0.74302,0.083107,0.39776,0.52706,0.83756,0.29881,0.52882,0.3624,0.3702,-0.044512,-0.024104,-0.19647,-0.4338,-0.45459,-0.4817,-0.24278,-0.14679,-0.21558,-0.14763,-0.44281,-0.35511,-0.16015,-0.26603,-0.4164,-0.056515,-0.010648,-0.1436,0.052862,-0.16751
0.1246,0.02698,0.16359,0.16789,-0.27847,-0.33898,0.28122,0.1494,-0.22794,-0.41349,0.17471,-0.033541,0.15011,0.0098051,-0.25339,-0.33161,-0.1386,-0.074819,0.19923,0.033676,-0.20699,-0.15588,0.23183,0.19792,-0.1026,-0.11053,-0.27861,-0.35877,-0.24451,-0.10765,-0.032655,-0.027911,-0.23325,-0.22306,0.30713,0.12031,-0.2352,-0.06608,-0.33213,-0.26735,-0.15613,-0.020652,0.48106,0.55094,0.70153,0.60528,0.25449,0.32964,0.66686,0.49684,1,0.71493,0.38669,0.42494,-0.24213,-0.27034,0.24501,-0.10088,0.19878,0.096737,0.42631,0.14192,0.33929,-0.031471,0.75263,0.25851,0.43928,0.45977,0.021033,0.0052593,0.12045,0.24005,-0.14673,-0.15963,-0.33539,-0.4476,0.11957,0.25484,-0.11417,0.064806,-0.15394,-0.041912,-0.33697,-0.39874,-0.028514,0.22498,-0.33221,-0.294,-0.2009,-0.34665
