1,0.52199,0.60416,-0.031298,-0.25093,-0.29815,0.40922,-0.15951,0.16358,0.14489,0.76286,0.17654,0.033665,-0.039798,0.14684,-0.14672,0.020465,-0.12964,0.52698,0.1391,-0.26974,-0.26848,0.18433,0.0031002,-0.11953,-0.28828,0.087413,-0.29619,-0.27812,-0.39187,-0.23457,-0.33511,0.20729,-0.091847,0.18588,-0.25096,0.068425,-0.067784,-0.11101,-0.083041,0.011101,-0.1782,0.17468,0.0064945,0.19979,0.11185,-0.024915,-0.20373,0.37723,0.49724,0.61349,0.14703,-0.22217,0.11346,-0.073772,-0.081666,0.67977,0.36257,0.19949,0.095273,0.30708,0.061464,0.2637,0.13439,0.82287,0.24875,-0.23407,-0.31235,0.11485,-0.093481,0.010114,-0.12771,0.085059,-0.23378,0.15249,0.0026774,0.080033,-0.093421,0.088674,-0.017887,-0.1686,-0.25751,0.081143,-0.37065,0.16493,-0.31103,0.0069275,0.086808,0.35362,-0.083152
0.52199,1,0.066444,0.15969,-0.29566,-0.024447,0.17822,0.461,-0.061625,0.18406,0.20972,0.44605,0.28087,0.42384,0.10719,0.030867,-0.020943,0.13305,0.31543,0.42099,-0.0177,-0.009946,-0.2073,0.013795,-0.26611,-0.063523,0.13274,-0.055053,-0.0013368,0.013798,-0.13456,-0.044776,0.09848,0.22799,-0.063818,-0.049557,0.017493,0.082558,-0.18059,-0.05515,0.089788,0.020767,-0.27926,-0.22645,-0.20393,0.096803,-0.20542,-0.31,0.34942,0.41411,0.2522,0.20991,-0.1404,-0.093963,-0.10388,-0.10331,0.53113,0.47081,0.4189,0.40014,0.51116,0.52402,0.33736,0.42128,0.53422,0.64057,-0.086509,-0.081118,0.23247,-0.19078,0.00053692,-0.071048,-0.053027,-0.085895,0.009451,-0.07584,-0.070228,0.016285,0.065719,-0.012029,0.1295,-0.032068,-0.13381,-0.19987,-0.26964,-0.19716,-0.056962,-0.047712,0.044024,-0.011722
0.60416,0.066444,1,0.36825,0.056925,-0.15963,0.63413,-0.17187,0.26985,0.10169,0.45591,-0.040263,-0.34293,-0.42735,0.030855,-0.117,-0.28286,-0.42705,0.46937,0.14043,-0.23438,-0.24883,0.73149,0.40823,0.26557,-0.061268,0.20429,-0.18491,-0.46845,-0.50524,0.026637,-0.063967,0.11231,-0.15356,0.42254,-0.14119,0.014186,-0.10381,0.011425,0.050243,-0.049764,-0.16727,0.513,0.31243,0.45979,0.1958,0.11562,0.028192,0.26269,0.46884,0.47929,0.034712,-0.15534,0.21415,0.058162,0.082261,0.406,0.28216,0.18288,0.10835,0.1562,-0.080322,-0.17817,-0.12071,0.58954,0.075596,0.05591,-0.13807,0.21561,-0.12212,0.16007,-0.061361,-0.002119,-0.30845,0.048458,-0.089539,-0.0049992,-0.20514,-0.11344,-0.25853,-0.54905,-0.49556,0.26056,-0.24376,0.17515,-0.10073,0.15216,0.25847,0.38647,-0.011003
-0.031298,0.15969,0.36825,1,0.11307,0.1853,0.43692,0.59335,0.046647,0.24216,-0.14088,0.2949,-0.20525,-0.03492,-0.17025,0.023662,-0.36288,-0.32846,0.051306,0.32145,0.041552,0.042001,0.49909,0.67594,0.31338,0.33448,0.18378,0.03483,-0.25388,-0.15956,0.34235,0.49088,-0.10898,0.13721,0.40975,0.29273,-0.12434,-0.017459,0.0081466,0.069441,-0.02219,-0.0051435,0.24606,0.34795,0.40839,0.41573,0.016021,0.037345,0.11674,0.24746,0.071833,0.21826,-0.30025,-0.15702,0.019004,-0.0013421,-0.035638,0.0016916,0.19572,0.16596,0.09775,0.13499,-0.26034,-0.04322,0.17639,0.45192,0.44806,0.38064,0.25802,-0.14368,0.042918,-0.030765,-0.23872,-0.2,-0.20842,-0.22622,-0.19346,-0.11004,-0.13954,-0.22347,-0.39061,-0.28818,-0.056467,-0.072567,-0.14686,0.32821,0.045831,0.18069,0.001473,0.28491
-0.25093,-0.29566,0.056925,0.11307,1,0.77472,-0.21814,-0.1939,0.75971,0.49018,-0.06647,-0.15515,-0.18059,-0.1213,0.57452,0.54551,-0.31096,-0.35109,-0.16107,-0.16913,0.46148,0.3706,0.29704,0.27553,0.70681,0.68395,0.43256,0.6895,-0.23062,-0.17924,-0.030253,-0.035476,-0.28244,-0.42201,0.19776,0.14901,0.21211,0.17023,0.45425,0.4094,0.14964,0.17584,0.38013,0.22481,0.17537,0.0010442,0.34919,0.36434,-0.39961,-0.14964,-0.18473,-0.19916,0.25065,0.17865,0.36406,0.35712,-0.4387,-0.23476,-0.31515,-0.20441,-0.22611,-0.18349,-0.36868,-0.23504,-0.066202,-0.21776,-0.027305,0.034857,-0.10896,0.32518,0.35395,0.27288,0.1354,-0.096781,0.16329,0.14594,0.15289,0.16428,-0.36837,-0.38151,-0.38401,-0.29139,0.4401,0.36298,0.18182,0.096384,0.43571,0.46615,0.30378,0.33942
-0.29815,-0.024447,-0.15963,0.1853,0.77472,1,-0.23297,0.18648,0.60001,0.64628,-0.20572,0.06037,0.10056,0.24728,0.52944,0.64279,-0.29875,-0.20057,-0.22653,-0.064789,0.44059,0.36522,0.078696,0.20022,0.50894,0.71886,0.43562,0.7474,-0.13187,-0.056562,0.043895,0.11358,-0.19469,-0.21105,0.088232,0.15617,0.18993,0.23483,0.36326,0.38472,0.18178,0.18658,0.090864,0.063871,-0.11984,-0.07617,0.2402,0.23977,-0.38178,-0.18389,-0.30705,-0.23154,0.29198,0.13295,0.30073,0.28337,-0.44939,-0.24292,-0.24805,-0.14978,-0.10133,-0.0014169,-0.1939,-0.12664,-0.031473,-0.0041729,-0.11606,0.020572,-0.13277,0.29942,0.28618,0.29279,-0.021404,-0.069561,0.095231,0.10289,0.069441,0.17612,-0.28386,-0.3857,-0.24133,-0.20259,0.23088,0.31137,-0.094134,-0.014707,0.30798,0.35222,0.22441,0.30751
0.40922,0.17822,0.63413,0.43692,-0.21814,-0.23297,1,0.30289,-0.037623,0.0048526,0.10978,0.072379,0.10891,-0.15666,-0.12263,-0.25588,-0.18817,-0.22799,0.43694,0.3363,-0.25763,-0.20937,0.39715,0.18798,-0.11237,-0.23241,0.07244,-0.32734,-0.080721,-0.088472,0.17593,0.1123,0.21296,0.15459,0.1181,-0.17884,-0.086401,-0.063622,-0.18125,-0.054138,-0.10698,-0.15535,0.099868,0.080716,0.12672,0.15889,-0.11985,-0.18616,0.32295,0.39941,0.2372,0.055986,-0.20108,0.097255,-0.11106,-0.073112,0.36621,0.22861,0.29813,0.19569,0.2577,0.092961,-0.0092901,-0.034802,0.38131,0.23888,0.10959,-0.018993,0.19906,-0.15442,0.054666,-0.015387,-0.048311,-0.069312,0.022996,-0.060303,-0.055492,-0.18353,0.0059655,-0.12844,-0.17876,-0.26386,-0.047021,-0.24394,-0.1707,-0.15227,-0.073475,-0.051961,0.069512,-0.15441
-0.15951,0.461,-0.17187,0.59335,-0.1939,0.18648,0.30289,1,-0.20546,0.17732,-0.35408,0.53042,0.33703,0.52751,-0.15323,0.04768,-0.16492,0.04912,-0.12972,0.29077,0.041987,0.073139,-0.089704,0.30495,-0.13464,0.16209,0.053005,0.031527,0.13089,0.209,0.25899,0.47911,-0.06389,0.40398,0.031801,0.3058,-0.15329,0.058192,-0.18535,-0.060529,-0.023278,0.048498,-0.30714,-0.032772,-0.15607,0.14739,-0.17126,-0.17132,0.099251,0.11086,-0.093032,0.30399,-0.15014,-0.23489,-0.16694,-0.17589,-0.079629,-0.082746,0.22601,0.19281,0.18208,0.31108,0.058492,0.1256,0.034029,0.63836,0.22167,0.30926,0.12395,-0.20577,-0.13286,-0.016344,-0.28696,-0.02556,-0.19621,-0.20019,-0.22878,0.0037781,0.08188,-0.011951,0.10952,0.078929,-0.40202,-0.09125,-0.46751,0.20117,-0.20523,-0.17635,-0.26527,0.1657
0.16358,-0.061625,0.26985,0.046647,0.75971,0.60001,-0.037623,-0.20546,1,0.66811,0.23553,0.0094943,-0.20831,-0.08836,0.69831,0.57209,-0.39484,-0.53544,0.081089,-0.19861,0.41078,0.31676,0.30305,0.25874,0.60815,0.51092,0.39964,0.47895,-0.37208,-0.38421,-0.29648,-0.25533,-0.33353,-0.54374,0.30505,0.12028,0.31123,0.16097,0.48623,0.42135,0.25587,0.10253,0.49545,0.28893,0.27236,-0.034051,0.40574,0.38326,-0.18075,0.018403,0.10194,-0.0010453,0.16989,0.15202,0.39435,0.36483,-0.2495,-0.22069,-0.2919,-0.27342,-0.20528,-0.27574,-0.39208,-0.31493,0.29471,-0.051886,-0.18414,-0.15722,-0.14668,0.30227,0.37267,0.22104,0.19269,-0.19025,0.28157,0.1754,0.2209,0.16449,-0.42679,-0.44536,-0.54051,-0.48064,0.48637,0.22657,0.27393,0.031228,0.50227,0.57436,0.44271,0.36757
0.14489,0.18406,0.10169,0.24216,0.49018,0.64628,0.0048526,0.17732,0.66811,1,0.1738,0.17511,-0.059954,0.2099,0.51051,0.68436,-0.31495,-0.42317,0.090318,-0.014891,0.28063,0.26654,0.12858,0.17488,0.28941,0.3809,0.30071,0.40934,-0.27861,-0.22496,-0.31433,-0.19335,-0.24436,-0.39706,0.19525,0.10909,0.41019,0.32545,0.51741,0.4769,0.29275,0.19266,0.26982,0.16669,0.094802,-0.050809,0.32579,0.32507,-0.26003,-0.042309,-0.052848,-0.01268,0.16448,0.0053208,0.42549,0.37309,-0.18534,-0.21776,-0.2445,-0.24291,-0.070703,-0.16665,-0.25405,-0.32743,0.31821,0.15827,-0.25523,-0.1189,-0.20992,0.35512,0.27514,0.16917,0.075483,-0.062555,0.27597,0.17596,0.32417,0.31664,-0.27749,-0.39565,-0.35312,-0.40856,0.34054,0.26423,0.16439,0.041925,0.45723,0.56286,0.43078,0.52184
0.76286,0.20972,0.45591,-0.14088,-0.06647,-0.20572,0.10978,-0.35408,0.23553,0.1738,1,0.22313,-0.0094731,-0.00073183,0.15336,-0.10403,0.24983,-0.028547,0.31594,-0.10643,-0.25727,-0.27793,0.16273,-0.030502,-0.045816,-0.23676,0.041019,-0.20544,-0.32572,-0.44698,-0.27069,-0.32623,0.13977,-0.20066,0.22229,-0.166,0.068689,-0.10843,-0.020542,-0.13984,-0.020224,-0.24954,0.19694,0.049629,0.28136,0.028082,0.046801,-0.12659,0.065493,0.20198,0.51521,0.050327,-0.10652,0.079837,-0.013318,-0.07119,0.3861,0.090851,-0.093346,-0.16136,0.0010449,-0.17526,0.14911,-0.036175,0.64863,-0.011077,-0.25281,-0.25837,-0.028259,0.0066609,-0.07872,-0.13831,-0.030753,-0.29744,0.053702,-0.069634,0.1415,-0.03261,0.20096,0.049099,-0.1825,-0.12986,0.097625,-0.31546,0.49363,-0.13353,-0.043055,0.099717,0.44898,0.040124
0.17654,0.44605,-0.040263,0.2949,-0.15515,0.06037,0.072379,0.53042,0.0094943,0.17511,0.22313,1,0.22516,0.53491,-0.050902,-0.017787,0.11878,0.27334,-0.21638,-0.11793,-0.02429,-0.032907,-0.0042841,0.3282,0.011145,0.19299,-0.032448,-0.0090989,0.03711,-0.061481,0.18013,0.36052,-0.16225,0.24803,0.14699,0.33849,-0.33909,-0.28689,-0.35748,-0.40357,-0.090864,-0.21205,-0.2184,0.037338,0.064786,0.081324,-0.21835,-0.28503,0.13409,0.097805,0.26335,0.40588,-0.20956,-0.11948,-0.4004,-0.45827,-0.028857,-0.22877,-0.044246,-0.16777,-0.12654,-0.029216,0.049691,0.017376,0.28663,0.52168,0.027856,0.048936,0.10482,-0.26066,-0.21394,-0.10938,-0.36239,-0.39088,-0.30923,-0.26249,-0.23335,-0.06893,0.36285,0.17239,-0.0025266,0.19842,-0.43489,-0.33141,0.048973,0.27382,-0.38651,-0.26227,-0.17976,0.25549
0.033665,0.28087,-0.34293,-0.20525,-0.18059,0.10056,0.10891,0.33703,-0.20831,-0.059954,-0.0094731,0.22516,1,0.6086,0.23576,-0.016497,0.3999,0.45544,-0.11735,0.060954,0.0023428,-0.0029933,-0.49341,-0.32142,-0.42218,-0.14742,-0.016048,0.0091692,0.42103,0.34093,0.094467,0.082322,0.16481,0.28588,-0.44968,-0.1848,-0.13312,-0.017461,-0.27627,-0.22572,-0.044232,-0.025743,-0.5928,-0.46561,-0.56437,-0.22367,-0.35911,-0.43496,0.021031,-0.04886,-0.18741,-0.1267,0.091959,0.032549,-0.24136,-0.22954,0.093062,0.01898,0.16267,0.11691,0.24682,0.3724,0.46446,0.3468,0.051127,0.17523,-0.28052,-0.19082,0.060406,-0.12206,-0.18266,0.028994,-0.029941,0.13427,-0.024205,0.022124,-0.034472,0.043925,0.32455,0.22028,0.49847,0.37895,-0.36158,-0.15126,-0.4311,-0.43338,-0.35878,-0.47998,-0.22418,-0.27283
-0.039798,0.42384,-0.42735,-0.03492,-0.1213,0.24728,-0.15666,0.52751,-0.08836,0.2099,-0.00073183,0.53491,0.6086,1,0.14668,0.26877,0.23738,0.36944,-0.22859,-0.026729,0.041437,0.075368,-0.43367,-0.1014,-0.28931,0.0068959,0.019639,0.13867,0.15476,0.1818,0.00031789,0.095588,-0.043919,0.21971,-0.2723,0.16023,-0.067707,0.011046,-0.15331,-0.15943,0.080409,0.058884,-0.5037,-0.34921,-0.38812,-0.095276,-0.21036,-0.27068,-0.084765,-0.12237,-0.089364,0.18337,0.082691,-0.24898,-0.15048,-0.16928,-0.1102,-0.2316,-0.031492,-0.051378,0.082869,0.23668,0.36284,0.21051,0.085291,0.39738,-0.1989,-0.027843,-0.039011,-0.14772,-0.25434,-0.014155,-0.17212,-0.046094,-0.11184,-0.098292,-0.12709,0.071978,0.27473,0.022721,0.26567,0.23508,-0.35395,-0.10461,-0.2434,-0.13049,-0.24133,-0.26719,-0.09257,0.1443
0.14684,0.10719,0.030855,-0.17025,0.57452,0.52944,-0.12263,-0.15323,0.69831,0.51051,0.15336,-0.050902,0.23576,0.14668,1,0.66762,-0.21055,-0.2285,0.19102,0.045286,0.54027,0.46283,0.007483,0.0047347,0.30988,0.35547,0.4277,0.53812,-0.049039,-0.052398,-0.33305,-0.35805,-0.12048,-0.31006,-0.12314,-0.15248,0.39414,0.34192,0.41037,0.44666,0.3594,0.34311,0.12352,-0.12353,-0.19413,-0.29025,0.16144,0.18046,-0.13772,-0.041124,-0.1305,-0.18542,0.20831,0.11305,0.26841,0.32057,-0.11009,-0.078879,-0.14941,-0.099768,-0.025054,0.021692,-0.093469,-0.061021,0.20339,-0.03762,-0.36123,-0.29842,-0.026658,0.24902,0.41247,0.31264,0.34508,0.077662,0.45247,0.37853,0.39095,0.30691,-0.44167,-0.33864,-0.14015,-0.28601,0.53094,0.35741,0.026769,-0.27288,0.49037,0.41105,0.32098,0.25088
-0.14672,0.030867,-0.117,0.023662,0.54551,0.64279,-0.25588,0.04768,0.57209,0.68436,-0.10403,-0.017787,-0.016497,0.26877,0.66762,1,-0.40708,-0.36143,-0.015172,0.0068288,0.47859,0.47974,0.035099,0.15981,0.31841,0.3882,0.39237,0.58486,-0.17866,-0.018885,-0.39551,-0.26852,-0.34848,-0.36986,-0.0078272,0.14181,0.537,0.52571,0.65113,0.64454,0.42061,0.47009,0.16016,-0.0051196,-0.11001,-0.18994,0.3531,0.46721,-0.32254,-0.20477,-0.23256,-0.012139,0.26664,-0.14269,0.48585,0.53524,-0.35115,-0.28001,-0.21995,-0.15921,-0.12619,-0.092984,-0.27583,-0.2631,0.0088133,0.021454,-0.21534,-0.088629,-0.13804,0.29461,0.31917,0.25063,0.24701,0.11542,0.42897,0.36291,0.38153,0.3911,-0.47582,-0.46443,-0.24706,-0.3827,0.5252,0.53121,0.052882,0.068756,0.63269,0.58921,0.34754,0.56519
0.020465,-0.020943,-0.28286,-0.36288,-0.31096,-0.29875,-0.18817,-0.16492,-0.39484,-0.31495,0.24983,0.11878,0.3999,0.23738,-0.21055,-0.40708,1,0.69684,-0.12996,-0.1289,-0.28783,-0.32931,-0.39297,-0.42525,-0.42442,-0.32833,-0.42073,-0.32733,0.4294,0.22814,0.10527,-0.031321,0.21171,0.14638,-0.37604,-0.23369,-0.33345,-0.38719,-0.39214,-0.57493,-0.20029,-0.26378,-0.39769,-0.25785,-0.19584,-0.1775,-0.39279,-0.42081,-0.092152,-0.18529,-0.10142,-0.15742,-0.033859,0.001582,-0.3263,-0.39456,0.20657,0.10091,-0.031307,-0.050382,0.041719,0.071157,0.47545,0.33922,-0.1113,-0.16657,-0.14505,-0.16437,-0.079523,-0.11638,-0.38349,-0.22327,-0.17265,-0.036368,-0.2413,-0.22641,-0.035747,-0.063051,0.67387,0.52638,0.57273,0.63016,-0.37865,-0.2789,0.16115,-0.19987,-0.55188,-0.56496,-0.18475,-0.35763
-0.12964,0.13305,-0.42705,-0.32846,-0.35109,-0.20057,-0.22799,0.04912,-0.53544,-0.42317,-0.028547,0.27334,0.45544,0.36944,-0.2285,-0.36143,0.69684,1,-0.23901,0.0047478,-0.24042,-0.25844,-0.46659,-0.37565,-0.40721,-0.19209,-0.30449,-0.19412,0.49219,0.42597,0.28184,0.20589,0.22308,0.43049,-0.38111,-0.15048,-0.44603,-0.36459,-0.56755,-0.59369,-0.18506,-0.16918,-0.58978,-0.40262,-0.38372,-0.11999,-0.49661,-0.55931,0.0083964,-0.13807,-0.15101,-0.13259,0.028936,0.0025345,-0.50821,-0.51761,0.13906,0.13546,0.075212,0.11039,0.038484,0.22958,0.50805,0.41486,-0.22497,-0.034606,-0.02353,-0.028238,0.09426,-0.22415,-0.41865,-0.23611,-0.2868,-0.026257,-0.35534,-0.20603,-0.24751,-0.11861,0.59901,0.53857,0.6745,0.76582,-0.51464,-0.25029,-0.08318,-0.11676,-0.64561,-0.65912,-0.35992,-0.31206
0.52698,0.31543,0.46937,0.051306,-0.16107,-0.22653,0.43694,-0.12972,0.081089,0.090318,0.31594,-0.21638,-0.11735,-0.22859,0.19102,-0.015172,-0.12996,-0.23901,1,0.66886,-0.09216,-0.096421,0.13795,-0.076878,-0.14462,-0.25785,0.14537,-0.21143,-0.081551,-0.068546,-0.24638,-0.37862,0.39185,0.020402,-0.067616,-0.3697,0.28818,0.2057,0.13393,0.21349,0.16074,0.033507,0.047575,-0.22874,-0.034073,-0.032811,-0.015772,-0.08369,0.31425,0.36973,0.13724,-0.10143,-0.12619,-0.078748,0.17058,0.2102,0.53964,0.46623,0.37197,0.38726,0.35009,0.22313,0.055888,0.078646,0.41309,0.094099,0.064089,-0.019166,0.28278,0.06324,0.3122,0.0058481,0.29989,0.079002,0.35649,0.17815,0.33552,0.066337,-0.32065,-0.2173,-0.1017,-0.38692,0.40495,0.051438,-0.033792,-0.36283,0.29583,0.27284,0.34432,-0.06362
0.1391,0.42099,0.14043,0.32145,-0.16913,-0.064789,0.3363,0.29077,-0.19861,-0.014891,-0.10643,-0.11793,0.060954,-0.026729,0.045286,0.0068288,-0.1289,0.0047478,0.66886,1,0.036322,0.029814,0.028472,0.075847,-0.16424,-0.082458,0.17854,-0.061583,0.090588,0.24474,0.021616,0.017472,0.33866,0.32983,-0.10773,-0.19461,0.20082,0.29545,0.048623,0.20239,0.1813,0.20452,-0.18316,-0.28983,-0.19104,0.082989,-0.12183,-0.16288,0.15746,0.25715,-0.16335,-0.13381,-0.14555,-0.22675,0.086777,0.13262,0.39545,0.47582,0.44877,0.54281,0.44795,0.46997,0.12708,0.2379,0.11936,0.20247,0.27593,0.26483,0.32612,0.014215,0.17843,-0.039258,0.12511,0.19039,0.16784,0.079201,0.13267,0.09467,-0.22323,-0.12403,0.12249,-0.15676,0.18284,0.14655,-0.30377,-0.15284,0.19091,0.14507,0.11254,-0.04351
-0.26974,-0.0177,-0.23438,0.041552,0.46148,0.44059,-0.25763,0.041987,0.41078,0.28063,-0.25727,-0.02429,0.0023428,0.041437,0.54027,0.47859,-0.28783,-0.24042,-0.09216,0.036322,1,0.7966,-0.029355,0.14118,0.40116,0.44772,0.39875,0.62538,0.15583,0.20131,-0.059423,-0.0033261,-0.29262,-0.18045,-0.11389,0.064646,0.21922,0.27755,0.32213,0.3664,0.34787,0.43431,0.13068,0.024284,-0.03277,-0.16242,0.13844,0.27352,-0.12009,-0.16195,-0.26198,-0.043184,-0.023574,-0.065577,0.10406,0.16157,-0.3269,-0.17215,-0.15004,-0.069167,-0.13696,0.040298,-0.31702,-0.12831,-0.19625,0.00022034,-0.086105,-0.061982,-0.026172,0.15913,0.43096,0.42525,0.35068,0.23449,0.29607,0.37314,0.32393,0.41955,-0.39933,-0.18408,-0.0022782,-0.069563,0.3716,0.52245,0.079165,0.14452,0.41782,0.31405,-0.10129,0.29981
-0.26848,-0.009946,-0.24883,0.042001,0.3706,0.36522,-0.20937,0.073139,0.31676,0.26654,-0.27793,-0.032907,-0.0029933,0.075368,0.46283,0.47974,-0.32931,-0.25844,-0.096421,0.029814,0.7966,1,-0.11913,0.076582,0.22651,0.29604,0.25362,0.56677,0.18412,0.31135,-0.10842,0.0049715,-0.35663,-0.21881,-0.18527,0.0038911,0.27028,0.31555,0.33691,0.36124,0.27323,0.49159,0.102,-0.080113,-0.093082,-0.18716,0.037912,0.20793,-0.06745,-0.15848,-0.24806,-0.040817,-0.015669,-0.10773,0.070046,0.13156,-0.28048,-0.20943,-0.05688,-0.024694,-0.10115,0.043768,-0.36089,-0.20272,-0.1919,0.029107,-0.18651,-0.17073,0.0028243,0.074768,0.49636,0.5458,0.38323,0.34106,0.36847,0.39238,0.31839,0.43702,-0.4155,-0.11777,0.04771,-0.059686,0.37513,0.59998,0.078481,0.12136,0.43789,0.26757,-0.21037,0.30224
0.18433,-0.2073,0.73149,0.49909,0.29704,0.078696,0.39715,-0.089704,0.30305,0.12858,0.16273,-0.0042841,-0.49341,-0.43367,0.007483,0.035099,-0.39297,-0.46659,0.13795,0.028472,-0.029355,-0.11913,1,0.73705,0.66601,0.33103,0.30424,0.095737,-0.47507,-0.51532,0.27087,0.21411,-0.0017261,-0.10221,0.53324,0.15918,-0.046591,-0.1126,0.08082,0.090273,0.00034624,-0.13037,0.61915,0.57894,0.59401,0.25898,0.31069,0.29305,-0.0097213,0.22607,0.30871,0.12837,-0.20747,0.10963,0.065191,0.068502,-0.0081722,0.00018198,-0.13203,-0.14643,-0.1372,-0.27059,-0.30269,-0.22199,0.24426,-0.026055,0.29876,0.1501,0.10078,0.048291,0.14566,-0.014209,-0.15148,-0.36754,-0.088945,-0.15665,-0.031192,-0.16614,-0.16268,-0.30902,-0.66364,-0.49921,0.19569,-0.13984,0.17381,0.2205,0.17961,0.33637,0.29719,0.19912
0.0031002,0.013795,0.40823,0.67594,0.27553,0.20022,0.18798,0.30495,0.25874,0.17488,-0.030502,0.3282,-0.32142,-0.1014,0.0047347,0.15981,-0.42525,-0.37565,-0.076878,0.075847,0.14118,0.076582,0.73705,1,0.62427,0.50598,0.32114,0.22309,-0.34985,-0.35152,0.27629,0.44179,-0.27035,0.047711,0.49869,0.41219,-0.11609,-0.082358,0.053338,0.04906,0.032009,0.0013175,0.42397,0.52482,0.54267,0.34318,0.18651,0.20396,0.090357,0.26587,0.31755,0.43357,-0.30071,-0.084066,-0.037825,-0.051899,-0.1204,-0.10725,0.034174,-0.015104,-0.061999,-0.044684,-0.34519,-0.087223,0.17971,0.31468,0.40829,0.32606,0.25701,-0.10975,0.061665,-0.031691,-0.2288,-0.38459,-0.19158,-0.19813,-0.14977,-0.086166,-0.14106,-0.2226,-0.50692,-0.33073,0.0030698,-0.093189,0.030512,0.4674,0.070891,0.22337,0.025669,0.37465
-0.11953,-0.26611,0.26557,0.31338,0.70681,0.50894,-0.11237,-0.13464,0.60815,0.28941,-0.045816,0.011145,-0.42218,-0.28931,0.30988,0.31841,-0.42442,-0.40721,-0.14462,-0.16424,0.40116,0.22651,0.66601,0.62427,1,0.79091,0.4509,0.51845,-0.31561,-0.36998,0.25814,0.24108,-0.25649,-0.23752,0.49657,0.34555,-0.063465,-0.085071,0.20059,0.17557,0.08654,0.0030304,0.60072,0.55389,0.52128,0.20005,0.38619,0.4063,-0.14461,0.0049436,0.13189,0.11461,-0.12435,0.072742,0.09694,0.080014,-0.36469,-0.22876,-0.29488,-0.22735,-0.29497,-0.26679,-0.40542,-0.20109,0.044732,-0.066749,0.24053,0.18184,0.030511,0.17245,0.21143,0.081905,-0.066544,-0.32983,-0.063679,-0.049335,-0.024848,-0.023282,-0.31474,-0.31034,-0.55779,-0.32201,0.27108,0.11634,0.17459,0.31349,0.26138,0.37688,0.16398,0.33805
-0.28828,-0.063523,-0.061268,0.33448,0.68395,0.71886,-0.23241,0.16209,0.51092,0.3809,-0.23676,0.19299,-0.14742,0.0068959,0.35547,0.3882,-0.32833,-0.19209,-0.25785,-0.082458,0.44772,0.29604,0.33103,0.50598,0.79091,1,0.37032,0.61514,-0.1516,-0.20131,0.28564,0.37223,-0.21423,-0.013557,0.2617,0.36052,-0.13528,-0.073845,0.10398,0.12289,0.065599,0.0082589,0.21328,0.34502,0.19482,0.11688,0.1958,0.22025,-0.17442,-0.084773,-0.081701,0.05384,-0.048945,0.014316,0.048189,0.029118,-0.38098,-0.19426,-0.16806,-0.097347,-0.15454,-0.029573,-0.30071,-0.045069,-0.05829,0.10295,0.25886,0.26268,0.11038,0.18524,0.17533,0.099357,-0.19214,-0.29043,-0.18006,-0.10223,-0.092699,0.0086725,-0.23015,-0.2386,-0.36048,-0.14861,0.075962,0.077231,-0.084771,0.23153,0.12772,0.23236,0.0089252,0.28842
0.087413,0.13274,0.20429,0.18378,0.43256,0.43562,0.07244,0.053005,0.39964,0.30071,0.041019,-0.032448,-0.016048,0.019639,0.4277,0.39237,-0.42073,-0.30449,0.14537,0.17854,0.39875,0.25362,0.30424,0.32114,0.4509,0.37032,1,0.58513,-0.40137,-0.28819,-0.062045,-0.052468,0.0037441,-0.060576,0.17999,0.0046423,0.2838,0.31871,0.19284,0.33079,0.25015,0.23812,0.16718,0.10985,0.026034,0.10585,0.1996,0.1708,-0.020843,0.16171,0.13027,-0.0036561,0.079082,0.13458,0.19285,0.29045,-0.035079,0.035957,0.014275,0.043226,0.098783,0.089641,-0.0025268,0.0097126,0.21707,0.089143,-0.00015344,0.081888,0.11983,0.060517,0.31279,0.22697,0.085435,-0.094297,0.11909,0.20491,0.077943,0.056898,-0.3612,-0.50756,-0.34096,-0.45029,0.28314,0.13249,-0.14735,-0.044173,0.37608,0.34697,0.34561,0.22528
-0.29619,-0.055053,-0.18491,0.03483,0.6895,0.7474,-0.32734,0.031527,0.47895,0.40934,-0.20544,-0.0090989,0.0091692,0.13867,0.53812,0.58486,-0.32733,-0.19412,-0.21143,-0.061583,0.62538,0.56677,0.095737,0.22309,0.51845,0.61514,0.58513,1,-0.060227,0.022677,0.035658,0.031621,-0.25702,-0.22537,0.032623,0.12732,0.21988,0.29949,0.3499,0.38606,0.15203,0.3429,0.13533,0.022275,-0.074053,-0.11153,0.19345,0.26326,-0.29474,-0.19799,-0.20097,-0.12838,0.1871,0.094788,0.13996,0.19506,-0.42745,-0.24584,-0.26182,-0.14125,-0.16469,-0.0064981,-0.21664,-0.11825,-0.1264,-0.07177,-0.1718,-0.046063,-0.13041,0.25793,0.35201,0.40478,0.14038,0.058564,0.18577,0.28739,0.14566,0.22871,-0.35466,-0.31788,-0.11777,-0.13368,0.32546,0.47107,0.010166,0.080988,0.37211,0.31964,0.072703,0.36034
-0.27812,-0.0013368,-0.46845,-0.25388,-0.23062,-0.13187,-0.080721,0.13089,-0.37208,-0.27861,-0.32572,0.03711,0.42103,0.15476,-0.049039,-0.17866,0.4294,0.49219,-0.081551,0.090588,0.15583,0.18412,-0.47507,-0.34985,-0.31561,-0.1516,-0.40137,-0.060227,1,0.82973,0.27732,0.17923,0.063205,0.24446,-0.4835,-0.21487,-0.21023,-0.12043,-0.20748,-0.27604,-0.046298,0.11664,-0.3965,-0.39425,-0.36606,-0.3421,-0.30805,-0.23168,0.025156,-0.24683,-0.3891,-0.17711,-0.056777,-0.010887,-0.36904,-0.38979,-0.043313,0.027889,0.052651,0.10806,-0.04464,0.15167,0.070092,0.11183,-0.3701,-0.10257,-0.16416,-0.17749,0.015603,0.0077939,-0.1282,0.015953,0.20355,0.39668,0.092184,0.12424,0.15465,0.22685,0.27305,0.51976,0.76484,0.7176,-0.15106,0.25525,-0.047925,-0.059242,-0.29776,-0.47565,-0.58817,-0.21265
-0.39187,0.013798,-0.50524,-0.15956,-0.17924,-0.056562,-0.088472,0.209,-0.38421,-0.22496,-0.44698,-0.061481,0.34093,0.1818,-0.052398,-0.018885,0.22814,0.42597,-0.068546,0.24474,0.20131,0.31135,-0.51532,-0.35152,-0.36998,-0.20131,-0.28819,0.022677,0.82973,1,0.1658,0.16283,0.03065,0.24238,-0.46997,-0.20234,-0.019944,0.13841,-0.029522,-0.042209,0.012528,0.33433,-0.37563,-0.48478,-0.3995,-0.28051,-0.27449,-0.1746,-0.039826,-0.2613,-0.51081,-0.26949,0.035625,-0.11416,-0.2104,-0.19727,-0.11978,0.01093,0.099404,0.19924,0.0040007,0.24068,-0.012958,0.040067,-0.43614,-0.073371,-0.11367,-0.091672,-0.00030717,-0.022676,-0.053779,0.082542,0.24291,0.54201,0.17229,0.22159,0.15524,0.29397,0.11317,0.41071,0.74526,0.62183,-0.0043049,0.48461,-0.085732,0.00039417,-0.06963,-0.28985,-0.495,-0.10505
-0.23457,-0.13456,0.026637,0.34235,-0.030253,0.043895,0.17593,0.25899,-0.29648,-0.31433,-0.27069,0.18013,0.094467,0.00031789,-0.33305,-0.39551,0.10527,0.28184,-0.24638,0.021616,-0.059423,-0.10842,0.27087,0.27629,0.25814,0.28564,-0.062045,0.035658,0.27732,0.1658,1,0.84382,0.2506,0.45681,0.16955,0.1736,-0.65527,-0.51047,-0.54758,-0.54275,-0.40654,-0.30842,-0.08627,0.13391,0.11532,0.11793,-0.23279,-0.2661,0.031421,-0.041906,-0.02455,-0.035754,-0.30274,0.07785,-0.54913,-0.55808,-0.13952,-0.057931,-0.0096378,0.043637,-0.07403,0.062469,0.036348,0.1218,-0.12052,0.089453,0.30844,0.20938,0.20123,-0.17859,-0.21955,-0.14207,-0.41013,-0.2837,-0.50814,-0.40857,-0.39568,-0.3039,0.33725,0.23587,0.080953,0.35863,-0.44279,-0.23668,-0.20707,0.045385,-0.53005,-0.52501,-0.50227,-0.24468
-0.33511,-0.044776,-0.063967,0.49088,-0.035476,0.11358,0.1123,0.47911,-0.25533,-0.19335,-0.32623,0.36052,0.082322,0.095588,-0.35805,-0.26852,-0.031321,0.20589,-0.37862,0.017472,-0.0033261,0.0049715,0.21411,0.44179,0.24108,0.37223,-0.052468,0.031621,0.17923,0.16283,0.84382,1,0.053311,0.49177,0.23251,0.32142,-0.57003,-0.39693,-0.46037,-0.44312,-0.32767,-0.23218,-0.11889,0.18215,0.1329,0.16155,-0.20273,-0.20332,0.043976,-0.025462,-0.028096,0.092469,-0.27065,-0.038553,-0.43975,-0.4685,-0.19683,-0.13662,0.070013,0.082992,-0.052907,0.10775,-0.11187,0.071766,-0.15245,0.26997,0.39453,0.32299,0.25037,-0.2384,-0.18989,-0.12153,-0.47073,-0.2826,-0.5518,-0.45307,-0.40057,-0.19842,0.30624,0.20353,0.024235,0.30876,-0.50858,-0.23218,-0.23105,0.25553,-0.47991,-0.43692,-0.50422,-0.092774
0.20729,0.09848,0.11231,-0.10898,-0.28244,-0.19469,0.21296,-0.06389,-0.33353,-0.24436,0.13977,-0.16225,0.16481,-0.043919,-0.12048,-0.34848,0.21171,0.22308,0.39185,0.33866,-0.29262,-0.35663,-0.0017261,-0.27035,-0.25649,-0.21423,0.0037441,-0.25702,0.063205,0.03065,0.2506,0.053311,1,0.51089,-0.12655,-0.30716,-0.085249,-0.061805,-0.27658,-0.1945,-0.18495,-0.23378,-0.3031,-0.289,-0.31681,-0.10678,-0.17309,-0.31183,0.0080397,0.04455,-0.10829,-0.36224,-0.06571,0.10956,-0.1336,-0.13839,0.32324,0.30773,0.057168,0.1166,0.19052,0.13861,0.39794,0.21833,0.10252,-0.10462,0.018623,0.038166,0.13531,0.1146,-0.086232,-0.1418,-0.08186,-0.034841,-0.087214,-0.1074,0.017962,-0.12476,0.15991,0.03502,0.12215,0.025358,-0.13085,-0.21697,-0.23113,-0.46308,-0.18471,-0.20097,0.070477,-0.43225
-0.091847,0.22799,-0.15356,0.13721,-0.42201,-0.21105,0.15459,0.40398,-0.54374,-0.39706,-0.20066,0.24803,0.28588,0.21971,-0.31006,-0.36986,0.14638,0.43049,0.020402,0.32983,-0.18045,-0.21881,-0.10221,0.047711,-0.23752,-0.013557,-0.060576,-0.22537,0.24446,0.24238,0.45681,0.49177,0.51089,1,-0.16554,0.00082984,-0.35168,-0.17776,-0.55711,-0.40321,-0.20962,-0.10843,-0.51575,-0.2575,-0.2887,0.027886,-0.43474,-0.46406,0.24647,0.082345,-0.07168,0.016333,-0.25916,-0.15587,-0.46222,-0.41942,0.2082,0.21295,0.34452,0.34522,0.21857,0.40781,0.33234,0.38805,-0.025527,0.36966,0.31862,0.2796,0.44365,-0.29219,-0.27151,-0.21763,-0.2462,-0.0036607,-0.30779,-0.21181,-0.27841,-0.19144,0.31593,0.26075,0.26139,0.31948,-0.49502,-0.36972,-0.45447,-0.098352,-0.49073,-0.47105,-0.33729,-0.31969
0.18588,-0.063818,0.42254,0.40975,0.19776,0.088232,0.1181,0.031801,0.30505,0.19525,0.22229,0.14699,-0.44968,-0.2723,-0.12314,-0.0078272,-0.37604,-0.38111,-0.067616,-0.10773,-0.11389,-0.18527,0.53324,0.49869,0.49657,0.2617,0.17999,0.032623,-0.4835,-0.46997,0.16955,0.23251,-0.12655,-0.16554,1,0.59867,-0.10799,-0.13339,0.078184,0.017422,-0.085423,-0.20995,0.55436,0.56879,0.65719,0.43953,0.37918,0.24968,-0.0058313,0.1354,0.43281,0.29522,-0.2287,0.060523,0.097604,0.0043442,-0.18534,-0.18604,-0.21289,-0.18275,-0.21234,-0.28589,-0.22355,-0.20512,0.3736,0.15345,0.28837,0.27606,-0.089964,0.027302,-0.14712,-0.2397,-0.26888,-0.42083,-0.20607,-0.25961,-0.22318,-0.20734,-0.10286,-0.17131,-0.55791,-0.29643,-0.034087,-0.17251,0.16978,0.36977,0.046406,0.26966,0.2221,0.29256
-0.25096,-0.049557,-0.14119,0.29273,0.14901,0.15617,-0.17884,0.3058,0.12028,0.10909,-0.166,0.33849,-0.1848,0.16023,-0.15248,0.14181,-0.23369,-0.15048,-0.3697,-0.19461,0.064646,0.0038911,0.15918,0.41219,0.34555,0.36052,0.0046423,0.12732,-0.21487,-0.20234,0.1736,0.32142,-0.30716,0.00082984,0.59867,1,-0.20386,-0.16738,0.043308,-0.05888,-0.043806,-0.14304,0.17313,0.35497,0.3749,0.30271,0.26984,0.25284,-0.1269,-0.17506,0.14283,0.49927,-0.17336,-0.24665,0.034544,-0.06076,-0.46029,-0.41265,-0.24536,-0.22605,-0.3069,-0.21303,-0.19099,-0.16678,-0.061223,0.26673,0.41686,0.47311,-0.088327,-0.0041554,-0.23763,-0.22131,-0.33883,-0.3168,-0.27521,-0.27086,-0.25969,-0.11792,-0.0031839,-0.079245,-0.31806,-0.048347,-0.24522,-0.06877,-0.032709,0.47819,-0.090579,0.060775,-0.099021,0.37431
0.068425,0.017493,0.014186,-0.12434,0.21211,0.18993,-0.086401,-0.15329,0.31123,0.41019,0.068689,-0.33909,-0.13312,-0.067707,0.39414,0.537,-0.33345,-0.44603,0.28818,0.20082,0.21922,0.27028,-0.046591,-0.11609,-0.063465,-0.13528,0.2838,0.21988,-0.21023,-0.019944,-0.65527,-0.57003,-0.085249,-0.35168,-0.10799,-0.20386,1,0.81986,0.80616,0.80803,0.55086,0.62233,0.1403,-0.16454,-0.18055,-0.24267,0.40498,0.45,-0.24856,-0.11972,-0.244,-0.23209,0.34834,-0.057158,0.7189,0.74979,-0.010526,0.007594,-0.10227,-0.049868,0.054439,-0.076739,-0.13721,-0.23761,0.01179,-0.17445,-0.31605,-0.18424,-0.28335,0.3603,0.37328,0.28139,0.53612,0.42633,0.60613,0.56713,0.55038,0.48739,-0.4313,-0.34393,-0.13121,-0.45951,0.61462,0.4737,0.17718,-0.026579,0.74469,0.69062,0.58829,0.34166
-0.067784,0.082558,-0.10381,-0.017459,0.17023,0.23483,-0.063622,0.058192,0.16097,0.32545,-0.10843,-0.28689,-0.017461,0.011046,0.34192,0.52571,-0.38719,-0.36459,0.2057,0.29545,0.27755,0.31555,-0.1126,-0.082358,-0.085071,-0.073845,0.31871,0.29949,-0.12043,0.13841,-0.51047,-0.39693,-0.061805,-0.17776,-0.13339,-0.16738,0.81986,1,0.67154,0.81589,0.47023,0.67165,-0.0067058,-0.20554,-0.27785,-0.18092,0.29948,0.3654,-0.23935,-0.13578,-0.31241,-0.21501,0.29042,-0.095952,0.60537,0.68467,-0.087108,0.022206,-0.036052,0.069317,0.064337,0.071703,-0.090011,-0.14171,-0.066139,-0.067701,-0.22913,-0.048798,-0.17662,0.3124,0.33175,0.28527,0.47902,0.50528,0.55378,0.55355,0.44965,0.46269,-0.46939,-0.31931,-0.029154,-0.34799,0.4928,0.49696,-0.00090029,0.033618,0.66934,0.59128,0.4481,0.3382
-0.11101,-0.18059,0.011425,0.0081466,0.45425,0.36326,-0.18125,-0.18535,0.48623,0.51741,-0.020542,-0.35748,-0.27627,-0.15331,0.41037,0.65113,-0.39214,-0.56755,0.13393,0.048623,0.32213,0.33691,0.08082,0.053338,0.20059,0.10398,0.19284,0.3499,-0.20748,-0.029522,-0.54758,-0.46037,-0.27658,-0.55711,0.078184,0.043308,0.80616,0.67154,1,0.837,0.50292,0.53327,0.36047,0.026262,0.05394,-0.19364,0.53607,0.59249,-0.39182,-0.23864,-0.30763,-0.18469,0.32161,-0.10079,0.82192,0.75856,-0.27128,-0.15768,-0.26643,-0.17588,-0.12256,-0.19771,-0.41692,-0.36891,-0.093941,-0.25245,-0.18681,-0.084765,-0.36611,0.50175,0.34152,0.20906,0.44183,0.3143,0.52293,0.42099,0.50022,0.43016,-0.52783,-0.33936,-0.27404,-0.45288,0.68224,0.64574,0.30681,0.13367,0.79074,0.78716,0.51112,0.44537
-0.083041,-0.05515,0.050243,0.069441,0.4094,0.38472,-0.054138,-0.060529,0.42135,0.4769,-0.13984,-0.40357,-0.22572,-0.15943,0.44666,0.64454,-0.57493,-0.59369,0.21349,0.20239,0.3664,0.36124,0.090273,0.04906,0.17557,0.12289,0.33079,0.38606,-0.27604,-0.042209,-0.54275,-0.44312,-0.1945,-0.40321,0.017422,-0.05888,0.80803,0.81589,0.837,1,0.52252,0.61168,0.24098,-0.041104,-0.075025,-0.13,0.44705,0.525,-0.27181,-0.11824,-0.29028,-0.19482,0.29681,-0.060238,0.73521,0.79959,-0.19861,-0.04669,-0.11034,-0.010148,-0.021828,-0.019593,-0.32472,-0.27034,-0.055272,-0.13802,-0.14598,-0.042014,-0.22299,0.38217,0.4229,0.31582,0.45138,0.40567,0.57652,0.53393,0.4442,0.38054,-0.65094,-0.46588,-0.27497,-0.54883,0.71602,0.59548,0.091181,0.087053,0.86334,0.82129,0.53727,0.42683
0.011101,0.089788,-0.049764,-0.02219,0.14964,0.18178,-0.10698,-0.023278,0.25587,0.29275,-0.020224,-0.090864,-0.044232,0.080409,0.3594,0.42061,-0.20029,-0.18506,0.16074,0.1813,0.34787,0.27323,0.00034624,0.032009,0.08654,0.065599,0.25015,0.15203,-0.046298,0.012528,-0.40654,-0.32767,-0.18495,-0.20962,-0.085423,-0.043806,0.55086,0.47023,0.50292,0.52252,1,0.54155,0.067905,-0.023747,-0.078911,-0.1631,0.28015,0.2909,-0.16248,-0.11953,-0.19378,-0.092385,0.16019,-0.092304,0.45542,0.45926,-0.04301,0.088256,-0.10007,-0.011521,-0.059802,0.0096291,-0.065253,-0.046845,-0.054352,-0.075283,-0.083018,-0.074232,-0.099786,0.25897,0.2211,0.12519,0.39605,0.30647,0.41022,0.38836,0.35863,0.32978,-0.30106,-0.2092,-0.10772,-0.23267,0.3789,0.28389,0.083313,0.041405,0.48803,0.47689,0.36347,0.26271
-0.1782,0.020767,-0.16727,-0.0051435,0.17584,0.18658,-0.15535,0.048498,0.10253,0.19266,-0.24954,-0.21205,-0.025743,0.058884,0.34311,0.47009,-0.26378,-0.16918,0.033507,0.20452,0.43431,0.49159,-0.13037,0.0013175,0.0030304,0.0082589,0.23812,0.3429,0.11664,0.33433,-0.30842,-0.23218,-0.23378,-0.10843,-0.20995,-0.14304,0.62233,0.67165,0.53327,0.61168,0.54155,1,0.027116,-0.20484,-0.1784,-0.17923,0.1182,0.23192,-0.11012,-0.132,-0.33059,-0.1225,0.1636,-0.17712,0.33091,0.40777,-0.10943,-0.024463,0.035025,0.12473,0.032385,0.13405,-0.15817,-0.056906,-0.176,-0.014929,-0.18462,-0.1137,-0.10257,0.092771,0.26494,0.28329,0.56957,0.58977,0.52416,0.60576,0.39324,0.45817,-0.33981,-0.098853,0.14034,-0.0666,0.454,0.56054,0.065132,0.13033,0.54333,0.41051,0.14208,0.3067
0.17468,-0.27926,0.513,0.24606,0.38013,0.090864,0.099868,-0.30714,0.49545,0.26982,0.19694,-0.2184,-0.5928,-0.5037,0.12352,0.16016,-0.39769,-0.58978,0.047575,-0.18316,0.13068,0.102,0.61915,0.42397,0.60072,0.21328,0.16718,0.13533,-0.3965,-0.37563,-0.08627,-0.11889,-0.3031,-0.51575,0.55436,0.17313,0.1403,-0.0067058,0.36047,0.24098,0.067905,0.027116,1,0.65779,0.72865,0.29213,0.48599,0.5225,0.047046,0.16847,0.36041,0.17267,-0.094148,0.18065,0.1976,0.1749,-0.16175,-0.14658,-0.27575,-0.28105,-0.23127,-0.43658,-0.48813,-0.41248,0.2176,-0.15925,0.017538,-0.079044,-0.15226,0.19354,0.22469,0.12263,0.10642,-0.16354,0.16817,0.077483,0.08044,0.049271,-0.32853,-0.28049,-0.53724,-0.42968,0.4033,0.19214,0.42021,0.30279,0.36061,0.46892,0.24205,0.32197
0.0064945,-0.22645,0.31243,0.34795,0.22481,0.063871,0.080716,-0.032772,0.28893,0.16669,0.049629,0.037338,-0.46561,-0.34921,-0.12353,-0.0051196,-0.25785,-0.40262,-0.22874,-0.28983,0.024284,-0.080113,0.57894,0.52482,0.55389,0.34502,0.10985,0.022275,-0.39425,-0.48478,0.13391,0.18215,-0.289,-0.2575,0.56879,0.35497,-0.16454,-0.20554,0.026262,-0.041104,-0.023747,-0.20484,0.65779,1,0.69448,0.46968,0.37096,0.45626,0.01381,0.1677,0.41449,0.38551,-0.25064,0.12572,0.075691,0.050419,-0.20101,-0.12734,-0.21087,-0.25782,-0.22839,-0.3857,-0.3447,-0.24704,0.080108,-0.037581,0.28095,0.22558,-0.049659,0.080467,-0.022368,-0.095925,-0.2613,-0.37692,-0.22475,-0.23829,-0.13317,-0.08842,-0.011445,-0.12843,-0.51971,-0.31247,-0.075048,-0.2029,0.19834,0.42736,-0.0067955,0.15714,0.095045,0.16346
0.19979,-0.20393,0.45979,0.40839,0.17537,-0.11984,0.12672,-0.15607,0.27236,0.094802,0.28136,0.064786,-0.56437,-0.38812,-0.19413,-0.11001,-0.19584,-0.38372,-0.034073,-0.19104,-0.03277,-0.093082,0.59401,0.54267,0.52128,0.19482,0.026034,-0.074053,-0.36606,-0.3995,0.11532,0.1329,-0.31681,-0.2887,0.65719,0.3749,-0.18055,-0.27785,0.05394,-0.075025,-0.078911,-0.1784,0.72865,0.69448,1,0.57985,0.26358,0.27779,0.16847,0.22966,0.52976,0.45585,-0.40926,-0.070463,-0.0076107,-0.083102,-0.057557,-0.12803,-0.11202,-0.15583,-0.20657,-0.32019,-0.35175,-0.23415,0.26651,0.085017,0.40289,0.27284,0.034154,-0.096664,-0.11784,-0.17341,-0.1336,-0.34897,-0.15103,-0.20591,-0.11874,-0.14914,-0.02589,-0.041522,-0.47797,-0.2172,0.064937,-0.14561,0.41733,0.49423,0.024795,0.2164,0.11833,0.29509
0.11185,0.096803,0.1958,0.41573,0.0010442,-0.07617,0.15889,0.14739,-0.034051,-0.050809,0.028082,0.081324,-0.22367,-0.095276,-0.29025,-0.18994,-0.1775,-0.11999,-0.032811,0.082989,-0.16242,-0.18716,0.25898,0.34318,0.20005,0.11688,0.10585,-0.11153,-0.3421,-0.28051,0.11793,0.16155,-0.10678,0.027886,0.43953,0.30271,-0.24267,-0.18092,-0.19364,-0.13,-0.1631,-0.17923,0.29213,0.46968,0.57985,1,-0.057324,-0.015183,0.32183,0.47405,0.46521,0.49479,-0.38956,-0.084473,-0.10567,-0.086437,0.084928,0.097709,0.21031,0.1776,0.13865,0.087635,0.0084147,0.1574,0.20629,0.28701,0.48198,0.53105,0.2044,-0.23256,-0.23745,-0.19837,-0.25662,-0.23978,-0.23975,-0.20032,-0.31214,-0.15088,0.0010812,-0.066045,-0.27772,-0.16961,-0.21197,-0.2764,-0.087478,0.27627,-0.12834,0.010406,0.016041,0.088142
-0.024915,-0.20542,0.11562,0.016021,0.34919,0.2402,-0.11985,-0.17126,0.40574,0.32579,0.046801,-0.21835,-0.35911,-0.21036,0.16144,0.3531,-0.39279,-0.49661,-0.015772,-0.12183,0.13844,0.037912,0.31069,0.18651,0.38619,0.1958,0.1996,0.19345,-0.30805,-0.27449,-0.23279,-0.20273,-0.17309,-0.43474,0.37918,0.26984,0.40498,0.29948,0.53607,0.44705,0.28015,0.1182,0.48599,0.37096,0.26358,-0.057324,1,0.80402,-0.35697,-0.17268,0.013547,-0.011046,0.32747,0.090848,0.57315,0.49483,-0.32855,-0.22096,-0.43502,-0.38037,-0.30729,-0.44023,-0.27512,-0.44877,-0.033059,-0.30721,0.0054724,0.032488,-0.31982,0.4362,0.18771,0.080768,0.15019,-0.052669,0.19536,0.074014,0.25599,0.22059,-0.27,-0.2955,-0.42817,-0.42889,0.30364,0.1783,0.21163,0.21906,0.43603,0.51054,0.45217,0.31
-0.20373,-0.31,0.028192,0.037345,0.36434,0.23977,-0.18616,-0.17132,0.38326,0.32507,-0.12659,-0.28503,-0.43496,-0.27068,0.18046,0.46721,-0.42081,-0.55931,-0.08369,-0.16288,0.27352,0.20793,0.29305,0.20396,0.4063,0.22025,0.1708,0.26326,-0.23168,-0.1746,-0.2661,-0.20332,-0.31183,-0.46406,0.24968,0.25284,0.45,0.3654,0.59249,0.525,0.2909,0.23192,0.5225,0.45626,0.27779,-0.015183,0.80402,1,-0.29817,-0.23434,-0.044621,0.070428,0.26599,0.049129,0.52482,0.52826,-0.43349,-0.28935,-0.43807,-0.3763,-0.39121,-0.47917,-0.40901,-0.51934,-0.20222,-0.30931,-0.0092859,0.044199,-0.32112,0.4043,0.22052,0.15676,0.22718,0.080374,0.30166,0.21648,0.32562,0.36445,-0.36225,-0.3318,-0.36741,-0.38736,0.39784,0.35232,0.24155,0.3567,0.51255,0.52811,0.31676,0.41022
0.37723,0.34942,0.26269,0.11674,-0.39961,-0.38178,0.32295,0.099251,-0.18075,-0.26003,0.065493,0.13409,0.021031,-0.084765,-0.13772,-0.32254,-0.092152,0.0083964,0.31425,0.15746,-0.12009,-0.06745,-0.0097213,0.090357,-0.14461,-0.17442,-0.020843,-0.29474,0.025156,-0.039826,0.031421,0.043976,0.0080397,0.24647,-0.0058313,-0.1269,-0.24856,-0.23935,-0.39182,-0.27181,-0.16248,-0.11012,0.047046,0.01381,0.16847,0.32183,-0.35697,-0.29817,1,0.7116,0.59787,0.40393,-0.37812,0.0039581,-0.38322,-0.28566,0.52549,0.37908,0.65658,0.48869,0.41431,0.37092,0.10344,0.3514,0.39234,0.5127,0.17387,-0.0022907,0.5044,-0.55789,-0.062871,-0.09154,-0.013012,-0.085977,-0.088367,-0.034894,-0.19912,-0.22992,-0.016377,0.1061,0.060542,0.0020093,-0.20576,-0.35483,-0.26795,-0.16845,-0.28007,-0.28974,-0.29025,-0.2306
0.49724,0.41411,0.46884,0.24746,-0.14964,-0.18389,0.39941,0.11086,0.018403,-0.042309,0.20198,0.097805,-0.04886,-0.12237,-0.041124,-0.20477,-0.18529,-0.13807,0.36973,0.25715,-0.16195,-0.15848,0.22607,0.26587,0.0049436,-0.084773,0.16171,-0.19799,-0.24683,-0.2613,-0.041906,-0.025462,0.04455,0.082345,0.1354,-0.17506,-0.11972,-0.13578,-0.23864,-0.11824,-0.11953,-0.132,0.16847,0.1677,0.22966,0.47405,-0.17268,-0.23434,0.7116,1,0.58766,0.34479,-0.25585,0.19304,-0.14928,-0.091386,0.58561,0.50746,0.59954,0.47113,0.53357,0.3866,0.09904,0.34917,0.53725,0.43153,0.17621,0.070524,0.41579,-0.3654,0.052369,-0.066103,-0.067631,-0.23387,-0.057064,-0.13364,-0.14552,-0.20377,-0.022932,-0.021979,-0.15555,-0.24228,-0.12535,-0.37594,-0.21424,-0.20156,-0.12343,-0.07157,0.0092264,-0.19634
0.61349,0.2522,0.47929,0.071833,-0.18473,-0.30705,0.2372,-0.093032,0.10194,-0.052848,0.51521,0.26335,-0.18741,-0.089364,-0.1305,-0.23256,-0.10142,-0.15101,0.13724,-0.16335,-0.26198,-0.24806,0.30871,0.31755,0.13189,-0.081701,0.13027,-0.20097,-0.3891,-0.51081,-0.02455,-0.028096,-0.10829,-0.07168,0.43281,0.14283,-0.244,-0.31241,-0.30763,-0.29028,-0.19378,-0.33059,0.36041,0.41449,0.52976,0.46521,0.013547,-0.044621,0.59787,0.58766,1,0.61349,-0.31855,0.12035,-0.26102,-0.23129,0.35113,0.12805,0.20543,0.043721,0.11214,-0.074575,0.052173,0.057433,0.63221,0.30896,0.10495,0.012876,0.22872,-0.32372,-0.14127,-0.17419,-0.21941,-0.46176,-0.21026,-0.20442,-0.25728,-0.27761,0.12624,0.001403,-0.28896,-0.19241,-0.21438,-0.51193,0.14196,0.10572,-0.26268,-0.099563,0.075108,0.038022
