1,0.4724,0.38418,-0.20121,0.25351,0.044413,0.28389,-0.21482,0.062403,0.18349,0.66815,-0.073244,0.51103,-0.26841,0.39436,-0.10425,0.48957,0.1324,0.46565,0.11515,0.0176,-0.035103,0.3759,0.1876,0.36414,0.2386,0.39382,0.247,-0.24218,-0.2875,0.035053,-0.10508,0.28508,-0.12034,0.26803,-0.16257,-0.1777,-0.24146,-0.01458,-0.18013,-0.0052092,-0.18553,-0.093025,0.051653,-0.023074,-0.24975,-0.18806,-0.042041,-0.045538,-0.1459,0.15813,-0.1488,-0.23551,-0.29824,-0.20431,-0.27625,0.70884,0.17143,0.027754,-0.22969,0.49533,-0.19388,0.44882,-0.35939,0.29383,0.10043,-0.056651,-0.24218,0.52647,0.23655,0.15615,-0.022432,-0.07856,-0.27198,-0.079849,-0.20299,-0.29191,-0.33811,0.17568,0.15181,0.027887,-0.17021,0.073744,-0.193,0.22567,-0.087749,0.15097,0.019681,0.14342,-0.27845
0.4724,1,0.085592,-0.063265,0.23838,0.18767,-0.1862,-0.26241,0.0068709,0.11716,0.02406,-0.0020117,-0.22143,-0.34881,0.0089627,-0.13757,0.40161,0.32351,0.16468,0.28991,-0.019233,0.018172,-0.0019734,0.013156,0.22379,0.24037,0.31075,0.24558,-0.15158,-0.10422,0.05591,-0.031098,0.27387,0.06303,-0.12164,-0.30476,-0.36618,-0.37759,-0.09441,-0.15312,-0.074024,-0.16681,0.39338,0.44618,0.37176,0.26832,0.18971,0.22702,0.29843,0.23724,0.16354,0.19795,0.20031,0.16831,-0.18136,-0.11498,0.75365,0.59865,-0.27374,-0.0171,0.0028646,-0.22147,0.10741,-0.19241,-0.27121,-0.21488,-0.2002,-0.16403,0.43908,0.11618,0.050619,-0.094215,-0.14553,-0.13777,-0.1648,-0.16802,-0.42778,-0.40571,0.28532,0.15923,0.12476,0.032906,-0.0011757,-0.066637,-0.022384,-0.14248,0.044135,-0.02702,-0.16806,-0.13871
0.38418,0.085592,1,0.4065,0.2074,0.069459,0.55814,0.03585,0.30136,-0.17597,0.38237,-0.35102,0.39016,-0.24143,0.32465,-0.1655,-0.049693,-0.24857,0.49861,0.30276,-0.094811,-0.14473,0.6895,0.70182,0.37426,0.3605,0.10638,-0.058114,-0.27081,-0.2174,0.30475,0.32449,0.092283,-0.011294,0.33165,0.1961,-0.1048,-0.17511,-0.1514,-0.23879,-0.038179,-0.22546,-0.056422,-0.073013,0.13073,-0.04481,-0.19199,-0.20748,0.059934,0.044557,0.19696,-0.077891,-0.20451,-0.052687,-0.29441,-0.37507,0.19198,-0.20499,-0.06883,-0.28082,-0.00071256,-0.19084,-0.10793,-0.47872,0.3875,0.2252,-0.046699,-0.061584,0.077608,0.18995,0.086721,0.00055145,-0.070526,-0.22927,-0.086028,-0.24535,-0.10566,-0.05954,-0.038075,-0.078203,-0.24689,-0.28039,0.06898,-0.17401,0.43433,0.020284,0.038872,0.19093,0.11586,-0.35592
-0.20121,-0.063265,0.4065,1,0.27087,0.35307,0.45799,0.7224,0.42617,0.10252,-0.2037,-0.265,0.038468,-0.14707,0.042125,-0.057173,-0.34405,-0.38073,-0.050732,0.11688,0.13656,0.10737,0.3182,0.53756,0.1332,0.39002,-0.0054039,0.088372,-0.14454,-0.098843,0.081428,0.31416,-0.097694,0.055001,0.10667,0.23793,0.059236,-0.0066611,-0.024684,0.0059611,0.027419,0.0067451,-0.14059,-0.19508,0.0040439,-0.021254,-0.10589,-0.16734,0.033095,0.12698,0.094812,-0.019998,-0.041083,0.012914,-0.16315,-0.12363,-0.17814,-0.2132,-0.0011792,0.0043024,-0.14893,0.35014,-0.2524,-0.16414,0.30921,0.3883,0.07733,0.047358,-0.1811,0.0020305,0.20001,0.24721,0.013962,-0.024879,0.012389,-0.029079,0.091385,0.20614,-0.38167,-0.38538,-0.31859,-0.27632,-0.062998,-0.065638,0.14554,0.1421,0.019338,0.048029,0.098239,-0.039586
0.25351,0.23838,0.2074,0.27087,1,0.75219,0.088892,-0.023664,0.66205,0.68183,0.054621,-0.32261,0.18105,-0.28313,0.60236,0.35232,0.014476,-0.1279,-0.090569,-0.1731,0.4316,0.44328,0.26502,0.37386,0.61222,0.6692,0.66955,0.70025,0.019459,0.10642,-0.11461,0.012598,-0.15642,-0.27713,0.32965,0.16158,0.049533,0.022786,0.24716,0.2064,0.24972,0.21507,-0.011913,0.097257,0.089734,-0.084724,0.1153,0.13378,-0.05359,-0.0058118,0.25052,-0.088353,0.033978,-0.077066,-0.071468,0.11771,0.40144,-0.054719,-0.11952,-0.11139,0.053729,-0.013794,-0.11088,-0.21056,0.19251,0.11745,0.22938,0.17912,0.29106,0.022987,0.23335,0.18329,0.020005,-0.042594,0.12795,0.057152,0.0121,0.019001,0.067209,-0.19367,0.080004,0.011512,0.27552,0.22776,0.31305,0.18485,-0.038565,0.065893,0.12438,-0.028112
0.044413,0.18767,0.069459,0.35307,0.75219,1,0.11864,0.20209,0.68866,0.70548,-0.086115,-0.16446,0.10983,-0.18461,0.32913,0.2697,-0.06536,-0.17027,-0.16908,-0.21797,0.2956,0.34982,0.08253,0.21756,0.37281,0.59732,0.39377,0.59163,-0.018385,0.063228,-0.058944,0.034172,-0.15077,-0.17752,0.10959,0.021686,-0.039445,-0.062247,0.12702,0.14902,0.13029,0.13273,0.04432,0.095564,0.15894,0.12212,0.14247,0.09736,0.13388,0.18617,0.27612,0.097447,0.18339,0.071651,-0.078582,0.07497,0.18472,-0.04172,-0.078438,-0.020221,-0.00051224,0.079824,-0.12658,-0.1289,0.12558,0.054827,0.13041,0.11499,0.16434,-0.046782,0.18876,0.12962,-0.019984,-0.028391,0.061826,0.038636,-0.062353,-0.068241,-0.043571,-0.21145,-0.013635,-0.11198,0.11213,0.14825,0.073785,-0.01423,-0.18804,-0.050092,-0.0010958,0.010982
0.28389,-0.1862,0.55814,0.45799,0.088892,0.11864,1,0.40292,0.41685,-0.091972,0.25394,-0.17667,0.5438,-0.22758,0.20037,-0.18716,-0.036083,-0.3941,0.32856,0.05888,0.066002,0.011421,0.28923,0.28029,0.24431,0.21383,-0.076761,-0.10531,-0.0020859,-0.10567,0.11729,0.10734,-0.013899,-0.12059,0.15821,-0.0249,0.084747,0.015571,-0.0073556,-0.034284,0.089962,-0.0073215,-0.17205,-0.26007,-0.098604,-0.22242,-0.2042,-0.18438,0.07838,-0.019448,0.19846,-0.12091,-0.11329,-0.12713,-0.15847,-0.22022,-0.06327,-0.27314,0.34815,-0.066165,0.34487,0.063131,0.12847,-0.29415,0.38284,0.15482,0.12521,-0.073776,-0.022897,0.19437,0.20969,0.15956,0.083833,-0.028136,0.063908,-0.056099,0.065358,0.095903,-0.22409,-0.22007,-0.15873,-0.44141,0.024666,-0.074438,0.080626,-0.20658,-0.15158,1.9188e-005,0.13066,-0.29341
-0.21482,-0.26241,0.03585,0.7224,-0.023664,0.20209,0.40292,1,0.29742,0.12933,-0.16285,0.056128,0.18603,0.13632,-0.098268,-0.049045,-0.22949,-0.31032,-0.12908,-0.0032807,0.074579,0.065444,0.082438,0.1813,-0.15065,0.071873,-0.1716,-0.055692,-0.068737,-0.077093,-0.11665,0.031321,-0.054149,0.085752,0.030848,0.16007,0.12649,0.065471,-0.013295,0.010249,0.010073,0.0037408,-0.31238,-0.35716,-0.27958,-0.1743,-0.19088,-0.22951,-0.1082,-0.037858,-0.0857,-0.112,-0.097639,-0.086527,-0.16101,-0.13961,-0.35601,-0.23592,0.15847,0.029809,0.075119,0.56056,-0.0090901,0.081473,0.39028,0.42305,0.057451,-0.015447,-0.19007,0.026951,0.15479,0.23719,0.073515,0.060784,0.051065,0.041713,0.17715,0.2559,-0.33859,-0.27479,-0.24807,-0.26762,-0.19095,-0.11716,-0.090991,0.028499,-0.036697,-0.051669,0.1321,0.026985
0.062403,0.0068709,0.30136,0.42617,0.66205,0.68866,0.41685,0.29742,1,0.38096,0.0032419,-0.11734,0.26404,-0.16734,0.38608,0.033113,-0.087591,-0.26404,-0.062826,-0.078158,0.16092,0.1081,0.21135,0.3442,0.32078,0.47153,0.2255,0.2339,-0.0081483,0.006285,0.064873,0.13905,-0.10161,-0.14395,0.098921,-0.047657,-0.039117,-0.060349,0.0043709,0.0033326,0.077888,0.0078031,-0.0092554,-0.056722,0.16605,0.1106,-0.037157,-0.074951,0.25086,0.19927,0.32737,0.079746,0.013402,0.044207,-0.10745,-0.079577,0.065252,-0.090833,0.1748,0.03535,0.17099,0.076801,-0.067361,-0.13057,0.2939,0.088116,0.083149,0.056189,0.11963,0.15994,0.18619,0.020747,-0.037927,-0.073843,-0.020686,-0.077223,-0.095787,-0.071627,-0.031225,-0.1507,-0.0771,-0.23603,0.096356,0.052587,0.10481,-0.1113,-0.070958,0.055809,0.097596,-0.18452
0.18349,0.11716,-0.17597,0.10252,0.68183,0.70548,-0.091972,0.12933,0.38096,1,0.086028,-0.16919,0.20082,-0.045976,0.44076,0.5083,-0.0063201,0.0035835,-0.24008,-0.42787,0.4354,0.45031,0.14737,0.15564,0.33123,0.45774,0.4816,0.65295,-0.05049,0.0020548,-0.27279,-0.19512,-0.052246,-0.23185,0.31627,0.1558,0.1457,0.13139,0.28358,0.26685,0.21165,0.22754,-0.094947,0.062338,-0.026787,-0.17707,0.073796,0.14167,-0.23244,-0.14466,0.2045,-0.072765,0.023433,-0.15863,0.16252,0.25477,0.21365,-0.036097,-0.189,-0.12381,0.082466,0.18615,-0.024293,-0.080459,0.31626,0.3125,0.25128,0.071265,0.2855,-0.072629,0.29341,0.25348,0.079629,-0.020289,0.18363,0.17848,0.059638,0.0023411,-0.046831,-0.19151,-0.028606,0.052152,0.18167,0.14659,0.1832,0.33889,0.035945,0.033475,0.1872,0.28735
0.66815,0.02406,0.38237,-0.2037,0.054621,-0.086115,0.25394,-0.16285,0.0032419,0.086028,1,0.1095,0.73005,0.18391,0.32734,-0.075291,0.46959,0.18946,0.37086,0.045663,-0.1865,-0.20072,0.46293,0.22216,0.13231,0.025051,0.19746,0.11016,-0.21853,-0.30596,0.14722,0.040952,0.22717,-0.020176,0.25266,-0.053438,-0.1741,-0.22297,-0.16983,-0.31389,-0.11488,-0.29336,-0.3479,-0.27842,-0.24741,-0.42562,-0.42984,-0.33604,-0.30444,-0.43612,-0.01397,-0.3217,-0.47662,-0.44831,-0.25405,-0.38614,0.24969,-0.16861,-0.097059,-0.4319,0.34918,-0.21816,0.51347,-0.1169,0.37101,0.065398,-0.15627,-0.3885,0.11436,0.037644,-0.0095921,-0.092456,-0.1248,-0.31264,-0.13059,-0.28373,-0.23015,-0.30165,0.094799,0.24182,0.0035213,0.060447,-0.0073208,-0.26597,0.2896,0.017549,0.24104,-0.10309,0.094337,-0.25887
-0.073244,-0.0020117,-0.35102,-0.265,-0.32261,-0.16446,-0.17667,0.056128,-0.11734,-0.16919,0.1095,1,-0.031213,0.66748,-0.33398,-0.21427,0.31853,0.54096,-0.057868,0.24538,-0.44595,-0.38848,-0.44096,-0.50985,-0.53031,-0.48377,-0.20691,-0.18392,0.11383,0.061856,0.094497,-0.088474,0.1967,0.34172,-0.54844,-0.51491,-0.34183,-0.21974,-0.34911,-0.31806,-0.29443,-0.2956,-0.17106,-0.2651,-0.13759,0.079055,-0.26868,-0.26307,0.10858,-0.033512,-0.2511,0.17293,-0.13645,-0.0030906,-0.20043,-0.2262,-0.17828,0.19031,0.21636,0.11907,0.00099292,-0.088696,0.37987,0.69399,-0.30093,-0.46121,-0.31861,-0.20341,-0.21593,-0.047742,-0.35857,-0.3254,-0.24252,-0.0074886,-0.28005,-0.15279,-0.28752,-0.30859,0.22567,0.47142,0.26212,0.23141,-0.2357,-0.20453,-0.51791,-0.45348,0.0037641,-0.37621,-0.44016,-0.27054
0.51103,-0.22143,0.39016,0.038468,0.18105,0.10983,0.5438,0.18603,0.26404,0.20082,0.73005,-0.031213,1,0.14441,0.54767,0.14809,0.18373,-0.12462,0.34813,-0.075824,0.02889,0.051644,0.35529,0.2227,0.19328,0.02999,0.18088,0.11956,-0.040818,-0.074015,-0.1609,-0.17702,-0.10994,-0.28364,0.42224,0.12384,0.12394,0.054324,0.077395,-0.024332,0.12521,-0.0028803,-0.3851,-0.36586,-0.31795,-0.47675,-0.30533,-0.25318,-0.26962,-0.36895,0.11093,-0.35509,-0.29031,-0.34492,-0.19094,-0.18905,0.0053163,-0.34458,0.14895,-0.30423,0.41918,-0.02738,0.27095,-0.16248,0.58869,0.14378,0.095689,-0.20877,0.035943,0.043219,0.22079,0.15376,0.13494,-0.065082,0.15586,-0.004586,0.12537,0.059707,-0.032281,-0.016017,0.00039292,-0.13301,0.1753,-0.036294,0.33382,0.00032715,-0.025228,-0.083361,0.30235,-0.18503
-0.26841,-0.34881,-0.24143,-0.14707,-0.28313,-0.18461,-0.22758,0.13632,-0.16734,-0.045976,0.18391,0.66748,0.14441,1,-0.080124,0.18389,0.031305,0.30369,-0.096324,0.11256,-0.20277,-0.19384,-0.1843,-0.19668,-0.43312,-0.4005,-0.15971,-0.084759,0.14324,0.13525,-0.04677,-0.068892,-0.028702,0.18689,-0.194,-0.086503,-0.031447,0.025744,-0.15192,-0.16272,-0.055925,-0.082483,-0.33052,-0.34792,-0.32238,-0.1605,-0.28932,-0.29386,-0.30752,-0.32301,-0.38768,-0.066654,-0.38074,-0.20351,-0.090294,-0.12033,-0.47419,-0.10929,0.044514,-0.061751,-0.15083,-0.020053,0.052718,0.55068,-0.018672,-0.15272,-0.15298,-0.1034,-0.42882,-0.202,-0.18039,-0.062456,0.0090082,0.12938,-0.01498,0.082856,0.058527,0.03288,0.020409,0.2385,0.10785,0.34582,-0.050098,-0.093239,-0.15634,0.036819,0.082226,-0.13535,-0.18393,-0.032863
0.39436,0.0089627,0.32465,0.042125,0.60236,0.32913,0.20037,-0.098268,0.38608,0.44076,0.32734,-0.33398,0.54767,-0.080124,1,0.60132,0.044948,-0.28807,0.10061,-0.19606,0.48094,0.47947,0.25649,0.37047,0.54625,0.28135,0.58315,0.43059,0.21629,0.29007,-0.43082,-0.34153,-0.45776,-0.59656,0.53457,0.28877,0.39961,0.32384,0.54011,0.4285,0.56341,0.45396,-0.044337,-0.0023343,-0.087312,-0.29422,0.1392,0.13766,-0.19303,-0.18342,0.24776,-0.23879,-0.091769,-0.20828,0.153,0.20896,0.15893,-0.13983,0.082087,-0.12529,0.19079,-0.086347,-0.16253,-0.40951,0.41753,0.20466,0.21135,0.059255,0.15539,0.13777,0.4253,0.35663,0.40074,0.21705,0.48104,0.37979,0.30527,0.20583,0.11717,-0.25037,0.19953,-0.035555,0.68086,0.41462,0.64027,0.31864,-0.033318,0.19746,0.58903,-0.018965
-0.10425,-0.13757,-0.1655,-0.057173,0.35232,0.2697,-0.18716,-0.049045,0.033113,0.5083,-0.075291,-0.21427,0.14809,0.18389,0.60132,1,-0.12877,-0.16535,-0.11676,-0.31826,0.61469,0.72796,-0.13562,0.015617,0.3179,0.01584,0.41991,0.34769,0.51697,0.64313,-0.61013,-0.49375,-0.57104,-0.55689,0.38514,0.34542,0.57661,0.5218,0.71128,0.66407,0.64717,0.71557,0.15272,0.19344,-0.15939,-0.23021,0.5025,0.47797,-0.36642,-0.23991,-0.048315,-0.24103,0.07013,-0.031241,0.33325,0.5974,-0.14482,-0.13839,-0.081903,-0.0077398,-0.12905,-0.058804,-0.43558,-0.18972,0.11573,0.071635,0.34368,0.2405,-0.009339,-0.17109,0.37736,0.46858,0.56802,0.53881,0.6549,0.67663,0.59428,0.47145,0.13716,-0.28731,0.35531,0.24716,0.66845,0.7241,0.52517,0.51792,-0.13626,0.20359,0.44688,0.39793
0.48957,0.40161,-0.049693,-0.34405,0.014476,-0.06536,-0.036083,-0.22949,-0.087591,-0.0063201,0.46959,0.31853,0.18373,0.031305,0.044948,-0.12877,1,0.44292,0.16287,0.21612,-0.20301,-0.12071,-0.078166,-0.22199,0.07303,-0.095957,0.21108,0.07655,0.18903,0.050432,0.028897,-0.11565,0.2038,0.092175,-0.17558,-0.33564,-0.21322,-0.22968,-0.083605,-0.18448,-0.10233,-0.17804,-0.022596,-0.036557,-0.19641,-0.16309,-0.061389,-0.090689,-0.072979,-0.22971,-0.15508,-0.27922,-0.11761,-0.27746,-0.21061,-0.29041,0.50913,0.2371,-0.0027867,-0.10986,0.31776,-0.1709,0.58856,0.0745,-0.24395,-0.29479,-0.3756,-0.35545,0.19482,0.06669,-0.10476,-0.10169,-0.019942,5.6489e-005,-0.062905,-0.11029,-0.25345,-0.31277,0.47114,0.3904,0.50146,0.18596,-0.0015504,-0.057615,-0.090426,-0.33082,0.0051075,-0.20887,-0.14844,-0.41295
0.1324,0.32351,-0.24857,-0.38073,-0.1279,-0.17027,-0.3941,-0.31032,-0.26404,0.0035835,0.18946,0.54096,-0.12462,0.30369,-0.28807,-0.16535,0.44292,1,0.046103,0.18242,-0.44036,-0.37856,-0.21419,-0.31713,-0.30996,-0.26178,0.01501,0.042634,-0.048196,-0.048144,0.19363,-0.01004,0.36844,0.34401,-0.29451,-0.4007,-0.50885,-0.40027,-0.40983,-0.40487,-0.45815,-0.39794,0.0072934,0.064366,0.070813,0.067949,-0.15,-0.057868,0.0085049,-0.12737,-0.18774,0.028295,-0.1084,0.031594,-0.16111,-0.15617,0.24885,0.34587,-0.15078,-0.04796,-0.037315,-0.20427,0.3641,0.44178,-0.24475,-0.34339,-0.16643,-0.13268,0.124,-0.11304,-0.32323,-0.33042,-0.31461,-0.16688,-0.33427,-0.24004,-0.38551,-0.42376,0.35805,0.64623,0.25455,0.42712,-0.2258,-0.25234,-0.25582,-0.20739,0.11069,-0.29375,-0.41387,-0.12608
0.46565,0.16468,0.49861,-0.050732,-0.090569,-0.16908,0.32856,-0.12908,-0.062826,-0.24008,0.37086,-0.057868,0.34813,-0.096324,0.10061,-0.11676,0.16287,0.046103,1,0.45997,-0.14342,-0.18081,0.19976,-0.00012905,0.1269,-0.045741,-0.050097,-0.16225,-0.012968,-0.030856,0.16072,0.076554,0.25899,0.060057,0.094681,-0.079041,-0.092535,-0.14067,-0.1294,-0.17251,-0.13036,-0.1295,0.006415,0.0022586,-0.098346,-0.1264,-0.04184,0.069455,-0.02904,-0.07164,-0.055597,-0.14407,-0.18025,-0.040324,-0.254,-0.18262,0.26054,-0.053866,0.075082,-0.086349,0.081585,-0.27179,0.0051953,-0.19971,0.046751,-0.16136,0.1243,0.068841,0.3375,0.11229,-0.0072625,-0.03805,0.024219,-0.040768,-0.019522,-0.062329,-0.026059,-0.0059955,0.11959,0.1257,0.040259,-0.14622,0.089792,-0.092604,0.11814,-0.22567,-0.0088926,-0.13348,-0.056548,-0.23063
0.11515,0.28991,0.30276,0.11688,-0.1731,-0.21797,0.05888,-0.0032807,-0.078158,-0.42787,0.045663,0.24538,-0.075824,0.11256,-0.19606,-0.31826,0.21612,0.18242,0.45997,1,-0.36212,-0.34817,0.013842,-0.01059,-0.21832,-0.20939,-0.13928,-0.23261,0.011541,-0.013654,0.18106,0.15741,0.27648,0.40412,-0.2853,-0.20545,-0.19158,-0.17015,-0.24436,-0.27495,-0.24002,-0.2583,-0.016695,-0.079573,-0.04681,0.095788,-0.087043,-0.15957,0.11218,0.039459,-0.31284,-0.14213,-0.12489,-0.049033,-0.27034,-0.34107,0.12625,0.12724,0.02388,-0.039817,-0.14433,-0.17682,0.011211,0.087819,-0.19765,-0.2763,-0.38187,-0.14234,-0.021888,0.030475,-0.23789,-0.21204,-0.11056,0.00086158,-0.1573,-0.13893,-0.18223,-0.097691,0.087173,0.20325,0.13141,0.0063341,-0.15185,-0.18897,-0.064129,-0.36198,0.017382,-0.012369,-0.32793,-0.4978
0.0176,-0.019233,-0.094811,0.13656,0.4316,0.2956,0.066002,0.074579,0.16092,0.4354,-0.1865,-0.44595,0.02889,-0.20277,0.48094,0.61469,-0.20301,-0.44036,-0.14342,-0.36212,1,0.85317,-0.011926,0.08441,0.43729,0.33864,0.37248,0.39856,0.26566,0.30682,-0.45961,-0.24997,-0.37216,-0.47077,0.30784,0.27772,0.62458,0.51349,0.66776,0.61357,0.73745,0.69945,0.072658,0.14162,-0.16914,-0.24472,0.34711,0.37166,-0.26375,-0.12398,0.086132,-0.12968,0.10069,-0.075814,0.38476,0.47376,0.030781,-0.14482,-0.036659,0.041675,-0.032215,0.037776,-0.33074,-0.3119,0.075323,0.17635,0.33705,0.24383,0.09895,0.019641,0.57637,0.59109,0.52895,0.41821,0.61176,0.56324,0.51326,0.46958,-0.19746,-0.59533,0.060221,-0.11245,0.54681,0.52653,0.31041,0.36652,-0.10231,0.2228,0.48655,0.32567
-0.035103,0.018172,-0.14473,0.10737,0.44328,0.34982,0.011421,0.065444,0.1081,0.45031,-0.20072,-0.38848,0.051644,-0.19384,0.47947,0.72796,-0.12071,-0.37856,-0.18081,-0.34817,0.85317,1,-0.13764,0.0059864,0.48726,0.26043,0.42091,0.4394,0.4534,0.54375,-0.56296,-0.36395,-0.5284,-0.56242,0.31609,0.29693,0.59978,0.50855,0.7434,0.72335,0.74505,0.79359,0.14552,0.16193,-0.18162,-0.23713,0.49121,0.45723,-0.2556,-0.13473,0.065379,-0.19402,0.20376,-0.054726,0.26164,0.51354,0.0089716,-0.1173,-0.050691,0.034797,-0.080018,-0.030663,-0.34578,-0.30094,-0.027746,0.035945,0.32085,0.22311,0.038539,-0.06341,0.50914,0.59935,0.5848,0.54014,0.69361,0.63798,0.58864,0.52439,-0.030447,-0.49496,0.30516,0.049905,0.61671,0.73128,0.36236,0.3292,-0.22691,0.14717,0.41392,0.28362
0.3759,-0.0019734,0.6895,0.3182,0.26502,0.08253,0.28923,0.082438,0.21135,0.14737,0.46293,-0.44096,0.35529,-0.1843,0.25649,-0.13562,-0.078166,-0.21419,0.19976,0.013842,-0.011926,-0.13764,1,0.81828,0.38772,0.49638,0.20678,0.14892,-0.55161,-0.54542,0.39424,0.43822,0.33166,0.13991,0.53187,0.39,-0.12906,-0.17314,-0.1669,-0.27978,-0.10642,-0.31746,-0.27231,-0.14745,0.04963,-0.24107,-0.40012,-0.33707,-0.22454,-0.20398,0.20054,-0.18099,-0.39489,-0.29283,-0.16671,-0.37216,0.23001,-0.28168,-0.3053,-0.47007,0.046958,0.020516,0.033969,-0.41568,0.62196,0.61316,0.065716,-0.087732,0.16145,0.12474,0.0093255,-0.079517,-0.28392,-0.51506,-0.27652,-0.43373,-0.22244,-0.1883,-0.18884,-0.059006,-0.50127,-0.18251,-0.1667,-0.39022,0.40865,0.37281,0.29016,0.27361,0.22785,-0.091924
0.1876,0.013156,0.70182,0.53756,0.37386,0.21756,0.28029,0.1813,0.3442,0.15564,0.22216,-0.50985,0.2227,-0.19668,0.37047,0.015617,-0.22199,-0.31713,-0.00012905,-0.01059,0.08441,0.0059864,0.81828,1,0.42541,0.56817,0.2311,0.17511,-0.39647,-0.32233,0.20595,0.35552,-0.0044816,-0.07847,0.52133,0.42553,-0.028063,-0.093086,-0.022944,-0.11431,0.067596,-0.13843,-0.10556,-0.026718,0.18165,-0.099577,-0.19756,-0.22147,-0.11075,-0.055942,0.24501,-0.11534,-0.24048,-0.15785,-0.10509,-0.2396,0.12154,-0.22104,-0.28254,-0.36473,-0.060228,0.095246,-0.19808,-0.49305,0.56718,0.61501,0.034574,-0.075412,0.018257,0.11618,0.17761,0.076198,-0.10435,-0.30729,-0.10375,-0.23043,-0.087333,-0.06804,-0.20215,-0.20958,-0.44585,-0.16721,0.014268,-0.18104,0.53127,0.46575,0.2157,0.37138,0.30112,-0.044772
0.36414,0.22379,0.37426,0.1332,0.61222,0.37281,0.24431,-0.15065,0.32078,0.33123,0.13231,-0.53031,0.19328,-0.43312,0.54625,0.3179,0.07303,-0.30996,0.1269,-0.21832,0.43729,0.48726,0.38772,0.42541,1,0.71386,0.6608,0.49428,0.14595,0.21787,0.0097982,0.015858,-0.18129,-0.40749,0.53354,0.29417,0.097186,0.010637,0.36081,0.25621,0.36757,0.25173,0.10724,0.18202,0.12708,-0.17054,0.20825,0.2395,-0.088515,-0.05186,0.32913,-0.093278,-0.023692,-0.10371,-0.13776,0.085902,0.41021,-0.047488,-0.14933,-0.11679,0.011084,-0.15393,-0.196,-0.47656,0.14303,0.19065,0.32805,0.20322,0.28947,0.10988,0.27879,0.25352,0.18603,0.051569,0.24776,0.13353,0.13773,0.12322,0.19969,-0.13154,0.14583,-0.00060086,0.35863,0.35697,0.41836,0.26399,-0.063136,0.1885,0.27586,0.0076975
0.2386,0.24037,0.3605,0.39002,0.6692,0.59732,0.21383,0.071873,0.47153,0.45774,0.025051,-0.48377,0.02999,-0.4005,0.28135,0.01584,-0.095957,-0.26178,-0.045741,-0.20939,0.33864,0.26043,0.49638,0.56817,0.71386,1,0.52455,0.60439,-0.27354,-0.22856,0.25769,0.36077,0.11486,-0.054409,0.31402,0.17239,-0.15758,-0.23079,-0.020618,-0.079525,0.058018,-0.084388,-0.063316,0.094241,0.18081,-0.025733,-0.098141,-0.049884,-0.036494,0.054359,0.29343,0.048704,-0.11002,-0.14775,-0.21914,-0.16702,0.35966,-0.056629,-0.26195,-0.16816,-0.037846,0.05475,-0.11227,-0.31302,0.21602,0.3315,0.16463,0.086977,0.24289,0.087399,0.23248,0.17855,-0.095278,-0.21292,-0.045794,-0.13209,-0.11659,-0.081236,-0.12925,-0.21602,-0.28719,-0.19303,-0.029477,-0.10487,0.15105,0.19003,0.095914,0.1781,0.068836,0.0079055
0.39382,0.31075,0.10638,-0.0054039,0.66955,0.39377,-0.076761,-0.1716,0.2255,0.4816,0.19746,-0.20691,0.18088,-0.15971,0.58315,0.41991,0.21108,0.01501,-0.050097,-0.13928,0.37248,0.42091,0.20678,0.2311,0.6608,0.52455,1,0.75858,0.091453,0.19585,-0.17588,-0.19067,-0.16559,-0.29221,0.35852,0.15247,-0.010325,-0.026651,0.30867,0.15583,0.28858,0.16877,0.019262,0.17831,0.032738,-0.18275,0.1765,0.23394,-0.17697,-0.15156,0.08808,-0.17882,-0.11087,-0.17551,-0.17816,0.098047,0.42382,0.082142,-0.11608,-0.13082,0.053134,-0.083939,-0.002435,-0.19719,0.17215,0.098717,0.21339,0.1465,0.25692,-0.0303,0.13978,0.10993,0.042331,-0.014335,0.14272,0.10868,0.0138,-0.031019,0.24225,0.023511,0.24828,0.14993,0.30438,0.26247,0.39786,0.27878,0.080865,0.16895,0.22959,0.053255
0.247,0.24558,-0.058114,0.088372,0.70025,0.59163,-0.10531,-0.055692,0.2339,0.65295,0.11016,-0.18392,0.11956,-0.084759,0.43059,0.34769,0.07655,0.042634,-0.16225,-0.23261,0.39856,0.4394,0.14892,0.17511,0.49428,0.60439,0.75858,1,-0.05335,0.018614,-0.102,-0.043282,-0.079277,-0.16495,0.30048,0.12463,-0.061511,-0.074442,0.18834,0.11607,0.16225,0.1659,-0.091789,0.10929,0.020722,-0.16193,0.033293,0.11058,-0.21557,-0.14967,0.079443,-0.11062,-0.11412,-0.22282,-0.12751,0.066216,0.33267,0.016333,-0.18399,-0.14546,0.025841,0.047249,0.0075413,-0.054594,0.13078,0.12998,0.25086,0.15777,0.17922,-0.085246,0.095111,0.13687,-0.033087,-0.082891,0.085078,0.071555,-0.054701,-0.067927,-0.01942,-0.07363,0.06841,0.10343,0.14161,0.1098,0.14993,0.23566,0.020443,0.0073281,0.045999,0.11943
-0.24218,-0.15158,-0.27081,-0.14454,0.019459,-0.018385,-0.0020859,-0.068737,-0.0081483,-0.05049,-0.21853,0.11383,-0.040818,0.14324,0.21629,0.51697,0.18903,-0.048196,-0.012968,0.011541,0.26566,0.4534,-0.55161,-0.39647,0.14595,-0.27354,0.091453,-0.05335,1,0.90807,-0.41067,-0.3928,-0.55635,-0.36874,-0.054583,-0.013054,0.45913,0.45767,0.59217,0.58467,0.49702,0.60681,0.22217,0.054764,-0.26926,-0.13284,0.52225,0.40028,-0.14982,-0.13237,-0.23966,-0.23546,0.13601,-0.043332,0.18434,0.40911,-0.21719,0.029015,0.28144,0.27504,-0.042272,-0.10917,-0.2139,0.077286,-0.39016,-0.404,0.13046,0.19913,-0.14971,-0.098321,0.16995,0.28572,0.58727,0.74163,0.60157,0.66828,0.5899,0.48784,0.40774,0.026198,0.79798,0.37975,0.52262,0.73429,0.16028,-0.10468,-0.30153,-0.051602,0.11536,-0.065675
-0.2875,-0.10422,-0.2174,-0.098843,0.10642,0.063228,-0.10567,-0.077093,0.006285,0.0020548,-0.30596,0.061856,-0.074015,0.13525,0.29007,0.64313,0.050432,-0.048144,-0.030856,-0.013654,0.30682,0.54375,-0.54542,-0.32233,0.21787,-0.22856,0.19585,0.018614,0.90807,1,-0.48745,-0.45644,-0.64859,-0.44719,0.030218,0.073057,0.43284,0.4239,0.61133,0.62234,0.52265,0.65228,0.29737,0.14305,-0.14086,-0.030714,0.62259,0.49953,-0.078636,-0.032849,-0.14412,-0.15562,0.22248,0.11551,0.141,0.49673,-0.21815,0.029017,0.21115,0.2868,-0.17826,-0.15192,-0.39469,0.032621,-0.3455,-0.37535,0.199,0.30408,-0.14401,-0.12232,0.18449,0.29622,0.59757,0.76108,0.63462,0.71114,0.61667,0.51647,0.43109,0.011807,0.77981,0.42242,0.60985,0.84662,0.26645,0.016592,-0.34328,0.0072817,0.14766,0.031161
0.035053,0.05591,0.30475,0.081428,-0.11461,-0.058944,0.11729,-0.11665,0.064873,-0.27279,0.14722,0.094497,-0.1609,-0.04677,-0.43082,-0.61013,0.028897,0.19363,0.16072,0.18106,-0.45961,-0.56296,0.39424,0.20595,0.0097982,0.25769,-0.17588,-0.102,-0.41067,-0.48745,1,0.80917,0.63663,0.61283,-0.25442,-0.22536,-0.63741,-0.58475,-0.65803,-0.63959,-0.57733,-0.64629,-0.10986,-0.12655,0.22782,0.20347,-0.42671,-0.38264,0.21141,0.17294,-0.047108,0.21094,-0.26228,-0.027047,-0.34146,-0.52992,0.15952,0.07056,-0.093882,-0.012765,-0.021228,-0.023081,0.22993,0.18356,-0.07492,0.0040455,-0.10848,-0.022854,0.061223,0.076099,-0.4472,-0.46813,-0.63741,-0.60039,-0.68618,-0.7071,-0.63194,-0.54249,0.021215,0.4517,-0.31991,-0.049559,-0.48925,-0.5559,-0.32862,-0.27208,0.18214,-0.093195,-0.41556,-0.20038
-0.10508,-0.031098,0.32449,0.31416,0.012598,0.034172,0.10734,0.031321,0.13905,-0.19512,0.040952,-0.088474,-0.17702,-0.068892,-0.34153,-0.49375,-0.11565,-0.01004,0.076554,0.15741,-0.24997,-0.36395,0.43822,0.35552,0.015858,0.36077,-0.19067,-0.043282,-0.3928,-0.45644,0.80917,1,0.4372,0.50319,-0.16348,-0.074312,-0.44055,-0.42869,-0.53603,-0.50907,-0.44427,-0.49964,-0.18834,-0.21832,0.079103,0.087369,-0.4309,-0.42908,0.089969,0.10694,-0.038074,0.093505,-0.27563,-0.094557,-0.30213,-0.49225,0.040317,-0.12673,-0.1539,-0.067579,-0.1177,0.029721,0.054399,0.066771,-0.042558,0.084099,-0.14955,-0.078949,-0.064112,0.0225,-0.22622,-0.21864,-0.43722,-0.45525,-0.48257,-0.55275,-0.39022,-0.27189,-0.22812,0.10862,-0.4271,-0.12844,-0.44333,-0.49197,-0.2481,-0.1565,0.16044,-0.065228,-0.32151,-0.17847
0.28508,0.27387,0.092283,-0.097694,-0.15642,-0.15077,-0.013899,-0.054149,-0.10161,-0.052246,0.22717,0.1967,-0.10994,-0.028702,-0.45776,-0.57104,0.2038,0.36844,0.25899,0.27648,-0.37216,-0.5284,0.33166,-0.0044816,-0.18129,0.11486,-0.16559,-0.079277,-0.55635,-0.64859,0.63663,0.4372,1,0.73775,-0.25642,-0.30276,-0.52479,-0.48818,-0.60789,-0.64514,-0.59314,-0.65516,-0.21059,-0.094152,0.069893,0.056912,-0.4954,-0.35327,0.043906,-0.03888,-0.097903,0.10344,-0.30857,-0.12553,-0.26144,-0.5241,0.33683,0.1469,-0.19272,-0.18132,0.053499,-0.063675,0.37791,0.22892,0.029497,0.063967,-0.17203,-0.13983,0.30101,0.15109,-0.32873,-0.40937,-0.58358,-0.55349,-0.63449,-0.60061,-0.63586,-0.54226,-0.04615,0.35882,-0.36088,-0.11587,-0.58846,-0.68354,-0.40405,-0.25208,0.26683,-0.1445,-0.41221,-0.1998
-0.12034,0.06303,-0.011294,0.055001,-0.27713,-0.17752,-0.12059,0.085752,-0.14395,-0.23185,-0.020176,0.34172,-0.28364,0.18689,-0.59656,-0.55689,0.092175,0.34401,0.060057,0.40412,-0.47077,-0.56242,0.13991,-0.07847,-0.40749,-0.054409,-0.29221,-0.16495,-0.36874,-0.44719,0.61283,0.50319,0.73775,1,-0.44554,-0.27389,-0.46994,-0.40133,-0.6026,-0.57245,-0.58852,-0.58184,-0.29112,-0.25568,-0.042842,0.13113,-0.47077,-0.46585,0.014581,-0.013079,-0.35495,0.021736,-0.29272,-0.15571,-0.2716,-0.50248,0.015579,0.071508,-0.13322,-0.059681,-0.1419,0.07943,0.29744,0.47635,-0.1293,-0.044056,-0.32168,-0.080743,-0.11764,0.010103,-0.49008,-0.42307,-0.53081,-0.36924,-0.57334,-0.50503,-0.4981,-0.40262,-0.077037,0.37572,-0.22222,-0.0088604,-0.57068,-0.57252,-0.45841,-0.34535,0.20347,-0.18331,-0.49191,-0.25971
0.26803,-0.12164,0.33165,0.10667,0.32965,0.10959,0.15821,0.030848,0.098921,0.31627,0.25266,-0.54844,0.42224,-0.194,0.53457,0.38514,-0.17558,-0.29451,0.094681,-0.2853,0.30784,0.31609,0.53187,0.52133,0.53354,0.31402,0.35852,0.30048,-0.054583,0.030218,-0.25442,-0.16348,-0.25642,-0.44554,1,0.75339,0.28028,0.2474,0.36543,0.31753,0.30476,0.25405,-0.074237,0.07192,-0.044236,-0.3592,0.029964,0.1431,-0.36011,-0.30404,0.32965,-0.26136,-0.097361,-0.13176,0.083093,0.19275,0.070266,-0.27126,-0.17323,-0.33751,0.03619,0.0039136,-0.22418,-0.53255,0.60216,0.52597,0.44758,0.15772,0.12401,0.0042568,0.28482,0.2576,0.23228,0.013498,0.30327,0.17686,0.35392,0.27094,-0.042002,-0.21897,-0.11093,-0.011864,0.23685,0.15292,0.61963,0.56514,0.031686,0.23594,0.56604,0.19455
-0.16257,-0.30476,0.1961,0.23793,0.16158,0.021686,-0.0249,0.16007,-0.047657,0.1558,-0.053438,-0.51491,0.12384,-0.086503,0.28877,0.34542,-0.33564,-0.4007,-0.079041,-0.20545,0.27772,0.29693,0.39,0.42553,0.29417,0.17239,0.15247,0.12463,-0.013054,0.073057,-0.22536,-0.074312,-0.30276,-0.27389,0.75339,1,0.38823,0.39279,0.36079,0.3886,0.31137,0.30647,-0.1489,-0.065892,-0.14084,-0.24851,0.058779,0.06988,-0.38939,-0.22382,0.096955,-0.21892,-0.031681,-0.079783,0.15224,0.25465,-0.18928,-0.32361,-0.15135,-0.17671,-0.19973,0.19106,-0.34171,-0.31587,0.40277,0.54063,0.4053,0.33065,-0.11299,-0.12395,0.16504,0.26171,0.23194,0.074601,0.30464,0.19708,0.46557,0.42649,-0.10064,-0.30958,-0.12374,0.042405,0.15444,0.1816,0.49611,0.58532,0.027188,0.24981,0.46913,0.28199
-0.1777,-0.36618,-0.1048,0.059236,0.049533,-0.039445,0.084747,0.12649,-0.039117,0.1457,-0.1741,-0.34183,0.12394,-0.031447,0.39961,0.57661,-0.21322,-0.50885,-0.092535,-0.19158,0.62458,0.59978,-0.12906,-0.028063,0.097186,-0.15758,-0.010325,-0.061511,0.45913,0.43284,-0.63741,-0.44055,-0.52479,-0.46994,0.28028,0.38823,1,0.84031,0.79577,0.7836,0.74173,0.76795,-0.033022,-0.074325,-0.38318,-0.34526,0.37088,0.27118,-0.36032,-0.23203,-0.060979,-0.31603,0.1182,-0.1501,0.58663,0.55621,-0.30228,-0.2338,0.1756,0.052155,0.0036978,0.10865,-0.31303,-0.2245,0.12503,0.16442,0.19697,0.12829,-0.12141,-0.026212,0.42271,0.48854,0.65115,0.55675,0.70378,0.65449,0.72162,0.65184,-0.12871,-0.5174,0.20536,-0.0073605,0.55842,0.59169,0.41815,0.31242,-0.089168,0.27005,0.57597,0.21474
-0.24146,-0.37759,-0.17511,-0.0066611,0.022786,-0.062247,0.015571,0.065471,-0.060349,0.13139,-0.22297,-0.21974,0.054324,0.025744,0.32384,0.5218,-0.22968,-0.40027,-0.14067,-0.17015,0.51349,0.50855,-0.17314,-0.093086,0.010637,-0.23079,-0.026651,-0.074442,0.45767,0.4239,-0.58475,-0.42869,-0.48818,-0.40133,0.2474,0.39279,0.84031,1,0.75273,0.79394,0.66713,0.73779,-0.035395,-0.045714,-0.29084,-0.21717,0.33563,0.26194,-0.27882,-0.14347,-0.041056,-0.20898,0.13091,-0.1338,0.5861,0.56524,-0.35393,-0.17285,0.25065,0.1358,-0.031899,0.11878,-0.2868,-0.11317,0.094089,0.12221,0.21981,0.19946,-0.20224,-0.026184,0.32821,0.37167,0.5345,0.49759,0.59982,0.60456,0.66615,0.58679,-0.10588,-0.42545,0.21228,0.014428,0.50367,0.54057,0.30082,0.25617,-0.068975,0.24883,0.47068,0.16321
-0.01458,-0.09441,-0.1514,-0.024684,0.24716,0.12702,-0.0073556,-0.013295,0.0043709,0.28358,-0.16983,-0.34911,0.077395,-0.15192,0.54011,0.71128,-0.083605,-0.40983,-0.1294,-0.24436,0.66776,0.7434,-0.1669,-0.022944,0.36081,-0.020618,0.30867,0.18834,0.59217,0.61133,-0.65803,-0.53603,-0.60789,-0.6026,0.36543,0.36079,0.79577,0.75273,1,0.87381,0.82741,0.83864,0.16062,0.15558,-0.19771,-0.25134,0.56403,0.49536,-0.26044,-0.13403,0.034754,-0.23818,0.16704,-0.11737,0.50501,0.62215,-0.0593,-0.04198,0.15292,0.11678,0.03373,0.02072,-0.31262,-0.33121,0.065523,0.12077,0.3208,0.25043,0.041385,0.0062042,0.4153,0.42518,0.60764,0.54959,0.68959,0.67636,0.63097,0.5256,0.11573,-0.35133,0.41869,0.16306,0.6469,0.77875,0.52491,0.36466,-0.12184,0.29866,0.5788,0.2235
-0.18013,-0.15312,-0.23879,0.0059611,0.2064,0.14902,-0.034284,0.010249,0.0033326,0.26685,-0.31389,-0.31806,-0.024332,-0.16272,0.4285,0.66407,-0.18448,-0.40487,-0.17251,-0.27495,0.61357,0.72335,-0.27978,-0.11431,0.25621,-0.079525,0.15583,0.11607,0.58467,0.62234,-0.63959,-0.50907,-0.64514,-0.57245,0.31753,0.3886,0.7836,0.79394,0.87381,1,0.75871,0.89545,0.18885,0.14781,-0.13902,-0.12688,0.58866,0.50929,-0.16008,-0.020106,0.10154,-0.12417,0.31085,0.01029,0.57615,0.74551,-0.16726,-0.010394,0.21081,0.25141,-0.02063,0.097384,-0.35795,-0.23046,-0.01784,0.068714,0.37418,0.33201,-0.019492,-0.046403,0.3196,0.38319,0.56372,0.55462,0.66977,0.66879,0.64212,0.53409,0.082864,-0.37535,0.40469,0.12275,0.67873,0.80078,0.39383,0.30468,-0.16769,0.20474,0.53286,0.30047
-0.0052092,-0.074024,-0.038179,0.027419,0.24972,0.13029,0.089962,0.010073,0.077888,0.21165,-0.11488,-0.29443,0.12521,-0.055925,0.56341,0.64717,-0.10233,-0.45815,-0.13036,-0.24002,0.73745,0.74505,-0.10642,0.067596,0.36757,0.058018,0.28858,0.16225,0.49702,0.52265,-0.57733,-0.44427,-0.59314,-0.58852,0.30476,0.31137,0.74173,0.66713,0.82741,0.75871,1,0.7814,0.092885,0.051648,-0.22177,-0.27669,0.42558,0.35341,-0.25378,-0.15345,0.0044946,-0.17685,0.071941,-0.13388,0.39644,0.51594,-0.096567,-0.070762,0.13721,0.10228,0.0046247,-0.0078942,-0.3029,-0.29919,0.030692,0.083925,0.25871,0.20292,-0.030866,0.010338,0.46995,0.48863,0.5861,0.51907,0.65149,0.60846,0.57657,0.48716,0.057684,-0.39648,0.32118,0.098747,0.68156,0.69951,0.47262,0.33896,-0.14636,0.35178,0.56063,0.17744
-0.18553,-0.16681,-0.22546,0.0067451,0.21507,0.13273,-0.0073215,0.0037408,0.0078031,0.22754,-0.29336,-0.2956,-0.0028803,-0.082483,0.45396,0.71557,-0.17804,-0.39794,-0.1295,-0.2583,0.69945,0.79359,-0.31746,-0.13843,0.25173,-0.084388,0.16877,0.1659,0.60681,0.65228,-0.64629,-0.49964,-0.65516,-0.58184,0.25405,0.30647,0.76795,0.73779,0.83864,0.89545,0.7814,1,0.20997,0.14941,-0.16814,-0.14953,0.58749,0.51585,-0.1759,-0.067714,0.013994,-0.1816,0.21445,0.0017604,0.48537,0.68642,-0.18632,-0.05565,0.19178,0.22249,-0.023819,0.028749,-0.37665,-0.20173,-0.052064,-0.017881,0.36395,0.31765,-0.07302,-0.068252,0.35369,0.45171,0.61538,0.61194,0.70397,0.71527,0.64231,0.5445,0.02347,-0.42869,0.40189,0.10884,0.74645,0.82999,0.36709,0.28771,-0.24843,0.15704,0.46243,0.29615
-0.093025,0.39338,-0.056422,-0.14059,-0.011913,0.04432,-0.17205,-0.31238,-0.0092554,-0.094947,-0.3479,-0.17106,-0.3851,-0.33052,-0.044337,0.15272,-0.022596,0.0072934,0.006415,-0.016695,0.072658,0.14552,-0.27231,-0.10556,0.10724,-0.063316,0.019262,-0.091789,0.22217,0.29737,-0.10986,-0.18834,-0.21059,-0.29112,-0.074237,-0.1489,-0.033022,-0.035395,0.16062,0.18885,0.092885,0.20997,1,0.8631,0.66197,0.5521,0.78979,0.77515,0.50318,0.4841,0.29016,0.30084,0.51628,0.59904,0.26085,0.44052,0.17688,0.33657,-0.13321,0.2368,-0.089351,-0.16881,-0.35407,-0.32661,-0.32027,-0.29734,0.059664,0.054841,0.19347,-0.036473,0.076716,-0.032311,0.1193,0.17467,0.090838,0.17546,-0.066641,-0.11349,0.18091,-0.059018,0.14033,0.046794,0.2069,0.32818,0.098649,0.055246,-0.11237,0.17091,-0.0032647,0.25741
0.051653,0.44618,-0.073013,-0.19508,0.097257,0.095564,-0.26007,-0.35716,-0.056722,0.062338,-0.27842,-0.2651,-0.36586,-0.34792,-0.0023343,0.19344,-0.036557,0.064366,0.0022586,-0.079573,0.14162,0.16193,-0.14745,-0.026718,0.18202,0.094241,0.17831,0.10929,0.054764,0.14305,-0.12655,-0.21832,-0.094152,-0.25568,0.07192,-0.065892,-0.074325,-0.045714,0.15558,0.14781,0.051648,0.14941,0.8631,1,0.65575,0.53351,0.72473,0.79832,0.37963,0.45091,0.24988,0.29174,0.45597,0.50757,0.26467,0.44471,0.3314,0.34421,-0.22583,0.15419,-0.041509,-0.12098,-0.30074,-0.39695,-0.16117,-0.12789,0.15241,0.13723,0.33712,-0.01334,0.082833,-0.048633,0.030425,0.057322,0.036614,0.12751,-0.09537,-0.13053,0.14004,-0.062197,0.019785,-0.029266,0.15419,0.22524,0.13991,0.18545,0.048597,0.25046,0.031604,0.30944
-0.023074,0.37176,0.13073,0.0040439,0.089734,0.15894,-0.098604,-0.27958,0.16605,-0.026787,-0.24741,-0.13759,-0.31795,-0.32238,-0.087312,-0.15939,-0.19641,0.070813,-0.098346,-0.04681,-0.16914,-0.18162,0.04963,0.18165,0.12708,0.18081,0.032738,0.020722,-0.26926,-0.14086,0.22782,0.079103,0.069893,-0.042842,-0.044236,-0.14084,-0.38318,-0.29084,-0.19771,-0.13902,-0.22177,-0.16814,0.66197,0.65575,1,0.77073,0.32833,0.34962,0.73297,0.65931,0.53264,0.59426,0.37499,0.57531,0.12891,0.17135,0.2384,0.3513,-0.097315,0.24076,-0.080481,-0.10022,-0.24885,-0.19123,-0.016253,-0.025969,0.05742,0.10853,0.17347,0.11863,-0.092423,-0.30225,-0.31027,-0.29695,-0.30632,-0.23907,-0.4521,-0.4361,0.040842,0.085921,-0.24969,-0.10837,-0.070523,-0.067943,-0.042749,0.045878,0.06933,0.1722,-0.12912,0.14159
-0.24975,0.26832,-0.04481,-0.021254,-0.084724,0.12212,-0.22242,-0.1743,0.1106,-0.17707,-0.42562,0.079055,-0.47675,-0.1605,-0.29422,-0.23021,-0.16309,0.067949,-0.1264,0.095788,-0.24472,-0.23713,-0.24107,-0.099577,-0.17054,-0.025733,-0.18275,-0.16193,-0.13284,-0.030714,0.20347,0.087369,0.056912,0.13113,-0.3592,-0.24851,-0.34526,-0.21717,-0.25134,-0.12688,-0.27669,-0.14953,0.5521,0.53351,0.77073,1,0.31827,0.24758,0.781,0.85215,0.27781,0.68119,0.47587,0.59018,0.08189,0.10219,0.066146,0.40271,0.09069,0.48715,-0.10191,0.027514,-0.18063,0.072604,-0.25083,-0.19727,-0.11922,0.19522,0.015683,0.05317,-0.19365,-0.32396,-0.28754,-0.1272,-0.28167,-0.17478,-0.35324,-0.33183,0.075874,0.08789,-0.10609,-0.15898,-0.097427,-0.041748,-0.29097,-0.23313,-0.01803,0.063153,-0.27281,0.028779
-0.18806,0.18971,-0.19199,-0.10589,0.1153,0.14247,-0.2042,-0.19088,-0.037157,0.073796,-0.42984,-0.26868,-0.30533,-0.28932,0.1392,0.5025,-0.061389,-0.15,-0.04184,-0.087043,0.34711,0.49121,-0.40012,-0.19756,0.20825,-0.098141,0.1765,0.033293,0.52225,0.62259,-0.42671,-0.4309,-0.4954,-0.47077,0.029964,0.058779,0.37088,0.33563,0.56403,0.58866,0.42558,0.58749,0.78979,0.72473,0.32833,0.31827,1,0.9085,0.22734,0.33321,0.07016,0.028509,0.54949,0.4337,0.39742,0.70844,0.072219,0.2187,-0.011685,0.312,-0.074377,-0.0098803,-0.42461,-0.29872,-0.27567,-0.22713,0.24164,0.28499,0.19242,-0.10664,0.14356,0.11855,0.35146,0.41615,0.39375,0.47723,0.31172,0.24106,0.24806,-0.15968,0.41351,0.15867,0.47428,0.69427,0.28852,0.15851,-0.17704,0.21135,0.1937,0.33381
-0.042041,0.22702,-0.20748,-0.16734,0.13378,0.09736,-0.18438,-0.22951,-0.074951,0.14167,-0.33604,-0.26307,-0.25318,-0.29386,0.13766,0.47797,-0.090689,-0.057868,0.069455,-0.15957,0.37166,0.45723,-0.33707,-0.22147,0.2395,-0.049884,0.23394,0.11058,0.40028,0.49953,-0.38264,-0.42908,-0.35327,-0.46585,0.1431,0.06988,0.27118,0.26194,0.49536,0.50929,0.35341,0.51585,0.77515,0.79832,0.34962,0.24758,0.9085,1,0.1735,0.27321,0.13651,0.078982,0.45535,0.47503,0.38455,0.74563,0.15544,0.22231,-0.039137,0.26315,-0.027082,-0.047317,-0.36527,-0.30973,-0.17204,-0.18123,0.42319,0.35724,0.35156,-0.10013,0.16713,0.1054,0.27369,0.31414,0.32329,0.42348,0.25183,0.18787,0.20386,-0.1187,0.30356,0.12338,0.40206,0.58,0.25223,0.2319,-0.096084,0.15613,0.19812,0.4469
-0.045538,0.29843,0.059934,0.033095,-0.05359,0.13388,0.07838,-0.1082,0.25086,-0.23244,-0.30444,0.10858,-0.26962,-0.30752,-0.19303,-0.36642,-0.072979,0.0085049,-0.02904,0.11218,-0.26375,-0.2556,-0.22454,-0.11075,-0.088515,-0.036494,-0.17697,-0.21557,-0.14982,-0.078636,0.21141,0.089969,0.043906,0.014581,-0.36011,-0.38939,-0.36032,-0.27882,-0.26044,-0.16008,-0.25378,-0.1759,0.50318,0.37963,0.73297,0.781,0.22734,0.1735,1,0.84268,0.49194,0.64294,0.50996,0.59629,0.058057,0.028037,0.13302,0.36438,0.2868,0.48997,0.11446,-0.037781,-0.039356,-0.043323,-0.18541,-0.27818,-0.13168,0.015844,0.1061,0.21584,-0.15361,-0.34263,-0.31299,-0.20792,-0.31198,-0.26613,-0.43565,-0.38404,0.038932,0.097489,-0.11486,-0.31822,-0.066259,-0.053887,-0.33454,-0.42562,-0.096243,-0.046718,-0.18558,-0.10274
-0.1459,0.23724,0.044557,0.12698,-0.0058118,0.18617,-0.019448,-0.037858,0.19927,-0.14466,-0.43612,-0.033512,-0.36895,-0.32301,-0.18342,-0.23991,-0.22971,-0.12737,-0.07164,0.039459,-0.12398,-0.13473,-0.20398,-0.055942,-0.05186,0.054359,-0.15156,-0.14967,-0.13237,-0.032849,0.17294,0.10694,-0.03888,-0.013079,-0.30404,-0.22382,-0.23203,-0.14347,-0.13403,-0.020106,-0.15345,-0.067714,0.4841,0.45091,0.65931,0.85215,0.33321,0.27321,0.84268,1,0.36566,0.7125,0.54773,0.594,0.12156,0.15021,0.086564,0.33254,0.23869,0.60867,0.046137,0.16752,-0.14688,-0.08932,-0.16298,-0.092146,-0.031971,0.20905,0.11713,0.13512,-0.088386,-0.2217,-0.23021,-0.15581,-0.21982,-0.16563,-0.26658,-0.20959,0.010591,-0.021629,-0.14639,-0.32377,-0.0082607,0.031454,-0.26324,-0.25112,-0.040713,0.086081,-0.13837,0.053112
0.15813,0.16354,0.19696,0.094812,0.25052,0.27612,0.19846,-0.0857,0.32737,0.2045,-0.01397,-0.2511,0.11093,-0.38768,0.24776,-0.048315,-0.15508,-0.18774,-0.055597,-0.31284,0.086132,0.065379,0.20054,0.24501,0.32913,0.29343,0.08808,0.079443,-0.23966,-0.14412,-0.047108,-0.038074,-0.097903,-0.35495,0.32965,0.096955,-0.060979,-0.041056,0.034754,0.10154,0.0044946,0.013994,0.29016,0.24988,0.53264,0.27781,0.07016,0.13651,0.49194,0.36566,1,0.49956,0.39656,0.43105,0.22698,0.18109,0.13414,0.044042,0.0038144,0.024907,0.041048,-0.15212,-0.15826,-0.37143,0.25381,0.13549,0.16664,-0.057964,0.18084,0.16879,0.2373,0.013109,-0.031338,-0.14431,-0.013919,-0.076085,-0.10736,-0.13113,-0.044432,-0.18103,-0.25548,-0.27399,0.10512,-0.0073733,0.10151,0.10806,-0.011653,0.012057,0.26732,0.10137
