1,0.74958,0.22479,0.4185,-0.36914,-0.38058,0.42306,0.30371,-0.38566,-0.4665,0.37658,0.2995,0.19632,0.058554,-0.40151,-0.53056,0.071544,0.30258,0.53822,0.54575,-0.22303,-0.30541,-0.11464,0.075142,-0.47398,-0.20817,-0.37038,-0.33378,-0.18885,-0.0071569,-0.014961,0.080389,0.328,0.30538,-0.37222,-0.24906,-0.27792,-0.26563,-0.059174,-0.24937,-0.098534,-0.17011,0.017415,-0.11055,-0.28167,-0.28659,0.058148,-0.066474,-0.13476,-0.34571,-0.11733,-0.41269,-0.10053,-0.078321,0.21461,0.14071,0.82258,0.72393,0.44925,0.46107,0.41165,0.2558,0.48851,0.43524,-0.11316,-0.21158,0.27543,-0.022796,0.42302,0.34753,-0.15809,-0.20328,0.055686,0.20929,0.15463,0.17755,-0.0814,-0.064988,-0.17353,-0.23034,-0.15392,-0.099051,-0.2909,-0.26548,-0.25999,-0.29909,-0.07626,-0.2625,0.099088,-0.37245
0.74958,1,0.1167,0.4682,-0.42397,-0.44128,0.3538,0.40793,-0.3259,-0.51848,0.35601,0.47758,0.19126,0.25076,-0.4746,-0.57859,0.13108,0.42083,0.47649,0.52325,-0.35826,-0.44074,-0.16915,0.027473,-0.38967,-0.14045,-0.4331,-0.46551,-0.12366,-0.040604,0.13932,0.15704,0.2366,0.24705,-0.45258,-0.41823,-0.40346,-0.37414,-0.19462,-0.33028,-0.27553,-0.1902,-0.046578,-0.088355,-0.36009,-0.42382,0.18169,-0.015167,-0.32571,-0.4443,-0.31584,-0.48519,-0.14761,0.064236,0.11268,0.19845,0.65611,0.88242,0.39766,0.55907,0.3386,0.38054,0.37222,0.54561,-0.27702,-0.25418,0.23589,-0.075576,0.57852,0.31172,-0.17237,-0.17096,-0.0056852,0.09997,0.037223,0.021004,-0.18853,-0.20778,-0.17424,-0.20589,-0.25831,-0.00061818,-0.4396,-0.29115,-0.37292,-0.35564,-0.22825,-0.41192,-0.0071222,-0.45348
0.22479,0.1167,1,0.53506,-0.29725,-0.19682,0.58962,0.25009,-0.26787,-0.22134,0.15192,-0.24966,0.30878,-0.30017,0.043679,-0.20374,-0.092701,-0.22472,0.3832,0.33352,-0.12812,-0.30942,0.69996,0.63689,0.15839,-0.011362,-0.1998,-0.25769,-0.32984,-0.32365,0.12051,0.17271,0.39589,0.39508,0.41772,0.44658,-0.15645,-0.13557,-0.11021,-0.25361,-0.18466,-0.19097,0.18974,0.014622,0.079342,-0.10686,-0.12137,-0.071542,0.023827,0.0095809,0.081483,0.11657,-0.035207,-0.16291,0.14779,0.076572,0.15862,0.20619,0.11858,-0.12852,-0.052664,-0.1249,-0.021762,-0.28311,0.36254,0.12192,0.2286,0.23235,0.1669,0.33671,0.052248,0.058952,-0.016194,-0.012708,0.2863,0.2883,0.014524,0.036643,-0.11588,-0.23277,0.26705,-0.22752,-0.081454,-0.22517,0.33756,-0.05383,-0.046262,-0.062286,0.24687,-0.21181
0.4185,0.4682,0.53506,1,-0.19676,-0.26686,0.3549,0.66887,-0.25066,-0.27703,0.12347,0.20299,-0.030393,0.036432,-0.32745,-0.3933,0.032963,0.18531,0.38491,0.42687,-0.17424,-0.29143,0.18825,0.60839,-0.15937,-0.074888,-0.33502,-0.36093,-0.092317,-0.016974,0.20721,0.20464,0.33929,0.49865,-0.082353,0.055625,-0.24908,-0.2356,-0.12949,-0.2502,-0.22428,-0.19896,0.051536,0.068745,-0.29675,-0.2967,0.023609,-0.083943,-0.34788,-0.28448,-0.25188,-0.18195,-0.20607,-0.17861,0.17597,0.037412,0.39225,0.45973,0.12701,0.31212,0.10398,0.23707,0.29875,0.26799,-0.10854,0.12636,0.25664,0.30865,0.18456,0.22737,-0.17209,-0.069613,0.029885,0.087984,0.23471,0.22853,-0.044933,0.010606,-0.070575,-0.17622,0.0079245,-0.060982,-0.1963,-0.17287,-0.23234,-0.089353,-0.12828,-0.21238,0.020767,-0.37856
-0.36914,-0.42397,-0.29725,-0.19676,1,0.79967,-0.38926,-0.20644,0.5184,0.69047,-0.16735,-0.14914,-0.19128,-0.060225,0.37514,0.48579,-0.040976,-0.15357,-0.25489,-0.45376,0.1479,0.22797,0.024133,0.080993,0.48096,0.45879,0.73888,0.74198,-0.066929,-0.089918,0.20274,0.15423,-0.12158,-0.11618,0.0080111,0.062574,0.0011948,0.0098582,-0.0026453,0.0040749,-0.0085682,0.0096255,-0.20801,-0.16482,0.026769,0.080887,-0.18684,-0.18849,0.064175,0.057099,0.16437,0.17974,0.21276,0.070438,0.0072616,-0.054284,-0.18966,-0.37762,-0.28945,-0.30739,-0.1706,-0.095191,-0.072487,-0.093208,0.035276,0.099228,-0.2214,-0.060026,-0.31272,-0.36256,-0.016402,0.073609,-0.12367,-0.090726,-0.17169,-0.2087,-0.093874,-0.038626,-0.077712,0.020684,0.067949,-0.0964,0.28443,0.03973,0.048595,0.11864,0.18099,0.40027,-0.06053,0.2924
-0.38058,-0.44128,-0.19682,-0.26686,0.79967,1,-0.49366,-0.28096,0.16784,0.71597,-0.25551,-0.38561,-0.2148,-0.29284,0.31269,0.51433,-0.012773,-0.27048,-0.25535,-0.53478,0.13117,0.2608,0.16703,-0.0012747,0.69013,0.59454,0.81531,0.85038,-0.11704,-0.17868,0.2293,0.15488,-0.18088,-0.17246,0.25017,0.27922,0.065051,0.15218,0.0076425,0.064102,-0.034036,0.042243,-0.10501,-0.01255,0.15031,0.08133,-0.14311,-0.031615,0.15873,0.16171,0.37524,0.36487,0.25826,0.023412,0.018639,0.047063,-0.21845,-0.41198,-0.37286,-0.47052,-0.38767,-0.29088,-0.15182,-0.31168,0.098226,0.010261,-0.15358,0.0043396,-0.22011,-0.38014,-0.1247,-0.023936,-0.23652,-0.19975,-0.22125,-0.28012,-0.053895,-0.046951,-0.099155,0.11599,0.17609,-0.15315,0.35527,0.089951,0.24271,0.10378,0.10715,0.50937,-0.053441,0.42226
0.42306,0.3538,0.58962,0.3549,-0.38926,-0.49366,1,0.41815,0.021615,-0.19948,0.5741,0.27637,0.61927,0.25605,-0.0091831,-0.21993,-0.087815,-0.095235,0.44011,0.45881,-0.25248,-0.46298,0.36945,0.36166,-0.26996,-0.2623,-0.38544,-0.4488,-0.30241,-0.28705,-0.00041663,0.13431,0.44843,0.33395,-0.13651,-0.13234,-0.21845,-0.32924,-0.011293,-0.3451,-0.13765,-0.3425,0.043999,-0.22552,-0.19014,-0.18064,0.0048269,-0.11606,-0.0052647,-0.035768,-0.068863,-0.26216,-0.026326,0.010083,0.21357,0.1357,0.28424,0.30434,0.54589,0.26644,0.48022,0.30452,0.10102,0.085621,0.35668,0.18817,0.14238,-0.16229,0.30039,0.37832,0.25512,0.079585,0.016912,0.076224,0.24798,0.2145,0.012679,0.0019128,-0.28538,-0.4372,-0.11229,-0.24446,-0.27956,-0.38173,0.14627,-0.27472,0.013751,-0.26973,0.29771,-0.18373
0.30371,0.40793,0.25009,0.66887,-0.20644,-0.28096,0.41815,1,-0.078807,0.032883,0.046658,0.42925,-0.17683,0.39857,-0.50747,-0.35295,-0.045537,0.081411,0.16828,0.33543,-0.24673,-0.38557,-0.092532,0.31617,-0.28416,-0.14132,-0.27287,-0.34554,-0.11953,-0.059486,0.11719,0.12643,0.39166,0.49901,-0.40755,-0.23806,-0.24206,-0.25913,-0.046371,-0.35161,-0.21392,-0.40367,0.018979,-0.0012658,-0.36122,-0.1412,0.059968,-0.042124,-0.22348,-0.017821,-0.18977,-0.16695,-0.12852,-0.12301,0.22661,-0.048968,0.23445,0.27862,0.22087,0.53707,0.36228,0.55118,0.28534,0.43256,-0.15034,0.36985,0.22738,0.20004,0.17948,0.25233,-0.25887,-0.13428,-0.1576,-0.073497,0.064672,0.082952,-0.10489,-0.018076,-0.17938,-0.28503,-0.27323,-0.061079,-0.29436,-0.29395,-0.31045,-0.022735,-0.10184,-0.29877,0.15279,-0.056666
-0.38566,-0.3259,-0.26787,-0.25066,0.5184,0.16784,0.021615,-0.078807,1,0.46686,0.022515,0.21276,0.087638,0.31004,0.44537,0.35316,-0.017058,-0.078808,-0.3383,-0.3288,0.13866,0.11036,-0.096963,-0.12975,0.095597,0.10528,0.37548,0.29239,0.067289,-0.01513,0.03601,0.054331,-0.09505,-0.12822,-0.22465,-0.32516,0.013479,-0.12973,-0.03827,-0.010791,0.077825,-0.039924,-0.28138,-0.24426,-0.11406,0.090597,-0.16868,-0.18984,0.04622,0.055606,-0.037921,-0.042758,0.098736,0.12443,-0.14548,-0.14029,-0.37423,-0.34043,-0.0053513,-0.010385,0.23872,0.27973,-0.15957,0.10094,0.07006,0.30282,-0.31323,-0.23698,-0.31879,-0.25409,0.17317,0.086105,-0.048164,-0.098238,-0.17747,-0.15333,-0.077042,-0.066434,0.018304,-0.073422,-0.16025,-0.013603,0.08108,-0.039789,0.062558,-0.0095864,0.19021,0.049438,0.026729,0.25761
-0.4665,-0.51848,-0.22134,-0.27703,0.69047,0.71597,-0.19948,0.032883,0.46686,1,-0.091113,-0.043334,-0.11214,0.097114,0.31965,0.626,0.06022,-0.23012,-0.30241,-0.45639,0.018971,0.10893,0.080979,-0.040166,0.44342,0.42751,0.64891,0.62473,-0.036148,-0.11575,0.18601,0.16869,-0.064531,-0.12127,0.012722,-0.012269,-0.067768,-0.072342,-0.075072,-0.10537,-0.099627,-0.088603,-0.1494,-0.14389,0.1768,0.28834,-0.22902,-0.10972,0.19264,0.31817,0.24307,0.30006,0.30367,0.093768,-0.066465,-0.14583,-0.37554,-0.58644,-0.24191,-0.33113,-0.0933,0.022045,-0.059764,-0.1708,0.24706,0.35052,-0.30883,-0.18548,-0.34688,-0.37195,0.011569,0.0807,-0.20053,-0.18853,-0.14132,-0.17076,-0.14656,-0.11772,-0.030677,0.045888,0.090617,-0.045467,0.20061,-0.040991,0.18661,0.20469,0.037492,0.25624,0.037966,0.56582
0.37658,0.35601,0.15192,0.12347,-0.16735,-0.25551,0.5741,0.046658,0.022515,-0.091113,1,0.50141,0.81864,0.36068,0.22064,0.0078976,0.39724,0.31316,0.54421,0.3813,-0.34627,-0.3705,0.23698,0.1063,-0.15819,0.093509,-0.18118,-0.23014,-0.050775,-0.079112,0.29156,0.40229,0.3943,0.20881,-0.24136,-0.36779,-0.39227,-0.49746,-0.30856,-0.31353,-0.25279,-0.04034,-0.2122,-0.32726,-0.03007,-0.076531,-0.25729,-0.31917,-0.063363,-0.12455,-0.13067,-0.32873,0.1282,0.18957,-0.085738,-0.054215,0.32542,0.24558,0.35371,0.092057,0.47016,0.21679,0.4189,0.26553,0.40491,-0.10766,-0.071886,-0.34839,0.083313,-0.076828,0.43749,0.26653,0.21803,0.23448,0.28691,0.16679,-0.27705,-0.29708,-0.053944,-0.1443,-0.023143,-0.059893,-0.21961,-0.34872,-0.038121,-0.32469,-0.19089,-0.31602,0.068387,-0.1766
0.2995,0.47758,-0.24966,0.20299,-0.14914,-0.38561,0.27637,0.42925,0.21276,-0.043334,0.50141,1,0.20501,0.84903,-0.26125,-0.16,0.45578,0.62892,0.20079,0.25556,-0.32047,-0.31037,-0.37403,-0.025424,-0.42817,0.051727,-0.2751,-0.3502,0.17142,0.19504,0.35433,0.39535,0.34723,0.30966,-0.71774,-0.77838,-0.48465,-0.54173,-0.38762,-0.27538,-0.24587,-0.010078,-0.45074,-0.32696,-0.27763,-0.09359,-0.30922,-0.41552,-0.31568,-0.18764,-0.51229,-0.54007,-0.042811,0.094525,-0.2338,-0.3801,0.20581,0.3227,0.2368,0.50974,0.62493,0.65264,0.5286,0.78686,-0.16093,0.13589,-0.041098,-0.17133,0.012475,-0.18237,0.060801,0.070101,0.15138,0.18184,0.11153,0.032411,-0.43657,-0.42716,0.097632,-0.096554,-0.43872,0.26202,-0.33994,-0.32675,-0.56966,-0.18571,-0.20738,-0.45633,-0.081179,-0.18918
0.19632,0.19126,0.30878,-0.030393,-0.19128,-0.2148,0.61927,-0.17683,0.087638,-0.11214,0.81864,0.20501,1,0.20573,0.39639,0.076434,0.16029,0.006743,0.39197,0.19987,-0.24583,-0.33657,0.4717,0.13942,0.00021684,0.012922,-0.16949,-0.23566,-0.17702,-0.2454,0.10604,0.24176,0.19497,-0.028667,0.096055,-0.097906,-0.22876,-0.32752,-0.18172,-0.23508,-0.17751,-0.045318,-0.092218,-0.25551,0.078202,-0.075202,-0.1389,-0.20037,0.084193,-0.010322,0.02548,-0.12581,0.10499,0.17603,-0.056246,0.093226,0.17073,0.14328,0.40499,-0.054083,0.34132,0.06402,0.085669,-0.089813,0.54495,-0.038583,-0.05642,-0.35364,0.14754,0.0046173,0.51462,0.28743,0.12026,0.094881,0.20407,0.10201,-0.11489,-0.17814,-0.1256,-0.1975,0.12395,-0.16969,-0.18704,-0.27,0.25351,-0.26321,-0.1478,-0.2033,0.087397,-0.15103
0.058554,0.25076,-0.30017,0.036432,-0.060225,-0.29284,0.25605,0.39857,0.31004,0.097114,0.36068,0.84903,0.20573,1,-0.15766,0.082449,0.24286,0.34381,0.043654,0.1139,-0.19475,-0.23386,-0.27539,0.013007,-0.32672,-0.039593,-0.19295,-0.28029,0.11864,0.11951,0.17554,0.2253,0.24964,0.16168,-0.62338,-0.65185,-0.3065,-0.36123,-0.1786,-0.19447,-0.11195,-0.078042,-0.40229,-0.30114,-0.24953,-0.020262,-0.22925,-0.34275,-0.20753,-0.032375,-0.43012,-0.39693,-0.061831,0.04489,-0.15068,-0.33403,-0.0090979,0.074013,0.17136,0.3908,0.54596,0.57016,0.27724,0.54696,-0.089384,0.22216,-0.098481,-0.20906,-0.015116,-0.13874,0.14658,0.1566,0.078575,0.092475,-0.021005,-0.044373,-0.28254,-0.24908,0.005477,-0.11391,-0.38189,0.23881,-0.22606,-0.22689,-0.42458,0.0033304,-0.076249,-0.28935,-0.040713,-0.012804
-0.40151,-0.4746,0.043679,-0.32745,0.37514,0.31269,-0.0091831,-0.50747,0.44537,0.31965,0.22064,-0.26125,0.39639,-0.15766,1,0.71466,0.05425,-0.28077,-0.14479,-0.33864,0.38295,0.38694,0.40303,0.028831,0.33497,0.17971,0.38993,0.43042,0.12967,-0.019647,-0.020361,0.028259,-0.24215,-0.32223,0.33047,0.13197,0.26547,0.17463,0.084411,0.29769,0.33028,0.33215,-0.1691,-0.19041,0.20094,0.076363,-0.265,-0.20107,0.18207,0.042759,0.21402,0.2055,0.17469,0.02872,-0.079865,0.012171,-0.39258,-0.47412,-0.20963,-0.47438,-0.099582,-0.24115,-0.30667,-0.33245,0.46366,-0.01139,-0.34054,-0.28317,-0.3655,-0.32795,0.51877,0.34593,0.16007,0.031868,0.064316,0.10375,0.14671,0.064512,0.12662,0.15345,0.33108,-0.093265,0.56871,0.25955,0.58518,0.0080968,0.38926,0.46176,0.12944,0.29465
-0.53056,-0.57859,-0.20374,-0.3933,0.48579,0.51433,-0.21993,-0.35295,0.35316,0.626,0.0078976,-0.16,0.076434,0.082449,0.71466,1,0.039136,-0.25567,-0.22862,-0.41082,0.39254,0.47532,0.22215,0.035723,0.31793,0.17136,0.4916,0.54577,0.24759,0.13987,-0.075578,-0.096873,-0.2703,-0.35434,0.17035,0.060991,0.27666,0.2651,0.14917,0.30819,0.31555,0.27734,-0.14941,-0.098077,0.21718,0.17594,-0.21649,-0.10572,0.13435,0.092029,0.10188,0.19914,0.08665,-0.1249,-0.10483,-0.11939,-0.5309,-0.66362,-0.43352,-0.57026,-0.24734,-0.2837,-0.28137,-0.34075,0.25554,0.010797,-0.44677,-0.31131,-0.45227,-0.43179,0.36357,0.32657,0.1425,0.092225,-0.011955,0.043734,0.18341,0.13427,0.19305,0.32838,0.31343,0.11742,0.57862,0.3865,0.39328,0.29396,0.32089,0.53843,0.042436,0.45336
0.071544,0.13108,-0.092701,0.032963,-0.040976,-0.012773,-0.087815,-0.045537,-0.017058,0.06022,0.39724,0.45578,0.16029,0.24286,0.05425,0.039136,1,0.75348,0.084362,0.14474,-0.35034,-0.058792,-0.23949,-0.16261,0.076517,0.49561,-0.043984,-0.098319,0.48345,0.38126,0.56345,0.50234,0.072582,0.036409,-0.11375,-0.31435,-0.46988,-0.39691,-0.70307,-0.066939,-0.35171,0.48162,-0.42605,-0.096672,0.34149,0.20656,-0.46348,-0.28743,-0.012591,0.01116,-0.14721,-0.090053,0.32505,0.18138,-0.59629,-0.55712,0.12409,0.10805,-0.096479,-0.055726,0.10874,0.012179,0.60532,0.32172,0.1649,-0.025152,-0.0084628,0.069164,-0.098263,-0.30502,0.13728,0.14482,0.18919,0.11381,0.068274,-0.027045,-0.63541,-0.66389,0.49572,0.40968,-0.028126,0.49531,-0.089891,-0.052902,-0.22919,-0.0070323,-0.42954,-0.35752,-0.12328,-0.097353
0.30258,0.42083,-0.22472,0.18531,-0.15357,-0.27048,-0.095235,0.081411,-0.078808,-0.23012,0.31316,0.62892,0.006743,0.34381,-0.28077,-0.25567,0.75348,1,0.16225,0.32205,-0.30676,-0.075675,-0.46191,-0.14377,-0.25722,0.18647,-0.32082,-0.33915,0.50283,0.54231,0.38927,0.32188,0.074518,0.12866,-0.36048,-0.46821,-0.40289,-0.36704,-0.546,-0.052052,-0.28124,0.36728,-0.32118,-0.035707,0.091795,0.059251,-0.23548,-0.20641,-0.24921,-0.22734,-0.43562,-0.37738,0.00056217,0.086356,-0.5116,-0.46782,0.34472,0.41555,0.048144,0.23929,0.208,0.21115,0.65352,0.59651,-0.18192,-0.071849,0.044398,0.09255,0.019181,-0.18713,-0.0196,0.020628,0.31716,0.29202,0.12882,0.048246,-0.46476,-0.47897,0.45383,0.3353,-0.19219,0.56468,-0.26943,-0.013807,-0.55882,-0.043976,-0.44327,-0.49875,-0.29433,-0.40372
0.53822,0.47649,0.3832,0.38491,-0.25489,-0.25535,0.44011,0.16828,-0.3383,-0.30241,0.54421,0.20079,0.39197,0.043654,-0.14479,-0.22862,0.084362,0.16225,1,0.59386,-0.21707,-0.33196,0.26391,0.23703,-0.21745,-0.11896,-0.2124,-0.24691,-0.20698,-0.11966,0.097984,0.18291,0.48193,0.34372,-0.12156,-0.092258,-0.29447,-0.2902,-0.13378,-0.312,-0.2101,-0.16907,0.079689,-0.073764,-0.12037,-0.18807,-0.052831,-0.12306,-0.19529,-0.2598,-0.2198,-0.34281,-0.11934,-0.056994,0.17504,0.059467,0.42974,0.43798,0.24186,0.081026,0.19342,-0.0043636,0.31717,0.16755,0.1012,-0.26858,0.13732,-0.10519,0.21465,0.12527,0.24375,0.21336,0.30317,0.38769,0.42654,0.34938,-0.054771,-0.036088,-0.086195,-0.1253,0.14365,-0.095409,-0.20839,-0.28214,-0.17955,-0.26973,-0.15837,-0.24657,0.014702,-0.38816
0.54575,0.52325,0.33352,0.42687,-0.45376,-0.53478,0.45881,0.33543,-0.3288,-0.45639,0.3813,0.25556,0.19987,0.1139,-0.33864,-0.41082,0.14474,0.32205,0.59386,1,-0.27499,-0.29691,-0.0083945,0.24587,-0.3896,-0.26835,-0.47376,-0.48944,0.011996,0.14044,-0.037484,-0.011234,0.37192,0.38012,-0.18787,-0.11187,-0.2379,-0.23703,-0.14712,-0.24123,-0.2065,-0.15956,0.2402,0.074741,-0.012927,-0.032299,0.1107,0.047204,-0.064474,-0.13503,-0.2014,-0.23202,-0.092687,0.037008,0.016193,-0.011432,0.49091,0.53063,0.30748,0.2768,0.19542,0.10022,0.36579,0.17429,0.021359,-0.13307,0.22613,0.039508,0.3823,0.58753,0.040785,0.035712,0.19943,0.30011,0.24724,0.27498,-0.06089,0.029673,0.067167,-0.027719,-0.046049,0.17796,-0.412,-0.16971,-0.25422,0.027225,-0.27087,-0.46177,0.083461,-0.36293
-0.22303,-0.35826,-0.12812,-0.17424,0.1479,0.13117,-0.25248,-0.24673,0.13866,0.018971,-0.34627,-0.32047,-0.24583,-0.19475,0.38295,0.39254,-0.35034,-0.30676,-0.21707,-0.27499,1,0.80789,-0.020359,-0.036712,-0.077584,-0.29411,0.17056,0.33718,0.22821,0.27568,-0.41958,-0.39126,-0.25435,-0.16376,0.17201,0.21291,0.70612,0.65927,0.63543,0.69202,0.82104,0.29257,0.1083,0.0423,-0.054884,-0.065983,0.041487,-0.025918,0.086169,-0.031321,-0.016999,0.095207,-0.39095,-0.33656,0.13373,0.13043,-0.28074,-0.30805,-0.17529,-0.12885,-0.16443,-0.12451,-0.33283,-0.16982,-0.16593,0.0064376,0.0063959,0.095959,-0.34248,-0.13139,0.19901,0.13471,0.33036,0.24152,0.015552,0.22973,0.58489,0.54977,0.11951,0.17933,0.17879,0.064279,0.67187,0.58103,0.16589,0.11138,0.60781,0.63257,-0.15203,0.095808
-0.30541,-0.44074,-0.30942,-0.29143,0.22797,0.2608,-0.46298,-0.38557,0.11036,0.10893,-0.3705,-0.31037,-0.33657,-0.23386,0.38694,0.47532,-0.058792,-0.075675,-0.33196,-0.29691,0.80789,1,-0.22496,-0.21566,-0.021283,-0.16072,0.17052,0.38445,0.54807,0.55415,-0.38033,-0.44402,-0.45005,-0.36817,0.20242,0.18249,0.68199,0.70671,0.43653,0.78583,0.69737,0.50239,0.083565,0.20353,0.075277,0.039339,0.057606,0.10313,0.099576,-0.019802,-0.012488,0.11237,-0.27871,-0.36096,-0.077786,-0.076365,-0.33762,-0.38719,-0.33981,-0.25206,-0.27006,-0.30625,-0.24143,-0.17382,-0.1875,-0.097448,-0.03582,0.12294,-0.3937,-0.24416,0.1535,0.14184,0.32547,0.22161,-0.089519,0.11725,0.49895,0.42707,0.40541,0.45457,0.29181,0.31115,0.70186,0.79142,0.13528,0.22585,0.40113,0.54218,-0.24153,0.10219
-0.11464,-0.16915,0.69996,0.18825,0.024133,0.16703,0.36945,-0.092532,-0.096963,0.080979,0.23698,-0.37403,0.4717,-0.27539,0.40303,0.22215,-0.23949,-0.46191,0.26391,-0.0083945,-0.020359,-0.22496,1,0.6164,0.42973,0.13803,0.1461,0.072701,-0.44758,-0.52967,0.1696,0.23473,0.2201,0.18615,0.52879,0.4941,-0.032499,-0.038882,0.038413,-0.19658,-0.084209,-0.20271,0.099697,-0.071187,0.071379,-0.060714,-0.14201,-0.12929,0.060317,0.093222,0.23552,0.23303,0.090466,-0.0061595,0.20762,0.22009,-0.054852,-0.11359,0.014728,-0.38707,-0.15799,-0.20919,-0.25064,-0.52724,0.56555,0.10888,-0.085899,-0.080017,0.026384,0.07101,0.24028,0.20054,0.00296,-0.020421,0.21935,0.09937,0.10627,0.079932,-0.29773,-0.27675,0.32279,-0.43755,0.092744,-0.22485,0.53984,-0.076087,0.11903,0.2313,0.17536,0.073211
0.075142,0.027473,0.63689,0.60839,0.080993,-0.0012747,0.36166,0.31617,-0.12975,-0.040166,0.1063,-0.025424,0.13942,0.013007,0.028831,0.035723,-0.16261,-0.14377,0.23703,0.24587,-0.036712,-0.21566,0.6164,1,0.12905,0.06634,-0.028455,-0.073992,-0.29685,-0.21965,0.23799,0.25616,0.39365,0.48803,0.15866,0.29191,-0.17522,-0.1495,-0.041696,-0.25855,-0.16193,-0.23962,0.039212,-0.10383,-0.10834,-0.16457,-0.17535,-0.23632,-0.18397,-0.10023,-0.1313,0.002195,-0.09426,-0.19332,0.21792,0.0094701,0.11571,0.063097,-0.060261,-0.13777,-0.054611,0.019303,0.045995,-0.1478,0.19121,0.17297,0.010504,0.14722,-0.0012058,0.16087,-0.038058,0.05507,-0.0030752,0.09332,0.26951,0.23429,0.039571,0.099348,-0.14081,-0.22229,0.13781,-0.13005,-0.041697,-0.19199,0.11804,0.16441,0.050576,0.10287,0.17832,-0.13164
-0.47398,-0.38967,0.15839,-0.15937,0.48096,0.69013,-0.26996,-0.28416,0.095597,0.44342,-0.15819,-0.42817,0.00021684,-0.32672,0.33497,0.31793,0.076517,-0.25722,-0.21745,-0.3896,-0.077584,-0.021283,0.42973,0.12905,1,0.74934,0.59955,0.53676,-0.23018,-0.39872,0.4615,0.38697,-0.022793,-0.029721,0.50556,0.4526,-0.12121,-0.02794,-0.19458,-0.081309,-0.22688,0.023762,-0.14712,-0.030615,0.33473,0.13067,-0.21808,-0.11147,0.24033,0.31737,0.41611,0.49631,0.34548,0.27008,-0.19078,-0.010121,-0.2388,-0.29306,-0.29652,-0.53483,-0.43681,-0.38669,-0.20202,-0.4825,0.31751,0.062912,-0.022136,0.14886,0.0086068,-0.19559,-0.0038821,0.10807,-0.23258,-0.33265,-0.16019,-0.34945,-0.25274,-0.27424,-0.18458,-0.059818,0.12853,-0.22751,0.15086,-0.12128,0.349,-0.019062,-0.021993,0.30188,-0.048475,0.24765
-0.20817,-0.14045,-0.011362,-0.074888,0.45879,0.59454,-0.2623,-0.14132,0.10528,0.42751,0.093509,0.051727,0.012922,-0.039593,0.17971,0.17136,0.49561,0.18647,-0.11896,-0.26835,-0.29411,-0.16072,0.13803,0.06634,0.74934,1,0.56435,0.50673,-0.1469,-0.27023,0.81611,0.75901,0.14153,0.14152,0.073403,0.0041087,-0.51182,-0.41569,-0.57635,-0.28867,-0.43544,0.0851,-0.47093,-0.28995,0.23382,0.1067,-0.53832,-0.39997,0.056152,0.1513,0.212,0.20871,0.5388,0.36094,-0.3239,-0.28198,-0.048025,-0.096845,-0.31146,-0.33467,-0.17947,-0.11665,0.19715,-0.014491,0.19584,0.0032715,-0.1301,0.036051,-0.019733,-0.34057,-0.13588,0.0047467,-0.2645,-0.32203,-0.090726,-0.28309,-0.66466,-0.65605,-0.056836,-0.090489,-0.11227,-0.082811,-0.04238,-0.35002,0.023251,-0.10935,-0.18856,0.069553,0.015398,0.24428
-0.37038,-0.4331,-0.1998,-0.33502,0.73888,0.81531,-0.38544,-0.27287,0.37548,0.64891,-0.18118,-0.2751,-0.16949,-0.19295,0.38993,0.4916,-0.043984,-0.32082,-0.2124,-0.47376,0.17056,0.17052,0.1461,-0.028455,0.59955,0.56435,1,0.8999,-0.23385,-0.27256,0.25132,0.2259,-0.052363,-0.06539,0.057899,0.067432,0.0083728,0.0105,-0.008852,-0.076017,-0.031708,-0.11749,-0.11869,-0.1262,0.069892,0.097376,-0.23079,-0.095583,0.16979,0.1408,0.3971,0.31077,0.33414,0.12388,0.083067,0.071917,-0.29339,-0.41681,-0.32502,-0.38663,-0.23836,-0.14123,-0.14224,-0.21292,0.083495,-0.0046534,-0.27736,-0.17461,-0.28413,-0.35411,-0.073557,-0.012458,-0.25795,-0.22245,-0.16203,-0.20121,-0.10975,-0.070669,-0.13161,0.014059,0.061516,-0.19337,0.25619,-0.10181,0.29206,0.070733,0.21964,0.43933,0.1532,0.5456
-0.33378,-0.46551,-0.25769,-0.36093,0.74198,0.85038,-0.4488,-0.34554,0.29239,0.62473,-0.23014,-0.3502,-0.23566,-0.28029,0.43042,0.54577,-0.098319,-0.33915,-0.24691,-0.48944,0.33718,0.38445,0.072701,-0.073992,0.53676,0.50673,0.8999,1,-0.17694,-0.19273,0.14082,0.13097,-0.12494,-0.10197,0.069216,0.12206,0.15043,0.16962,0.13985,0.11492,0.17229,0.0060098,-0.11683,-0.18501,0.040433,0.053545,-0.21526,-0.12424,0.16034,0.079869,0.34849,0.25823,0.24163,0.057912,0.13623,0.12774,-0.27076,-0.42543,-0.39133,-0.43947,-0.31295,-0.22941,-0.18342,-0.2266,0.022954,-0.10126,-0.26604,-0.16465,-0.2926,-0.35299,-0.092678,-0.048389,-0.2061,-0.1498,-0.17969,-0.13247,0.021016,0.061901,-0.1235,0.033104,0.10045,-0.18223,0.42681,0.047228,0.26337,0.037923,0.35291,0.61746,0.089006,0.5118
-0.18885,-0.12366,-0.32984,-0.092317,-0.066929,-0.11704,-0.30241,-0.11953,0.067289,-0.036148,-0.050775,0.17142,-0.17702,0.11864,0.12967,0.24759,0.48345,0.50283,-0.20698,0.011996,0.22821,0.54807,-0.44758,-0.29685,-0.23018,-0.1469,-0.23385,-0.17694,1,0.89445,-0.15955,-0.33212,-0.38206,-0.33687,0.035009,-0.15242,0.29515,0.33207,-0.10409,0.53283,0.21944,0.6247,-0.028718,0.37515,0.21381,0.11906,0.066129,0.16513,-0.065027,-0.0959,-0.28178,-0.078766,-0.2381,-0.26805,-0.47766,-0.43058,-0.21453,-0.16971,-0.21111,-0.020916,-0.034727,-0.11177,0.12401,0.14409,-0.12371,-0.020084,0.025843,0.20334,-0.29486,-0.26974,0.24736,0.27199,0.45979,0.31988,-0.022058,0.056898,0.1335,0.038504,0.77715,0.76453,0.19768,0.71417,0.28027,0.7284,-0.14909,0.28909,-0.19675,-0.13752,-0.32892,-0.17919
-0.0071569,-0.040604,-0.32365,-0.016974,-0.089918,-0.17868,-0.28705,-0.059486,-0.01513,-0.11575,-0.079112,0.19504,-0.2454,0.11951,-0.019647,0.13987,0.38126,0.54231,-0.11966,0.14044,0.27568,0.55415,-0.52967,-0.21965,-0.39872,-0.27023,-0.27256,-0.19273,0.89445,1,-0.25364,-0.40466,-0.30421,-0.25866,-0.080032,-0.19068,0.27141,0.3076,-0.044544,0.45144,0.22232,0.48395,0.092732,0.36365,0.16476,0.11601,0.11722,0.19445,-0.10326,-0.17208,-0.32337,-0.14838,-0.30716,-0.3615,-0.35194,-0.4039,-0.065369,-0.066793,-0.15736,0.066866,-0.00227,-0.064282,0.23782,0.24306,-0.23425,-0.079416,0.038848,0.18018,-0.28886,-0.17291,0.12932,0.15112,0.42379,0.38301,0.085989,0.19464,0.20353,0.16004,0.79524,0.7384,0.21283,0.77512,0.19333,0.71526,-0.24911,0.38175,-0.19946,-0.18468,-0.27134,-0.24745
-0.014961,0.13932,0.12051,0.20721,0.20274,0.2293,-0.00041663,0.11719,0.03601,0.18601,0.29156,0.35433,0.10604,0.17554,-0.020361,-0.075578,0.56345,0.38927,0.097984,-0.037484,-0.41958,-0.38033,0.1696,0.23799,0.4615,0.81611,0.25132,0.14082,-0.15955,-0.25364,1,0.9242,0.40884,0.43437,-0.14525,-0.20304,-0.66093,-0.6024,-0.6362,-0.42668,-0.49862,0.00068355,-0.50329,-0.34819,0.076828,0.042363,-0.56636,-0.52587,-0.13665,0.033042,-0.051381,-0.0509,0.40628,0.3722,-0.32568,-0.32809,0.14769,0.16331,-0.12401,-0.08385,0.033256,0.14435,0.36979,0.22674,0.18371,0.079913,-0.082548,0.023673,0.078611,-0.28288,-0.10017,0.0054143,-0.091936,-0.163,0.06004,-0.21815,-0.71475,-0.71774,-0.095365,-0.21316,-0.24982,-0.056126,-0.22071,-0.52233,-0.17903,-0.25542,-0.23944,-0.15083,-0.017559,0.0066796
0.080389,0.15704,0.17271,0.20464,0.15423,0.15488,0.13431,0.12643,0.054331,0.16869,0.40229,0.39535,0.24176,0.2253,0.028259,-0.096873,0.50234,0.32188,0.18291,-0.011234,-0.39126,-0.44402,0.23473,0.25616,0.38697,0.75901,0.2259,0.13097,-0.33212,-0.40466,0.9242,1,0.48771,0.501,-0.17729,-0.20183,-0.68103,-0.66809,-0.57464,-0.45718,-0.43484,-0.033799,-0.55027,-0.50578,0.050807,0.07204,-0.67604,-0.66174,-0.075644,0.091375,-0.015681,-0.053855,0.43112,0.42848,-0.23682,-0.2772,0.20451,0.17747,0.020047,-0.016367,0.16848,0.24023,0.41552,0.26149,0.26024,0.1448,-0.073595,-0.049474,0.059633,-0.25071,-0.028106,0.021344,-0.07572,-0.12301,0.14235,-0.10433,-0.73571,-0.70976,-0.23407,-0.3783,-0.29348,-0.19854,-0.22013,-0.68204,-0.16697,-0.345,-0.12803,-0.11009,0.029005,0.035562
0.328,0.2366,0.39589,0.33929,-0.12158,-0.18088,0.44843,0.39166,-0.09505,-0.064531,0.3943,0.34723,0.19497,0.24964,-0.24215,-0.2703,0.072582,0.074518,0.48193,0.37192,-0.25435,-0.45005,0.2201,0.39365,-0.022793,0.14153,-0.052363,-0.12494,-0.38206,-0.30421,0.40884,0.48771,1,0.82268,-0.23629,-0.12861,-0.42049,-0.46774,-0.18183,-0.44448,-0.24613,-0.30166,-0.13359,-0.30959,-0.087313,-0.0044039,-0.42062,-0.44205,-0.056755,0.058954,-0.18203,-0.19192,-0.069824,0.062419,0.010571,-0.16379,0.30198,0.20991,0.21766,0.14557,0.3675,0.30749,0.41143,0.27317,0.1844,0.12816,0.24035,0.12398,0.017301,0.050193,0.045928,0.12204,0.085857,0.13889,0.32461,0.16143,-0.25701,-0.16882,-0.22898,-0.34376,-0.17038,-0.12332,-0.27407,-0.57173,-0.25985,-0.17546,-0.077059,-0.18676,0.049202,-0.17655
0.30538,0.24705,0.39508,0.49865,-0.11618,-0.17246,0.33395,0.49901,-0.12822,-0.12127,0.20881,0.30966,-0.028667,0.16168,-0.32223,-0.35434,0.036409,0.12866,0.34372,0.38012,-0.16376,-0.36817,0.18615,0.48803,-0.029721,0.14152,-0.06539,-0.10197,-0.33687,-0.25866,0.43437,0.501,0.82268,1,-0.22809,-0.040485,-0.31284,-0.35048,-0.13155,-0.3385,-0.1572,-0.24399,-0.090657,-0.20097,-0.18936,-0.02307,-0.38829,-0.43438,-0.14817,0.0098247,-0.21934,-0.1883,-0.11847,-0.0030663,0.064533,-0.13616,0.34313,0.29318,0.15478,0.22147,0.26951,0.38108,0.36631,0.30505,0.059837,0.23847,0.22032,0.28029,-0.016339,0.061793,-0.12573,-0.03836,0.1155,0.18146,0.30909,0.19634,-0.20787,-0.076706,-0.24153,-0.34859,-0.24452,-0.14635,-0.21974,-0.52768,-0.31692,-0.1812,-0.011468,-0.11958,-0.006411,-0.22222
-0.37222,-0.45258,0.41772,-0.082353,0.0080111,0.25017,-0.13651,-0.40755,-0.22465,0.012722,-0.24136,-0.71774,0.096055,-0.62338,0.33047,0.17035,-0.11375,-0.36048,-0.12156,-0.18787,0.17201,0.20242,0.52879,0.15866,0.50556,0.073403,0.057899,0.069216,0.035009,-0.080032,-0.14525,-0.17729,-0.23629,-0.22809,1,0.86819,0.30418,0.37672,0.056613,0.27219,0.074507,0.23853,0.31693,0.37173,0.51252,0.17068,0.047071,0.19349,0.32532,0.32906,0.38233,0.59657,0.044792,-0.075695,-0.10075,0.044085,-0.25552,-0.30191,-0.098473,-0.47094,-0.4567,-0.56218,-0.353,-0.71881,0.39569,0.13601,0.24301,0.39533,-0.08704,0.043654,0.19662,0.19213,0.075502,-0.050578,0.055902,0.042575,0.20576,0.17428,0.12959,0.20458,0.4741,-0.11066,0.25188,0.27716,0.51386,0.19461,-0.046542,0.21673,-0.10762,0.0014545
-0.24906,-0.41823,0.44658,0.055625,0.062574,0.27922,-0.13234,-0.23806,-0.32516,-0.012269,-0.36779,-0.77838,-0.097906,-0.65185,0.13197,0.060991,-0.31435,-0.46821,-0.092258,-0.11187,0.21291,0.18249,0.4941,0.29191,0.4526,0.0041087,0.067432,0.12206,-0.15242,-0.19068,-0.20304,-0.20183,-0.12861,-0.040485,0.86819,1,0.35451,0.43365,0.24493,0.24964,0.15514,0.088017,0.37048,0.34407,0.34611,0.13473,0.10464,0.17734,0.27872,0.32433,0.37388,0.56157,-0.024527,-0.13345,0.11631,0.15757,-0.10651,-0.23599,-0.10446,-0.40005,-0.48772,-0.55784,-0.33601,-0.71014,0.25115,0.11973,0.29994,0.48962,-0.0015732,0.21766,0.017625,0.07185,0.020463,-0.044902,0.035738,0.049484,0.29082,0.33479,-0.07186,0.02613,0.41524,-0.24505,0.26178,0.1952,0.39939,0.18534,0.080203,0.34566,-0.074912,-0.00017422
-0.27792,-0.40346,-0.15645,-0.24908,0.0011948,0.065051,-0.21845,-0.24206,0.013479,-0.067768,-0.39227,-0.48465,-0.22876,-0.3065,0.26547,0.27666,-0.46988,-0.40289,-0.29447,-0.2379,0.70612,0.68199,-0.032499,-0.17522,-0.12121,-0.51182,0.0083728,0.15043,0.29515,0.27141,-0.66093,-0.68103,-0.42049,-0.31284,0.30418,0.35451,1,0.91343,0.79662,0.78912,0.81106,0.29897,0.35497,0.37105,-0.055852,-0.015147,0.38586,0.33687,0.12012,0.073982,0.11417,0.15937,-0.44678,-0.35942,0.23414,0.2667,-0.28117,-0.36806,-0.058676,-0.086822,-0.19106,-0.24351,-0.4548,-0.3473,-0.1064,0.015542,0.080241,0.12808,-0.21915,-0.027645,0.17133,0.082051,0.26661,0.19558,-0.097452,0.067713,0.76485,0.72677,0.087643,0.25562,0.24317,0.0080377,0.62963,0.68032,0.2922,0.13907,0.49907,0.53391,-0.16766,0.079496
-0.26563,-0.37414,-0.13557,-0.2356,0.0098582,0.15218,-0.32924,-0.25913,-0.12973,-0.072342,-0.49746,-0.54173,-0.32752,-0.36123,0.17463,0.2651,-0.39691,-0.36704,-0.2902,-0.23703,0.65927,0.70671,-0.038882,-0.1495,-0.02794,-0.41569,0.0105,0.16962,0.33207,0.3076,-0.6024,-0.66809,-0.46774,-0.35048,0.37672,0.43365,0.91343,1,0.71633,0.80253,0.74273,0.36532,0.34848,0.44827,-0.007369,-0.014769,0.38923,0.38808,0.10905,0.075783,0.1252,0.20416,-0.42648,-0.4146,0.19992,0.19471,-0.26792,-0.3298,-0.15878,-0.15277,-0.30656,-0.3496,-0.43424,-0.40123,-0.14484,-0.047453,0.099304,0.20594,-0.13823,0.0012079,0.091103,0.058235,0.21901,0.169,-0.15427,0.0138,0.70862,0.64807,0.14771,0.32366,0.29573,0.07416,0.62942,0.73918,0.26014,0.19863,0.40216,0.55013,-0.19716,0.04785
-0.059174,-0.19462,-0.11021,-0.12949,-0.0026453,0.0076425,-0.011293,-0.046371,-0.03827,-0.075072,-0.30856,-0.38762,-0.18172,-0.1786,0.084411,0.14917,-0.70307,-0.546,-0.13378,-0.14712,0.63543,0.43653,0.038413,-0.041696,-0.19458,-0.57635,-0.008852,0.13985,-0.10409,-0.044544,-0.6362,-0.57464,-0.18183,-0.13155,0.056613,0.24493,0.79662,0.71633,1,0.55857,0.76413,-0.047468,0.34645,0.13706,-0.27162,-0.1331,0.45872,0.25791,0.085306,0.034064,0.088754,0.029013,-0.4641,-0.23686,0.50366,0.51829,-0.058045,-0.19336,0.10152,0.057585,-0.068156,-0.067928,-0.39811,-0.25936,-0.13196,0.011703,0.081643,-0.0383,-0.0074454,0.14177,0.097511,0.0076842,0.13779,0.14336,-0.10156,0.040054,0.76313,0.7603,-0.30581,-0.09975,0.065177,-0.21263,0.46856,0.37863,0.185,-0.0081039,0.61792,0.5833,-0.072935,0.091583
-0.24937,-0.33028,-0.25361,-0.2502,0.0040749,0.064102,-0.3451,-0.35161,-0.010791,-0.10537,-0.31353,-0.27538,-0.23508,-0.19447,0.29769,0.30819,-0.066939,-0.052052,-0.312,-0.24123,0.69202,0.78583,-0.19658,-0.25855,-0.081309,-0.28867,-0.076017,0.11492,0.53283,0.45144,-0.42668,-0.45718,-0.44448,-0.3385,0.27219,0.24964,0.78912,0.80253,0.55857,1,0.77558,0.71363,0.019411,0.24578,0.079663,-0.0072389,0.1147,0.10685,0.0977,0.045181,-0.042245,0.08555,-0.35629,-0.28108,-0.068235,0.040688,-0.23379,-0.28117,-0.12198,-0.080867,-0.1577,-0.21252,-0.26521,-0.1578,-0.11991,0.018288,0.15786,0.26855,-0.241,-0.1712,0.22623,0.14312,0.41398,0.25267,-0.1511,0.016958,0.47486,0.39334,0.28944,0.41717,0.1029,0.20545,0.71254,0.72853,0.098979,0.049135,0.41133,0.53484,-0.34804,-0.030206
-0.098534,-0.27553,-0.18466,-0.22428,-0.0085682,-0.034036,-0.13765,-0.21392,0.077825,-0.099627,-0.25279,-0.24587,-0.17751,-0.11195,0.33028,0.31555,-0.35171,-0.28124,-0.2101,-0.2065,0.82104,0.69737,-0.084209,-0.16193,-0.22688,-0.43544,-0.031708,0.17229,0.21944,0.22232,-0.49862,-0.43484,-0.24613,-0.1572,0.074507,0.15514,0.81106,0.74273,0.76413,0.77558,1,0.37707,0.075031,0.034119,-0.12205,-0.010969,0.090791,-0.016389,0.10624,0.015596,-0.010598,-0.010055,-0.42565,-0.28969,0.20681,0.17802,-0.15098,-0.26612,-0.017764,-0.0067322,-0.012027,-0.064051,-0.30573,-0.11774,-0.10625,0.015351,0.032291,0.041771,-0.24176,-0.081605,0.22057,0.11413,0.36352,0.27822,-0.0024661,0.16343,0.60169,0.57749,0.0068048,0.09986,0.065795,-0.025787,0.71543,0.53225,0.14297,-0.014371,0.69482,0.64569,-0.13989,0.072896
-0.17011,-0.1902,-0.19097,-0.19896,0.0096255,0.042243,-0.3425,-0.40367,-0.039924,-0.088603,-0.04034,-0.010078,-0.045318,-0.078042,0.33215,0.27734,0.48162,0.36728,-0.16907,-0.15956,0.29257,0.50239,-0.20271,-0.23962,0.023762,0.0851,-0.11749,0.0060098,0.6247,0.48395,0.00068355,-0.033799,-0.30166,-0.24399,0.23853,0.088017,0.29897,0.36532,-0.047468,0.71363,0.37707,1,-0.3368,0.062553,0.29288,0.082937,-0.29725,-0.18946,0.014067,-0.029026,-0.17523,-0.0095956,-0.082626,-0.14486,-0.43384,-0.33935,-0.11853,-0.13875,-0.18129,-0.15816,-0.078288,-0.19115,0.075352,0.049856,0.036144,-0.031546,0.086404,0.26209,-0.2842,-0.35938,0.3212,0.27023,0.48799,0.31177,0.023911,0.088502,-0.043864,-0.12355,0.47606,0.54019,0.094884,0.36208,0.53787,0.5058,-0.074841,-0.011875,0.062048,0.24595,-0.37145,-0.18329
0.017415,-0.046578,0.18974,0.051536,-0.20801,-0.10501,0.043999,0.018979,-0.28138,-0.1494,-0.2122,-0.45074,-0.092218,-0.40229,-0.1691,-0.14941,-0.42605,-0.32118,0.079689,0.2402,0.1083,0.083565,0.099697,0.039212,-0.14712,-0.47093,-0.11869,-0.11683,-0.028718,0.092732,-0.50329,-0.55027,-0.13359,-0.090657,0.31693,0.37048,0.35497,0.34848,0.34645,0.019411,0.075031,-0.3368,1,0.64711,0.19702,0.1329,0.59976,0.65788,0.24927,0.12921,0.27761,0.31981,-0.1832,-0.095834,0.31571,0.3794,0.014698,0.012513,0.14266,0.0070898,-0.23612,-0.20266,-0.19056,-0.38763,-0.032403,-0.020167,0.20079,0.082234,0.080451,0.39514,-0.10645,-0.15939,-0.064774,0.0046624,0.048884,0.15332,0.49032,0.53514,0.032609,0.11657,0.31459,0.017812,-0.11173,0.24364,0.24923,0.36688,-0.1103,-0.11878,0.091782,-0.024615
-0.11055,-0.088355,0.014622,0.068745,-0.16482,-0.01255,-0.22552,-0.0012658,-0.24426,-0.14389,-0.32726,-0.32696,-0.25551,-0.30114,-0.19041,-0.098077,-0.096672,-0.035707,-0.073764,0.074741,0.0423,0.20353,-0.071187,-0.10383,-0.030615,-0.28995,-0.1262,-0.18501,0.37515,0.36365,-0.34819,-0.50578,-0.30959,-0.20097,0.37173,0.34407,0.37105,0.44827,0.13706,0.24578,0.034119,0.062553,0.64711,1,0.15396,0.11404,0.51524,0.68227,0.062514,0.077371,0.15645,0.24032,-0.16589,-0.27026,0.063777,0.064836,-0.077452,-0.04779,-0.013419,0.043402,-0.21069,-0.21467,-0.15709,-0.27218,-0.093648,0.062864,0.25078,0.38013,-0.040279,0.10418,-0.067122,-0.037848,0.098657,0.089792,-0.035601,-0.035371,0.34706,0.32864,0.30248,0.40643,0.28223,0.1968,0.017818,0.46788,0.11986,0.32773,-0.25531,-0.1662,-0.11853,-0.093859
-0.28167,-0.36009,0.079342,-0.29675,0.026769,0.15031,-0.19014,-0.36122,-0.11406,0.1768,-0.03007,-0.27763,0.078202,-0.24953,0.20094,0.21718,0.34149,0.091795,-0.12037,-0.012927,-0.054884,0.075277,0.071379,-0.10834,0.33473,0.23382,0.069892,0.040433,0.21381,0.16476,0.076828,0.050807,-0.087313,-0.18936,0.51252,0.34611,-0.055852,-0.007369,-0.27162,0.079663,-0.12205,0.29288,0.19702,0.15396,1,0.69839,-0.22354,-0.0026075,0.6796,0.59593,0.4101,0.65263,0.28689,0.27869,-0.4793,-0.28783,-0.14683,-0.28394,-0.031437,-0.36023,-0.25652,-0.33962,0.074832,-0.40228,0.43004,0.18082,0.16126,0.2172,-0.12985,-0.07613,0.17481,0.13183,0.12584,0.034263,0.086379,0.034481,-0.26038,-0.22641,0.34108,0.38172,0.22572,0.31471,0.024093,0.10567,0.23349,0.43625,-0.27581,-0.098657,-0.060915,0.098858
-0.28659,-0.42382,-0.10686,-0.2967,0.080887,0.08133,-0.18064,-0.1412,0.090597,0.28834,-0.076531,-0.09359,-0.075202,-0.020262,0.076363,0.17594,0.20656,0.059251,-0.18807,-0.032299,-0.065983,0.039339,-0.060714,-0.16457,0.13067,0.1067,0.097376,0.053545,0.11906,0.11601,0.042363,0.07204,-0.0044039,-0.02307,0.17068,0.13473,-0.015147,-0.014769,-0.1331,-0.0072389,-0.010969,0.082937,0.1329,0.11404,0.69839,1,-0.25772,-0.021754,0.59481,0.70517,0.39753,0.53448,0.29674,0.27055,-0.27631,-0.334,-0.14431,-0.37984,0.0018442,-0.13418,-0.033307,-0.063767,0.1417,-0.23636,0.35833,0.35321,-0.077949,0.068808,-0.26282,-0.13425,0.051039,0.025099,0.094921,0.055351,0.13585,0.040167,-0.19924,-0.086267,0.24143,0.19688,0.12632,0.22957,0.018409,-0.0599,0.082445,0.4144,-0.14654,-0.10856,0.0070611,0.25096
0.058148,0.18169,-0.12137,0.023609,-0.18684,-0.14311,0.0048269,0.059968,-0.16868,-0.22902,-0.25729,-0.30922,-0.1389,-0.22925,-0.265,-0.21649,-0.46348,-0.23548,-0.052831,0.1107,0.041487,0.057606,-0.14201,-0.17535,-0.21808,-0.53832,-0.23079,-0.21526,0.066129,0.11722,-0.56636,-0.67604,-0.42062,-0.38829,0.047071,0.10464,0.38586,0.38923,0.45872,0.1147,0.090791,-0.29725,0.59976,0.51524,-0.22354,-0.25772,1,0.82244,-0.055315,-0.18821,0.081224,-0.039015,-0.25455,-0.094378,0.37686,0.5727,0.05855,0.14166,0.15817,0.1426,-0.17144,-0.15532,-0.31718,-0.21303,-0.24128,-0.19388,0.12042,-0.056471,0.37464,0.41617,-0.14139,-0.2104,-0.1577,-0.098584,-0.25155,-0.21813,0.54959,0.47384,-0.12223,0.065234,0.10538,-0.01108,-0.13795,0.36931,0.11178,0.096641,-0.06742,-0.089261,-0.018566,-0.087903
-0.066474,-0.015167,-0.071542,-0.083943,-0.18849,-0.031615,-0.11606,-0.042124,-0.18984,-0.10972,-0.31917,-0.41552,-0.20037,-0.34275,-0.20107,-0.10572,-0.28743,-0.20641,-0.12306,0.047204,-0.025918,0.10313,-0.12929,-0.23632,-0.11147,-0.39997,-0.095583,-0.12424,0.16513,0.19445,-0.52587,-0.66174,-0.44205,-0.43438,0.19349,0.17734,0.33687,0.38808,0.25791,0.10685,-0.016389,-0.18946,0.65788,0.68227,-0.0026075,-0.021754,0.82244,1,0.03162,-0.064241,0.21937,0.12519,-0.03335,-0.18031,0.28409,0.38984,-0.13587,-0.044921,-0.03232,-0.038083,-0.30367,-0.28818,-0.31916,-0.32868,-0.16654,-0.18793,0.011452,-0.014456,0.15997,0.31198,-0.22858,-0.26021,-0.24386,-0.17585,-0.20768,-0.12213,0.43124,0.37819,0.10051,0.26516,0.23964,0.10863,-0.093427,0.41068,0.25956,0.29286,-0.21162,-0.15174,0.16868,0.11645
-0.13476,-0.32571,0.023827,-0.34788,0.064175,0.15873,-0.0052647,-0.22348,0.04622,0.19264,-0.063363,-0.31568,0.084193,-0.20753,0.18207,0.13435,-0.012591,-0.24921,-0.19529,-0.064474,0.086169,0.099576,0.060317,-0.18397,0.24033,0.056152,0.16979,0.16034,-0.065027,-0.10326,-0.13665,-0.075644,-0.056755,-0.14817,0.32532,0.27872,0.12012,0.10905,0.085306,0.0977,0.10624,0.014067,0.24927,0.062514,0.6796,0.59481,-0.055315,0.03162,1,0.76997,0.72791,0.72792,0.22666,0.31685,-0.17781,-0.0012937,-0.055078,-0.29132,0.25847,-0.060409,0.0075872,-0.080742,-0.076948,-0.37999,0.43021,0.34002,0.31014,0.19763,-0.047535,0.10732,0.10452,-0.0024917,-0.034486,-0.10682,-0.11101,-0.12645,-0.039873,-0.019068,-0.043261,0.044217,-0.0020981,-0.0673,0.034525,-0.018753,0.29469,0.24486,0.028189,0.076375,0.011164,0.20409
-0.34571,-0.4443,0.0095809,-0.28448,0.057099,0.16171,-0.035768,-0.017821,0.055606,0.31817,-0.12455,-0.18764,-0.010322,-0.032375,0.042759,0.092029,0.01116,-0.22734,-0.2598,-0.13503,-0.031321,-0.019802,0.093222,-0.10023,0.31737,0.1513,0.1408,0.079869,-0.0959,-0.17208,0.033042,0.091375,0.058954,0.0098247,0.32906,0.32433,0.073982,0.075783,0.034064,0.045181,0.015596,-0.029026,0.12921,0.077371,0.59593,0.70517,-0.18821,-0.064241,0.76997,1,0.5745,0.76043,0.22819,0.35485,-0.20307,-0.15192,-0.18166,-0.42674,0.15907,-0.034695,0.0073139,-0.0025317,-0.04904,-0.37584,0.41064,0.55066,0.2445,0.28914,-0.081303,0.021458,0.049627,0.023499,-0.087437,-0.17072,-0.10239,-0.16866,-0.15693,-0.081075,-0.070596,-0.047279,-0.064121,-0.083297,-0.0026384,-0.1417,0.18114,0.26308,-0.039543,0.024016,-0.040278,0.29797
-0.11733,-0.31584,0.081483,-0.25188,0.16437,0.37524,-0.068863,-0.18977,-0.037921,0.24307,-0.13067,-0.51229,0.02548,-0.43012,0.21402,0.10188,-0.14721,-0.43562,-0.2198,-0.2014,-0.016999,-0.012488,0.23552,-0.1313,0.41611,0.212,0.3971,0.34849,-0.28178,-0.32337,-0.051381,-0.015681,-0.18203,-0.21934,0.38233,0.37388,0.11417,0.1252,0.088754,-0.042245,-0.010598,-0.17523,0.27761,0.15645,0.4101,0.39753,0.081224,0.21937,0.72791,0.5745,1,0.72844,0.47435,0.30436,0.14991,0.23341,-0.051136,-0.27457,0.15978,-0.10038,-0.09889,-0.16818,-0.15878,-0.43756,0.44286,0.18812,0.1218,0.03442,0.049154,0.1339,-0.090145,-0.16963,-0.33791,-0.32527,-0.17744,-0.25249,0.00046383,-0.0015795,-0.23861,-0.10445,0.053725,-0.38549,0.068123,-0.11324,0.5422,0.083999,0.098676,0.19148,0.28909,0.4548
