1,0.66506,0.61141,0.10159,-0.3717,-0.45605,0.45505,0.031209,-0.37043,-0.37827,0.56324,0.050797,0.42624,-0.28811,-0.2827,-0.51885,0.15528,0.07453,0.39776,0.28558,-0.49561,-0.34934,0.27609,0.041568,-0.29578,-0.4301,-0.35027,-0.42631,-0.14164,-0.33895,-0.093975,-0.021133,0.14531,-0.043485,-0.26178,-0.43973,-0.17015,-0.26206,-0.24894,-0.27547,-0.27193,0.032487,-0.21674,-0.5523,-0.19136,-0.080451,-0.369,-0.44064,0.18053,0.078947,0.24152,0.092067,-0.22477,-0.17404,-0.056322,-0.26891,0.78926,0.77013,0.55976,0.40079,0.67367,0.42034,0.48874,0.34118,0.29428,-0.031629,-0.093766,-0.14628,0.65925,0.29115,-0.20458,-0.35744,-0.27878,-0.31082,-0.47671,-0.53158,-0.3871,-0.45976,-0.048175,-0.12927,-0.20539,-0.29586,-0.437,-0.5833,-0.10993,-0.48312,-0.12791,0.048967,-0.19713,-0.4696
0.66506,1,0.58652,0.49833,-0.42593,-0.41189,0.4478,0.47014,-0.4557,-0.42642,0.12758,0.40682,0.055736,0.16217,-0.4217,-0.41372,-0.16833,0.011306,0.56679,0.52541,-0.47742,-0.42556,0.38493,0.25708,-0.38899,-0.50519,-0.43944,-0.48436,-0.095655,-0.17206,-0.13039,-0.012877,0.21289,0.11911,-0.2456,-0.20579,-0.21418,-0.2972,-0.27521,-0.33238,-0.1841,-0.11755,-0.2218,-0.31788,-0.11809,0.024047,-0.42555,-0.40917,0.10251,0.16125,0.05506,0.20973,-0.23848,-0.18417,-0.085723,-0.36403,0.4581,0.77106,0.65148,0.60173,0.48162,0.60911,0.27811,0.47804,0.26096,0.40735,0.20786,0.06991,0.79436,0.46072,-0.1329,-0.24066,-0.17815,-0.22454,-0.49453,-0.465,-0.19374,-0.25825,-0.21779,-0.17861,-0.27073,-0.0050363,-0.41373,-0.39876,-0.2769,-0.17379,-0.22895,-0.043961,-0.37831,-0.29837
0.61141,0.58652,1,0.64605,-0.19522,-0.29078,0.79352,0.51734,-0.26258,-0.26179,0.054685,0.15308,0.17233,0.01844,-0.20604,-0.32002,-0.27749,-0.31985,0.57103,0.55384,-0.38984,-0.26908,0.72914,0.62709,-0.18251,-0.26077,-0.28667,-0.36651,-0.21677,-0.31076,0.10368,0.24845,-0.011763,0.043762,-0.10977,-0.018679,-0.32266,-0.31447,-0.23722,-0.32771,-0.23513,-0.1078,0.01297,-0.12335,-0.018058,0.0265,-0.32936,-0.35642,0.11908,0.076393,0.26949,0.24627,-0.32559,-0.38736,-0.20381,-0.403,0.34865,0.50095,0.47454,0.43114,0.35629,0.38091,0.14746,0.071253,0.51375,0.32783,0.1372,0.1232,0.55992,0.44977,-0.11421,-0.14877,-0.2774,-0.24613,-0.46843,-0.44306,-0.21526,-0.20062,-0.249,-0.21607,-0.45499,-0.40718,-0.32099,-0.35531,-0.20718,-0.17998,-0.10387,0.012477,-0.25185,-0.2674
0.10159,0.49833,0.64605,1,-0.13641,-0.072537,0.57602,0.86039,-0.24125,-0.15597,-0.35687,0.51381,-0.18862,0.57903,-0.27488,0.0059236,-0.44712,-0.32932,0.59096,0.67238,-0.21621,-0.21436,0.7334,0.8471,-0.11574,-0.074118,-0.20008,-0.22661,-0.12702,-0.05129,0.21427,0.39906,0.1614,0.35004,0.16534,0.392,-0.34797,-0.27465,-0.20558,-0.27258,-0.09764,-0.19393,0.065347,0.23208,0.016261,0.081165,-0.18751,-0.19697,-0.12286,-0.064736,-0.024737,0.20881,-0.33812,-0.37102,-0.32986,-0.43749,-0.1566,0.14708,0.18447,0.20928,-0.099728,0.11279,-0.092386,-0.049239,0.317,0.50672,0.31498,0.24764,0.41626,0.53216,0.035468,0.13418,-0.11903,-0.044026,-0.35242,-0.1851,-0.048502,0.025046,-0.36743,-0.3138,-0.27332,-0.095054,-0.1771,0.028062,-0.10659,0.32338,-0.19835,-0.14722,-0.23462,0.11551
-0.3717,-0.42593,-0.19522,-0.13641,1,0.91834,-0.23309,-0.10565,0.86231,0.86453,-0.077881,-0.13667,0.049567,0.17499,0.84788,0.76284,-0.0027144,0.045821,-0.32195,-0.294,0.65418,0.41782,-0.14587,0.065554,0.78773,0.72024,0.81861,0.69374,0.065983,0.12455,0.33793,0.24757,-0.27198,-0.16684,-0.13491,-0.001447,0.038747,0.1975,0.079857,0.2939,0.17751,0.302,-0.035694,-0.074175,-0.11013,-0.31426,-0.078042,-0.071232,-0.17553,-0.27835,-0.13324,-0.11057,0.031982,-0.10815,0.0035719,0.18453,-0.30986,-0.48566,-0.39804,-0.3489,-0.32926,-0.22686,-0.11099,-0.22717,-0.15708,-0.16658,-0.17984,-0.15191,-0.43914,-0.35214,0.23466,0.32178,0.21392,0.26026,0.48645,0.45699,0.10158,0.10495,-0.04423,-0.18328,0.020203,0.050758,0.31486,0.45404,0.028393,0.18075,0.61744,0.34169,0.20074,0.34606
-0.45605,-0.41189,-0.29078,-0.072537,0.91834,1,-0.25002,-0.048395,0.8859,0.92937,-0.10133,-0.01418,0.023621,0.31407,0.79288,0.85963,-0.043995,0.066673,-0.25983,-0.3003,0.67112,0.40583,-0.10618,0.067076,0.80902,0.81413,0.84008,0.75653,0.050654,0.16211,0.3511,0.2259,-0.14778,-0.11502,-0.077643,0.052306,0.033336,0.16373,0.072811,0.27632,0.21458,0.27337,0.0011915,0.0026439,-0.058823,-0.33748,-0.047938,-0.021657,-0.14718,-0.28447,-0.11752,-0.092021,0.0099852,-0.10469,-0.098548,0.14073,-0.39319,-0.53013,-0.43271,-0.39984,-0.37694,-0.32466,-0.16567,-0.25032,-0.20478,-0.1697,-0.093505,-0.14542,-0.45122,-0.30055,0.27152,0.38177,0.23328,0.26527,0.48063,0.5161,0.16528,0.13138,-0.06346,-0.22326,0.016108,0.099292,0.29826,0.52686,-0.013877,0.27608,0.46987,0.28809,0.12266,0.39847
0.45505,0.4478,0.79352,0.57602,-0.23309,-0.25002,1,0.64716,-0.1671,-0.22988,0.15507,0.37925,0.38897,0.18117,-0.22974,-0.26146,-0.1489,-0.18526,0.47897,0.45216,-0.38838,-0.28584,0.49507,0.37917,-0.21,-0.18161,-0.21523,-0.25795,-0.03905,-0.086295,0.059738,0.1463,0.22023,0.23588,-0.021953,0.037267,-0.29125,-0.28466,-0.18786,-0.33076,-0.17573,-0.16551,-0.14838,-0.18289,0.082394,0.085692,-0.45326,-0.46199,0.12966,0.022248,0.3035,0.31772,-0.39462,-0.41324,-0.3191,-0.48591,0.16689,0.30968,0.29415,0.22877,0.32801,0.25897,0.28993,0.14225,0.69362,0.41579,0.069013,-0.0043154,0.4075,0.30587,-0.048321,-0.10716,-0.14561,-0.11969,-0.33098,-0.29895,-0.17468,-0.19632,-0.20331,-0.082204,-0.32151,-0.25518,-0.35118,-0.26957,-0.2127,-0.14578,-0.26564,-0.097876,-0.25314,-0.28473
0.031209,0.47014,0.51734,0.86039,-0.10565,-0.048395,0.64716,1,-0.13934,-0.14535,-0.2539,0.67286,-0.034009,0.68474,-0.18743,0.044823,-0.39183,-0.26841,0.51326,0.63456,-0.17387,-0.21712,0.44541,0.59749,-0.22493,-0.15585,-0.16916,-0.20093,0.056687,0.14241,0.017572,0.18121,0.14868,0.3363,0.13612,0.38507,-0.20357,-0.1668,-0.11465,-0.22627,0.00019634,-0.16592,-0.1476,0.077067,0.031981,0.13995,-0.30852,-0.32833,-0.10053,-0.072354,-0.0012055,0.29005,-0.42969,-0.44213,-0.26734,-0.40058,-0.29815,0.031333,0.12498,0.17322,-0.12314,0.17392,0.00082523,0.052041,0.45308,0.69352,0.25128,0.17328,0.34502,0.38447,0.094777,0.15252,0.044512,0.10435,-0.17929,-0.038574,0.03086,0.077097,-0.38408,-0.23794,-0.15424,0.078249,-0.10851,0.12334,-0.067796,0.33621,-0.17916,-0.13812,-0.074233,0.16094
-0.37043,-0.4557,-0.26258,-0.24125,0.86231,0.8859,-0.1671,-0.13934,1,0.91364,0.10134,-0.07018,0.24174,0.15846,0.85725,0.72691,0.13245,0.1548,-0.37846,-0.42229,0.61183,0.35422,-0.16447,-0.083814,0.72501,0.75613,0.82673,0.68387,0.043829,0.12607,0.24286,0.11209,-0.19305,-0.17354,-0.13774,-0.055719,0.11441,0.15631,0.10252,0.22614,0.18142,0.26743,-0.043512,-0.12533,-0.082516,-0.34214,-0.076313,-0.062004,-0.11882,-0.25198,-0.018337,-0.041813,0.02786,-0.086374,-0.061783,0.10247,-0.30632,-0.48585,-0.47376,-0.45792,-0.28617,-0.31169,-0.052067,-0.15785,-0.12745,-0.21846,-0.25702,-0.2537,-0.54861,-0.44152,0.20123,0.28012,0.18547,0.22206,0.52475,0.47326,0.095263,0.051674,0.0053725,-0.11263,0.041338,0.046109,0.23467,0.38271,-0.00079302,0.13883,0.40887,0.17679,0.20795,0.23691
-0.37827,-0.42642,-0.26179,-0.15597,0.86453,0.92937,-0.22988,-0.14535,0.91364,1,0.050551,-0.013064,0.16655,0.26795,0.8248,0.83128,0.069412,0.15093,-0.32847,-0.38926,0.62664,0.3755,-0.063659,0.046245,0.79704,0.79849,0.829,0.6929,0.025188,0.11304,0.34589,0.23892,-0.13419,-0.13166,-0.033201,0.02537,0.031749,0.14548,0.040754,0.26365,0.14336,0.29802,0.028703,-0.062885,-0.10594,-0.37681,-0.0016762,-0.025621,-0.17204,-0.30466,-0.03959,-0.071949,-0.025555,-0.13829,-0.12055,0.09015,-0.3156,-0.49233,-0.47779,-0.47538,-0.32444,-0.37206,-0.10083,-0.22986,-0.17213,-0.25521,-0.20951,-0.25398,-0.49837,-0.3836,0.19997,0.30719,0.1753,0.21214,0.47677,0.47953,0.077103,0.043173,0.025375,-0.16495,0.031287,0.052839,0.21191,0.42899,0.046001,0.23971,0.42494,0.24968,0.16719,0.35322
0.56324,0.12758,0.054685,-0.35687,-0.077881,-0.10133,0.15507,-0.2539,0.10134,0.050551,1,0.11671,0.85703,-0.19743,0.13862,-0.13134,0.62673,0.42868,-0.0069286,-0.19973,-0.16678,-0.17045,-0.088118,-0.33127,0.013677,-0.044436,0.061205,-0.048416,0.15871,-0.0094037,0.000621,-0.078616,0.32306,0.049387,-0.15665,-0.46202,0.032415,-0.018745,-0.16494,-0.15558,-0.17035,0.15787,-0.39028,-0.747,-0.34828,-0.31176,-0.31629,-0.43354,-0.009313,-0.18629,0.16949,-0.015519,-0.20135,-0.095251,-0.17496,-0.20295,0.48196,0.31774,-0.066755,-0.1551,0.40221,0.027643,0.40928,0.23961,0.11031,-0.34963,-0.39412,-0.39208,0.1135,-0.14445,-0.03306,-0.13608,0.047695,0.036125,0.058268,-0.05667,-0.17159,-0.29909,0.30822,0.20108,0.18356,-0.0010152,-0.22312,-0.34085,0.15808,-0.33526,-0.089537,-0.067177,0.12093,-0.31511
0.050797,0.40682,0.15308,0.51381,-0.13667,-0.01418,0.37925,0.67286,-0.07018,-0.013064,0.11671,1,0.28255,0.79256,-0.011573,0.18308,-0.17119,-0.029178,0.41093,0.41026,-0.0217,-0.17414,0.26446,0.26583,-0.11454,-0.092372,-0.015443,-0.079735,0.27408,0.30934,0.070532,0.16073,0.42591,0.44676,0.32471,0.40696,-0.03523,-0.057954,-0.12249,-0.17013,0.035034,-0.027117,-0.2634,-0.127,-0.16595,-0.036446,-0.22397,-0.29965,-0.32313,-0.29519,-0.0099204,0.25945,-0.48762,-0.42915,-0.30905,-0.42886,-0.30613,-0.037679,-0.1565,-0.15315,-0.19299,-0.10381,-0.0035413,0.012544,0.36772,0.42495,0.0081397,-0.096364,0.21851,0.13993,0.2467,0.23519,0.30444,0.27333,0.083303,0.16955,0.14912,0.096036,-0.11164,-0.088241,0.051484,0.27148,-0.13498,0.086908,0.17391,0.43695,-0.25308,-0.16554,0.043416,0.22897
0.42624,0.055736,0.17233,-0.18862,0.049567,0.023621,0.38897,-0.034009,0.24174,0.16655,0.85703,0.28255,1,0.0061668,0.27398,0.005106,0.41842,0.28125,0.040714,-0.1168,-0.083622,-0.11736,0.026368,-0.21353,0.11475,0.076756,0.17976,0.060776,0.19242,0.10688,0.079227,0.0018884,0.28433,0.11675,-0.067095,-0.29366,-0.035647,-0.054274,-0.18152,-0.22754,-0.17113,0.087643,-0.42065,-0.67213,-0.30572,-0.28911,-0.35677,-0.44422,-0.05428,-0.24089,0.27791,0.083668,-0.26391,-0.20567,-0.29094,-0.31639,0.2606,0.12556,-0.1614,-0.232,0.28951,-0.063702,0.315,0.13126,0.31924,-0.19431,-0.37803,-0.36998,0.029444,-0.14675,0.1117,0.021149,0.13576,0.14236,0.15979,0.059262,-0.083462,-0.19427,0.2175,0.18541,0.10661,-0.0060532,-0.17746,-0.23994,0.2069,-0.20982,-0.085701,-0.067308,0.16725,-0.23077
-0.28811,0.16217,0.01844,0.57903,0.17499,0.31407,0.18117,0.68474,0.15846,0.26795,-0.19743,0.79256,0.0061668,1,0.13593,0.49836,-0.28084,-0.06302,0.23302,0.29793,0.20912,0.0033525,0.22174,0.42455,0.15364,0.18762,0.19925,0.14949,0.24817,0.38416,0.20458,0.25661,0.26013,0.38325,0.34486,0.5341,-0.099675,-0.039507,-0.12819,-0.087281,0.11427,0.012918,-0.11163,0.12485,-0.12171,-0.044048,-0.13842,-0.1774,-0.34123,-0.29922,-0.16209,0.099228,-0.3455,-0.35304,-0.36516,-0.33615,-0.54302,-0.31627,-0.25796,-0.23086,-0.39993,-0.2102,-0.1115,-0.090716,0.16666,0.37926,0.10894,0.010228,0.0073503,0.097343,0.27318,0.3372,0.3343,0.35329,0.19464,0.33723,0.17182,0.1714,-0.19184,-0.18793,0.13711,0.37303,0.028759,0.39954,0.19462,0.60319,-0.048593,-0.09227,0.05208,0.48562
-0.2827,-0.4217,-0.20604,-0.27488,0.84788,0.79288,-0.22974,-0.18743,0.85725,0.8248,0.13862,-0.011573,0.27398,0.13593,1,0.75967,0.052042,0.0068993,-0.24071,-0.25418,0.69014,0.46097,-0.13947,-0.04828,0.63504,0.58654,0.75831,0.63135,0.23798,0.25242,0.21098,0.12351,-0.25533,-0.21608,-0.083318,0.013848,0.25192,0.28896,0.20077,0.35509,0.27972,0.39312,-0.10298,-0.16116,-0.16468,-0.35814,-0.0048636,-0.010433,-0.25136,-0.37914,-0.016054,-0.090139,-0.074328,-0.21427,0.081697,0.2102,-0.32669,-0.49716,-0.45589,-0.40735,-0.36759,-0.30696,-0.19181,-0.32648,-0.083021,-0.20851,-0.23996,-0.18519,-0.43735,-0.39169,0.27078,0.34799,0.33365,0.34914,0.63724,0.56133,0.26108,0.21297,0.028747,-0.095436,0.078106,0.086915,0.39472,0.43928,0.13874,0.17901,0.58505,0.31775,0.3898,0.35605
-0.51885,-0.41372,-0.32002,0.0059236,0.76284,0.85963,-0.26146,0.044823,0.72691,0.83128,-0.13134,0.18308,0.005106,0.49836,0.75967,1,-0.12841,-0.080265,-0.10042,-0.1083,0.71248,0.46804,-0.058982,0.15718,0.64903,0.67202,0.71784,0.66513,0.26103,0.39859,0.28891,0.21886,-0.013566,0.019341,0.12026,0.27875,0.12331,0.27287,0.16268,0.38479,0.3385,0.30423,-0.052351,0.1116,-0.085697,-0.3085,0.016921,0.01404,-0.25254,-0.41311,-0.12318,-0.13967,-0.039268,-0.18328,-0.12184,0.16055,-0.58094,-0.66151,-0.50224,-0.45985,-0.57109,-0.45899,-0.36418,-0.4584,-0.18305,-0.14946,0.0089096,-0.03441,-0.3935,-0.20655,0.33754,0.51832,0.39144,0.43016,0.59448,0.68113,0.34847,0.33226,-0.0058963,-0.17294,0.16687,0.25761,0.4912,0.72608,0.16319,0.47264,0.47297,0.29546,0.2387,0.62387
0.15528,-0.16833,-0.27749,-0.44712,-0.0027144,-0.043995,-0.1489,-0.39183,0.13245,0.069412,0.62673,-0.17119,0.41842,-0.28084,0.052042,-0.12841,1,0.7043,-0.34475,-0.35721,-0.042164,-0.032753,-0.32949,-0.38518,0.012551,0.023482,0.020433,-0.014378,0.2294,0.092219,-0.05863,-0.15405,0.20467,0.035646,-0.19053,-0.38855,0.040469,0.063048,-0.036678,-0.013453,-0.078147,0.11768,-0.34684,-0.4862,-0.21305,-0.11112,-0.19712,-0.22864,-0.030761,-0.059461,-0.15485,-0.18415,0.020305,0.093384,0.011079,0.052666,0.38729,0.13549,-0.1727,-0.21304,0.28085,0.033949,0.45754,0.37187,-0.17712,-0.38605,-0.32114,-0.20851,-0.17123,-0.20279,-0.10565,-0.17702,0.0074032,0.069964,0.13861,0.015642,-0.16916,-0.19649,0.53133,0.38401,0.47077,0.18548,-0.093322,-0.15993,0.042092,-0.3126,-0.084373,-0.16351,0.033524,-0.24343
0.07453,0.011306,-0.31985,-0.32932,0.045821,0.066673,-0.18526,-0.26841,0.1548,0.15093,0.42868,-0.029178,0.28125,-0.06302,0.0068993,-0.080265,0.7043,1,-0.36795,-0.41291,-0.00921,-0.060068,-0.30892,-0.36901,0.13762,0.086056,0.094429,0.059993,0.15175,0.12422,0.0054427,-0.11283,0.1346,-0.015791,-0.28307,-0.43276,-0.082437,-0.07482,-0.15503,-0.13122,-0.1107,0.027313,-0.26013,-0.43773,-0.24131,-0.098865,-0.19618,-0.18335,-0.036039,0.070622,-0.18071,-0.099507,0.023728,0.19114,-0.10076,-0.025108,0.354,0.21027,-0.12309,-0.18893,0.28688,0.10962,0.51705,0.63086,-0.2009,-0.2285,-0.32048,-0.40854,-0.1437,-0.24064,-0.12056,-0.18064,0.024553,0.033816,0.066373,-0.021365,-0.23395,-0.28537,0.26511,0.26782,0.33998,0.29328,-0.23822,-0.18977,-0.10604,-0.28861,-0.11839,-0.1653,-0.15041,-0.27512
0.39776,0.56679,0.57103,0.59096,-0.32195,-0.25983,0.47897,0.51326,-0.37846,-0.32847,-0.0069286,0.41093,0.040714,0.23302,-0.24071,-0.10042,-0.34475,-0.36795,1,0.85313,-0.23973,-0.26333,0.59422,0.46586,-0.3236,-0.34878,-0.3163,-0.28763,-0.085112,-0.10796,-0.093964,0.02968,0.27603,0.13744,0.061004,0.11785,-0.064888,-0.022164,-0.0039295,-0.043137,-0.013371,-0.055613,-0.23947,-0.064974,0.19156,0.070284,-0.25289,-0.20016,0.083005,0.027859,0.15006,0.20348,-0.35217,-0.28236,-0.07746,-0.14873,0.052091,0.29627,0.30806,0.34219,0.069164,0.19234,-0.19508,-0.12662,0.3647,0.32145,0.56434,0.44922,0.64717,0.72031,0.096123,0.15954,-0.027262,-0.048276,-0.27164,-0.16793,0.20175,0.1782,-0.2491,-0.20588,-0.2957,-0.17836,-0.016793,-0.067216,-0.10189,0.063472,-0.17693,0.079449,-0.042008,0.078638
0.28558,0.52541,0.55384,0.67238,-0.294,-0.3003,0.45216,0.63456,-0.42229,-0.38926,-0.19973,0.41026,-0.1168,0.29793,-0.25418,-0.1083,-0.35721,-0.41291,0.85313,1,-0.25765,-0.25979,0.51859,0.56019,-0.43378,-0.42745,-0.37977,-0.35547,-0.00079769,0.020222,-0.10809,0.10387,0.18188,0.28619,0.058503,0.26172,-0.066635,0.012415,0.067882,-0.026881,0.065693,-0.10864,-0.25877,0.023368,0.090478,0.16792,-0.26224,-0.20358,-0.052221,-0.010278,-0.013828,0.11607,-0.30377,-0.32056,0.013054,-0.12799,-0.075572,0.16585,0.32293,0.35995,-0.028616,0.22162,-0.12292,-0.11711,0.34631,0.47049,0.48576,0.51321,0.62949,0.74955,0.039588,0.13473,0.0068117,0.067782,-0.22703,-0.13015,0.14722,0.22144,-0.30602,-0.20976,-0.15873,-0.056805,0.058474,0.0080188,-0.059129,0.11438,-0.11854,0.040081,0.0014365,0.12505
-0.49561,-0.47742,-0.38984,-0.21621,0.65418,0.67112,-0.38838,-0.17387,0.61183,0.62664,-0.16678,-0.0217,-0.083622,0.20912,0.69014,0.71248,-0.042164,-0.00921,-0.23973,-0.25765,1,0.73645,-0.18578,-0.039717,0.60914,0.61765,0.6854,0.70066,0.3247,0.36882,0.22775,0.095926,-0.19902,-0.23334,0.094694,0.18654,0.085888,0.14365,0.12714,0.29373,0.35986,0.3124,-0.043336,0.10478,-0.010199,-0.19206,0.18091,0.16373,-0.23198,-0.26664,-0.16598,-0.11639,0.017389,-0.040973,-0.050243,0.23512,-0.47114,-0.54186,-0.51999,-0.41029,-0.53676,-0.36313,-0.37577,-0.33668,-0.28477,-0.20958,-0.029936,-0.00045881,-0.48667,-0.25387,0.57327,0.56343,0.46319,0.39859,0.60558,0.61569,0.35736,0.36437,0.094359,0.0045275,0.21357,0.25742,0.49359,0.62139,0.14955,0.35222,0.4469,0.23987,0.27287,0.54857
-0.34934,-0.42556,-0.26908,-0.21436,0.41782,0.40583,-0.28584,-0.21712,0.35422,0.3755,-0.17045,-0.17414,-0.11736,0.0033525,0.46097,0.46804,-0.032753,-0.060068,-0.26333,-0.25979,0.73645,1,-0.23061,-0.053463,0.43002,0.44184,0.39036,0.47699,0.43877,0.45499,0.090094,-0.00065672,-0.32526,-0.37093,-0.011501,0.063045,-0.055474,-0.05327,0.020371,0.20264,0.3243,0.3712,0.069177,0.13671,0.01243,-0.046688,0.23021,0.21075,-0.022474,-0.12832,-0.028933,-0.10239,0.1342,0.018217,-0.036365,0.26273,-0.28366,-0.38823,-0.29256,-0.22745,-0.37422,-0.24536,-0.30685,-0.27984,-0.19727,-0.21758,0.0044147,0.0084737,-0.41103,-0.16956,0.40705,0.40462,0.26899,0.27111,0.37515,0.38719,0.26013,0.28857,0.08126,-0.028508,0.26002,0.27046,0.43256,0.62129,0.11546,0.20221,0.38467,0.18675,0.13358,0.43148
0.27609,0.38493,0.72914,0.7334,-0.14587,-0.10618,0.49507,0.44541,-0.16447,-0.063659,-0.088118,0.26446,0.026368,0.22174,-0.13947,-0.058982,-0.32949,-0.30892,0.59422,0.51859,-0.18578,-0.23061,1,0.82921,0.043135,0.029972,-0.094887,-0.18219,-0.31264,-0.29748,0.32791,0.46758,0.14157,0.21638,0.18678,0.2316,-0.28651,-0.24902,-0.18485,-0.23631,-0.19443,-0.12557,0.18896,0.15977,-0.072344,-0.11803,-0.0172,-0.056691,-0.14933,-0.086723,0.11314,0.13502,-0.32346,-0.32169,-0.33848,-0.41285,0.068546,0.23377,0.12294,0.11817,0.014677,-0.0096933,-0.15276,-0.19206,0.22585,0.14105,0.17243,0.17303,0.34098,0.46895,0.0026918,0.095302,-0.19937,-0.1754,-0.33392,-0.22649,-0.062961,-0.027357,-0.1978,-0.25774,-0.39487,-0.37319,-0.22564,-0.20591,-0.034141,0.13723,-0.19074,-0.077716,-0.16429,-0.032644
0.041568,0.25708,0.62709,0.8471,0.065554,0.067076,0.37917,0.59749,-0.083814,0.046245,-0.33127,0.26583,-0.21353,0.42455,-0.04828,0.15718,-0.38518,-0.36901,0.46586,0.56019,-0.039717,-0.053463,0.82921,1,0.13367,0.13907,-0.0087281,-0.087087,-0.17867,-0.1222,0.36884,0.55788,0.037123,0.25497,0.19449,0.41145,-0.31277,-0.2089,-0.17046,-0.16343,-0.090809,-0.077443,0.2321,0.29677,-0.12116,-0.08325,-0.042882,-0.090315,-0.232,-0.17187,-0.061199,0.051389,-0.28756,-0.36735,-0.32843,-0.34893,-0.15796,0.011803,0.050093,0.075364,-0.20936,-0.025146,-0.20961,-0.25859,0.16127,0.25746,0.19462,0.23885,0.22655,0.44343,0.027416,0.17737,-0.12999,-0.037656,-0.23664,-0.095863,-0.034937,0.068552,-0.25645,-0.32324,-0.26659,-0.19449,-0.082159,0.077348,-0.021967,0.32405,-0.013695,-0.068543,-0.13568,0.20853
-0.29578,-0.38899,-0.18251,-0.11574,0.78773,0.80902,-0.21,-0.22493,0.72501,0.79704,0.013677,-0.11454,0.11475,0.15364,0.63504,0.64903,0.012551,0.13762,-0.3236,-0.43378,0.60914,0.43002,0.043135,0.13367,1,0.91098,0.84284,0.72835,-0.025821,0.027751,0.52232,0.36455,-0.081737,-0.10847,0.005877,-0.0033938,-0.15838,-0.068776,-0.15685,0.066713,0.0023133,0.21281,0.16326,0.0050313,-0.14915,-0.35636,0.063645,0.013157,-0.10902,-0.20113,0.0036535,-0.076785,0.063263,0.028352,-0.27338,-0.01475,-0.1821,-0.34626,-0.39886,-0.38935,-0.23277,-0.33525,-0.12931,-0.20046,-0.19482,-0.34513,-0.22546,-0.25787,-0.44767,-0.32933,0.27908,0.28552,0.12015,0.095459,0.31797,0.32532,-0.012456,-0.045463,0.061344,-0.18291,-0.070078,-0.043336,0.066702,0.27478,0.022017,0.15222,0.39627,0.21882,-0.010822,0.24221
-0.4301,-0.50519,-0.26077,-0.074118,0.72024,0.81413,-0.18161,-0.15585,0.75613,0.79849,-0.044436,-0.092372,0.076756,0.18762,0.58654,0.67202,0.023482,0.086056,-0.34878,-0.42745,0.61765,0.44184,0.029972,0.13907,0.91098,1,0.84275,0.77354,-0.055647,0.061877,0.50165,0.35991,-0.034568,-0.026534,0.078524,0.090712,-0.14879,-0.056876,-0.091794,0.076724,0.068507,0.15312,0.19782,0.12293,-0.067813,-0.2933,0.10393,0.061009,-0.10153,-0.21629,-0.0080843,-0.05978,0.058943,0.034379,-0.34586,-0.044337,-0.32189,-0.46618,-0.50849,-0.47965,-0.34458,-0.43848,-0.18162,-0.26828,-0.20857,-0.31314,-0.20229,-0.20861,-0.5259,-0.30502,0.30751,0.35996,0.11873,0.13045,0.3503,0.38409,0.022194,0.035151,0.037369,-0.16651,-0.032993,-0.035897,0.11144,0.35472,0.014901,0.22259,0.23192,0.086378,0.021683,0.26966
-0.35027,-0.43944,-0.28667,-0.20008,0.81861,0.84008,-0.21523,-0.16916,0.82673,0.829,0.061205,-0.015443,0.17976,0.19925,0.75831,0.71784,0.020433,0.094429,-0.3163,-0.37977,0.6854,0.39036,-0.094887,-0.0087281,0.84284,0.84275,1,0.79714,0.011795,0.087582,0.46944,0.33375,-0.04687,-0.033261,0.064587,0.042173,-0.049195,0.065159,-0.060827,0.13357,0.049927,0.17824,0.041017,-0.068137,-0.09441,-0.3088,-0.0024035,-0.043501,-0.12774,-0.23339,0.0037096,-0.016246,0.00054038,-0.01525,-0.20921,0.025687,-0.32181,-0.47114,-0.4721,-0.44404,-0.30923,-0.36416,-0.12453,-0.24595,-0.14244,-0.23259,-0.23109,-0.23922,-0.47776,-0.36866,0.32127,0.35642,0.23769,0.20945,0.44211,0.4419,0.035413,0.027652,0.060878,-0.1318,0.018404,0.031227,0.14364,0.3081,0.08156,0.20347,0.4023,0.21289,0.19712,0.30849
-0.42631,-0.48436,-0.36651,-0.22661,0.69374,0.75653,-0.25795,-0.20093,0.68387,0.6929,-0.048416,-0.079735,0.060776,0.14949,0.63135,0.66513,-0.014378,0.059993,-0.28763,-0.35547,0.70066,0.47699,-0.18219,-0.087087,0.72835,0.77354,0.79714,1,0.081462,0.17722,0.25434,0.067326,-0.11979,-0.16688,0.010659,0.053106,0.079159,0.093722,0.20523,0.24062,0.29767,0.017516,0.023884,0.011874,0.021267,-0.27603,0.088865,0.061241,-0.10266,-0.21279,-0.051139,-0.081929,-0.004276,-0.0058718,-0.15833,0.13644,-0.37483,-0.48088,-0.47855,-0.42351,-0.35368,-0.36654,-0.20375,-0.26449,-0.20229,-0.26167,-0.21098,-0.20811,-0.5063,-0.34861,0.45695,0.45428,0.30668,0.25025,0.49031,0.46014,0.25024,0.22736,-0.094261,-0.1355,-0.028813,0.015119,0.39266,0.42585,-0.052617,0.15326,0.33442,0.30267,0.14258,0.2807
-0.14164,-0.095655,-0.21677,-0.12702,0.065983,0.050654,-0.03905,0.056687,0.043829,0.025188,0.15871,0.27408,0.19242,0.24817,0.23798,0.26103,0.2294,0.15175,-0.085112,-0.00079769,0.3247,0.43877,-0.31264,-0.17867,-0.025821,-0.055647,0.011795,0.081462,1,0.87251,0.039784,-0.020232,0.1065,0.11047,-0.047981,0.066157,0.14319,0.076036,-0.0047842,-0.017018,0.29157,0.24041,-0.29527,-0.14936,-0.26459,-0.082867,-0.12727,-0.12744,-0.26394,-0.31426,-0.21103,-0.22333,-0.11139,-0.18496,-0.049612,0.014894,-0.22326,-0.21112,-0.12147,-0.099441,-0.19104,-0.020379,-0.012046,-0.0016744,-0.00072183,0.00091222,-0.1133,-0.083695,-0.046222,-0.11669,0.2261,0.1767,0.5121,0.52403,0.42845,0.40844,0.3209,0.28105,0.30922,0.31597,0.61136,0.67965,0.3223,0.4768,0.26764,0.15287,0.10086,-0.072191,0.077976,0.19727
-0.33895,-0.17206,-0.31076,-0.05129,0.12455,0.16211,-0.086295,0.14241,0.12607,0.11304,-0.0094037,0.30934,0.10688,0.38416,0.25242,0.39859,0.092219,0.12422,-0.10796,0.020222,0.36882,0.45499,-0.29748,-0.1222,0.027751,0.061877,0.087582,0.17722,0.87251,1,0.040303,-0.009889,0.094788,0.19594,0.0047987,0.17933,0.1504,0.1429,0.054475,0.045145,0.33757,0.1953,-0.29087,-0.027846,-0.24908,-0.097972,-0.093705,-0.071592,-0.31549,-0.34056,-0.23683,-0.23941,-0.04446,-0.1313,-0.11809,0.0072114,-0.42809,-0.37896,-0.22435,-0.17299,-0.36378,-0.11056,-0.12722,-0.0537,-0.064223,0.061332,-0.076271,-0.03494,-0.1612,-0.13277,0.28563,0.33742,0.56823,0.62763,0.52514,0.54431,0.42553,0.43382,0.15595,0.29401,0.58344,0.74528,0.3889,0.60382,0.28195,0.28571,0.063342,-0.068984,0.11145,0.28715
-0.093975,-0.13039,0.10368,0.21427,0.33793,0.3511,0.059738,0.017572,0.24286,0.34589,0.000621,0.070532,0.079227,0.20458,0.21098,0.28891,-0.05863,0.0054427,-0.093964,-0.10809,0.22775,0.090094,0.32791,0.36884,0.52232,0.50165,0.46944,0.25434,0.039784,0.040303,1,0.88601,0.27584,0.41802,0.21594,0.14374,-0.47026,-0.30472,-0.49174,-0.32794,-0.32116,-0.042101,0.30872,0.12873,-0.22477,-0.23531,-0.029678,-0.10051,-0.18017,-0.22699,-0.063576,-0.11172,-0.079103,-0.059065,-0.52638,-0.40143,-0.086475,-0.11044,-0.23082,-0.26771,-0.17317,-0.2437,-0.064522,-0.1602,-0.054703,-0.18778,-0.16251,-0.19199,-0.048287,-0.033102,0.0091377,0.050853,0.026885,0.048105,-0.044311,0.028383,-0.34133,-0.30513,0.22145,-0.021532,0.076407,0.042142,-0.24011,-0.0015293,0.14067,0.17094,0.022968,-0.11287,-0.17824,0.021517
-0.021133,-0.012877,0.24845,0.39906,0.24757,0.2259,0.1463,0.18121,0.11209,0.23892,-0.078616,0.16073,0.0018884,0.25661,0.12351,0.21886,-0.15405,-0.11283,0.02968,0.10387,0.095926,-0.00065672,0.46758,0.55788,0.36455,0.35991,0.33375,0.067326,-0.020232,-0.009889,0.88601,1,0.21727,0.46781,0.23711,0.24732,-0.44779,-0.28175,-0.4544,-0.30368,-0.34822,-0.061194,0.32268,0.16153,-0.25115,-0.16696,-0.065039,-0.14381,-0.25539,-0.25664,-0.055602,-0.044493,-0.1492,-0.16926,-0.43687,-0.41293,-0.10329,-0.085534,-0.14691,-0.19989,-0.19133,-0.19453,-0.052432,-0.1964,0.037447,-0.036485,-0.1176,-0.11655,0.045173,0.078028,-0.064394,0.045406,-0.056601,0.019119,-0.13634,-0.031654,-0.34188,-0.25939,0.12675,-0.096528,0.0058191,-0.0062775,-0.29451,-0.066734,0.12944,0.22479,-0.0024926,-0.16716,-0.15612,0.053461
0.14531,0.21289,-0.011763,0.1614,-0.27198,-0.14778,0.22023,0.14868,-0.19305,-0.13419,0.32306,0.42591,0.28433,0.26013,-0.25533,-0.013566,0.20467,0.1346,0.27603,0.18188,-0.19902,-0.32526,0.14157,0.037123,-0.081737,-0.034568,-0.04687,-0.11979,0.1065,0.094788,0.27584,0.21727,1,0.78733,0.21569,0.072504,-0.16734,-0.11248,-0.19945,-0.2053,-0.081452,-0.10084,-0.23305,-0.15539,-0.15662,-0.11747,-0.35981,-0.36147,-0.10581,-0.19176,-0.11646,-0.11727,-0.13829,-0.060032,-0.40033,-0.4348,0.048206,0.15933,-0.093854,-0.16488,0.07798,-0.14188,0.11623,0.10053,0.045081,-0.12298,0.030662,0.0054157,0.26317,0.21825,-0.019639,-0.0021939,0.13353,0.11149,-0.066653,0.011816,-0.092224,-0.14794,0.26328,0.17259,0.17241,0.20244,-0.25395,-0.13612,-0.029372,0.029777,-0.386,-0.26647,-0.27374,-0.17299
-0.043485,0.11911,0.043762,0.35004,-0.16684,-0.11502,0.23588,0.3363,-0.17354,-0.13166,0.049387,0.44676,0.11675,0.38325,-0.21608,0.019341,0.035646,-0.015791,0.13744,0.28619,-0.23334,-0.37093,0.21638,0.25497,-0.10847,-0.026534,-0.033261,-0.16688,0.11047,0.19594,0.41802,0.46781,0.78733,1,0.30698,0.3284,-0.15353,-0.042873,-0.15701,-0.21639,-0.07715,-0.16332,-0.13149,0.052884,-0.28651,-0.039725,-0.30897,-0.31083,-0.32756,-0.29315,-0.24604,-0.13946,-0.13496,-0.13918,-0.39059,-0.50068,-0.19012,-0.045038,-0.1334,-0.1946,-0.1204,-0.17802,0.074286,-0.01241,0.083198,0.086298,-0.097002,0.02064,0.18117,0.1392,-0.045202,0.041942,0.18414,0.27105,0.0074009,0.094151,-0.12287,-0.066916,0.15191,0.17974,0.22734,0.2673,-0.20618,-0.080707,0.13283,0.22134,-0.33371,-0.31392,-0.16902,-0.089772
-0.26178,-0.2456,-0.10977,0.16534,-0.13491,-0.077643,-0.021953,0.13612,-0.13774,-0.033201,-0.15665,0.32471,-0.067095,0.34486,-0.083318,0.12026,-0.19053,-0.28307,0.061004,0.058503,0.094694,-0.011501,0.18678,0.19449,0.005877,0.078524,0.064587,0.010659,-0.047981,0.0047987,0.21594,0.23711,0.21569,0.30698,1,0.76858,-0.065307,0.006639,-0.047814,-0.0056014,-0.075598,-0.087609,0.27671,0.41905,0.19416,0.19079,0.43761,0.23075,-0.14712,-0.087708,0.12993,0.19276,-0.31017,-0.10808,-0.27656,-0.14184,-0.44115,-0.34976,-0.37799,-0.30924,-0.34435,-0.47321,-0.29125,-0.4134,0.23783,0.15782,0.075478,0.070166,-0.18649,-0.0065432,0.1355,0.13728,0.087811,0.033789,0.067554,0.14972,0.04784,0.10464,0.16304,0.019287,0.11904,-0.0253,0.023201,0.11466,0.49116,0.58617,-0.1176,-0.052711,0.31608,0.45333
-0.43973,-0.20579,-0.018679,0.392,-0.001447,0.052306,0.037267,0.38507,-0.055719,0.02537,-0.46202,0.40696,-0.29366,0.5341,0.013848,0.27875,-0.38855,-0.43276,0.11785,0.26172,0.18654,0.063045,0.2316,0.41145,-0.0033938,0.090712,0.042173,0.053106,0.066157,0.17933,0.14374,0.24732,0.072504,0.3284,0.76858,1,0.041212,0.099337,0.099509,0.067754,0.125,-0.096015,0.27201,0.57819,0.2168,0.23186,0.33809,0.2194,-0.23297,-0.16766,0.0092348,0.19947,-0.24645,-0.24584,-0.15379,-0.11058,-0.65075,-0.50744,-0.31773,-0.25398,-0.54387,-0.42576,-0.37026,-0.5087,0.22707,0.34037,0.15098,0.2096,-0.20769,0.034149,0.15853,0.23172,0.17125,0.16859,0.1607,0.25144,0.23485,0.31729,-0.096751,-0.099145,0.044503,0.056303,0.17185,0.31267,0.31365,0.66616,-0.053909,-0.050296,0.21786,0.52254
-0.17015,-0.21418,-0.32266,-0.34797,0.038747,0.033336,-0.29125,-0.20357,0.11441,0.031749,0.032415,-0.03523,-0.035647,-0.099675,0.25192,0.12331,0.040469,-0.082437,-0.064888,-0.066635,0.085888,-0.055474,-0.28651,-0.31277,-0.15838,-0.14879,-0.049195,0.079159,0.14319,0.1504,-0.47026,-0.44779,-0.16734,-0.15353,-0.065307,0.041212,1,0.74596,0.74805,0.66734,0.5294,0.30042,-0.17048,-0.059189,-0.082225,-0.18033,0.090393,0.14579,-0.26542,-0.26609,-0.17385,-0.17489,0.025976,-0.071646,0.57406,0.46654,-0.23082,-0.24696,-0.18555,-0.13489,-0.26632,-0.15766,-0.2079,-0.25261,-0.15112,-0.09411,-0.16391,-0.067752,-0.22402,-0.34096,0.072868,0.10891,0.30536,0.27208,0.49018,0.40612,0.54276,0.44979,-0.096814,0.091126,-0.0054443,0.0088097,0.3982,0.19829,0.10272,0.084111,0.22278,0.17556,0.44263,0.1756
-0.26206,-0.2972,-0.31447,-0.27465,0.1975,0.16373,-0.28466,-0.1668,0.15631,0.14548,-0.018745,-0.057954,-0.054274,-0.039507,0.28896,0.27287,0.063048,-0.07482,-0.022164,0.012415,0.14365,-0.05327,-0.24902,-0.2089,-0.068776,-0.056876,0.065159,0.093722,0.076036,0.1429,-0.30472,-0.28175,-0.11248,-0.042873,0.006639,0.099337,0.74596,1,0.61228,0.73538,0.35708,0.42947,-0.26119,-0.045393,-0.038805,-0.11485,0.048398,0.12104,-0.28776,-0.24982,-0.22937,-0.17861,0.017986,-0.027308,0.48594,0.50393,-0.28593,-0.35329,-0.25731,-0.15343,-0.33232,-0.13811,-0.23452,-0.30274,-0.14174,-0.049803,-0.057896,0.063171,-0.20398,-0.22616,0.15183,0.28133,0.42255,0.44359,0.56921,0.54329,0.52092,0.51734,-0.037616,0.1381,0.036447,-0.0040654,0.36837,0.23554,0.15729,0.13679,0.30907,0.30923,0.44333,0.31293
-0.24894,-0.27521,-0.23722,-0.20558,0.079857,0.072811,-0.18786,-0.11465,0.10252,0.040754,-0.16494,-0.12249,-0.18152,-0.12819,0.20077,0.16268,-0.036678,-0.15503,-0.0039295,0.067882,0.12714,0.020371,-0.18485,-0.17046,-0.15685,-0.091794,-0.060827,0.20523,-0.0047842,0.054475,-0.49174,-0.4544,-0.19945,-0.15701,-0.047814,0.099509,0.74805,0.61228,1,0.79061,0.74651,0.10108,-0.17962,0.077953,0.11873,-0.046971,0.1228,0.18944,-0.18833,-0.15543,-0.17512,-0.13742,-0.0076505,-0.12391,0.56554,0.54309,-0.27106,-0.30872,-0.1919,-0.12577,-0.28732,-0.17026,-0.19544,-0.28739,-0.10295,-0.034503,-0.035527,0.089843,-0.23972,-0.19512,0.064588,0.15359,0.17574,0.18277,0.37023,0.3112,0.49769,0.48489,-0.24104,-0.0041396,-0.14155,-0.1698,0.60801,0.2724,-0.082962,0.03793,0.23906,0.26295,0.36829,0.15567
-0.27547,-0.33238,-0.32771,-0.27258,0.2939,0.27632,-0.33076,-0.22627,0.22614,0.26365,-0.15558,-0.17013,-0.22754,-0.087281,0.35509,0.38479,-0.013453,-0.13122,-0.043137,-0.026881,0.29373,0.20264,-0.23631,-0.16343,0.066713,0.076724,0.13357,0.24062,-0.017018,0.045145,-0.32794,-0.30368,-0.2053,-0.21639,-0.0056014,0.067754,0.66734,0.73538,0.79061,1,0.59129,0.42238,-0.17896,0.06775,0.10608,-0.092983,0.15425,0.20896,-0.18136,-0.19934,-0.18103,-0.15846,0.03938,-0.089611,0.57917,0.68973,-0.26473,-0.36038,-0.26516,-0.16343,-0.36256,-0.18842,-0.26863,-0.372,-0.19419,-0.12477,0.033609,0.091307,-0.26285,-0.22447,0.069213,0.23143,0.19042,0.20837,0.43364,0.41403,0.41587,0.40634,-0.14363,-0.085219,-0.10986,-0.13667,0.50216,0.38246,-0.023269,0.11192,0.48249,0.45585,0.40148,0.40355
-0.27193,-0.1841,-0.23513,-0.09764,0.17751,0.21458,-0.17573,0.00019634,0.18142,0.14336,-0.17035,0.035034,-0.17113,0.11427,0.27972,0.3385,-0.078147,-0.1107,-0.013371,0.065693,0.35986,0.3243,-0.19443,-0.090809,0.0023133,0.068507,0.049927,0.29767,0.29157,0.33757,-0.32116,-0.34822,-0.081452,-0.07715,-0.075598,0.125,0.5294,0.35708,0.74651,0.59129,1,0.27915,-0.23809,0.065275,0.00035841,-0.092089,0.0089656,0.077273,-0.20894,-0.20145,-0.21986,-0.17874,0.037658,-0.12348,0.27794,0.30539,-0.33672,-0.30639,-0.19487,-0.14593,-0.31007,-0.15653,-0.17395,-0.18666,-0.13577,-0.010689,-0.033819,0.04572,-0.18712,-0.13843,0.25267,0.29914,0.39986,0.40064,0.45842,0.43798,0.47606,0.43788,-0.21772,-0.06063,0.035086,0.13241,0.62935,0.50496,-0.061989,0.1357,0.20952,0.13246,0.18746,0.23008
0.032487,-0.11755,-0.1078,-0.19393,0.302,0.27337,-0.16551,-0.16592,0.26743,0.29802,0.15787,-0.027117,0.087643,0.012918,0.39312,0.30423,0.11768,0.027313,-0.055613,-0.10864,0.3124,0.3712,-0.12557,-0.077443,0.21281,0.15312,0.17824,0.017516,0.24041,0.1953,-0.042101,-0.061194,-0.10084,-0.16332,-0.087609,-0.096015,0.30042,0.42947,0.10108,0.42238,0.27915,1,-0.18928,-0.15454,-0.17598,-0.21082,-0.059146,-0.014541,-0.12838,-0.21861,-0.07299,-0.18802,0.083397,-0.073993,0.19924,0.23344,-0.0077686,-0.11012,-0.11519,-0.093964,-0.14217,-0.040561,-0.089555,-0.12038,-0.082926,-0.15084,-0.030972,-0.011642,-0.088735,-0.14403,0.17129,0.22896,0.35164,0.37247,0.38111,0.41893,0.18729,0.12292,0.081336,-0.0010511,0.11057,0.11658,0.092687,0.27244,0.20626,0.075769,0.36487,0.16168,0.23222,0.32235
-0.21674,-0.2218,0.01297,0.065347,-0.035694,0.0011915,-0.14838,-0.1476,-0.043512,0.028703,-0.39028,-0.2634,-0.42065,-0.11163,-0.10298,-0.052351,-0.34684,-0.26013,-0.23947,-0.25877,-0.043336,0.069177,0.18896,0.2321,0.16326,0.19782,0.041017,0.023884,-0.29527,-0.29087,0.30872,0.32268,-0.23305,-0.13149,0.27671,0.27201,-0.17048,-0.26119,-0.17962,-0.17896,-0.23809,-0.18928,1,0.65883,0.16987,0.062244,0.56905,0.49921,0.1117,0.15254,0.18465,0.06278,0.13969,0.16074,-0.1464,-0.091908,-0.10074,-0.12054,-0.010618,-0.057519,-0.12173,-0.24386,-0.23264,-0.2769,-0.099483,-0.081731,-0.077911,-0.13512,-0.23817,-0.10932,-0.25348,-0.21971,-0.33323,-0.38044,-0.28733,-0.22469,-0.18973,-0.16267,-0.046213,-0.23913,-0.21126,-0.27428,-0.19693,-0.097715,-0.011705,0.13123,-0.078588,-0.12292,-0.14422,-0.027292
-0.5523,-0.31788,-0.12335,0.23208,-0.074175,0.0026439,-0.18289,0.077067,-0.12533,-0.062885,-0.747,-0.127,-0.67213,0.12485,-0.16116,0.1116,-0.4862,-0.43773,-0.064974,0.023368,0.10478,0.13671,0.15977,0.29677,0.0050313,0.12293,-0.068137,0.011874,-0.14936,-0.027846,0.12873,0.16153,-0.15539,0.052884,0.41905,0.57819,-0.059189,-0.045393,0.077953,0.06775,0.065275,-0.15454,0.65883,1,0.38834,0.349,0.5792,0.66353,0.029125,0.15607,-0.00047991,0.023974,0.17006,0.13729,0.0043028,0.13104,-0.47918,-0.38902,-0.11069,-0.029688,-0.44144,-0.28002,-0.5042,-0.44302,-0.13834,0.12228,0.29519,0.32813,-0.22902,0.073267,-0.047491,0.069201,-0.12376,-0.12609,-0.083164,0.028272,0.16947,0.24899,-0.11012,-0.098167,-0.096682,-0.10095,0.13269,0.24825,0.0012015,0.34396,-0.084481,-0.061405,-0.055024,0.25471
-0.19136,-0.11809,-0.018058,0.016261,-0.11013,-0.058823,0.082394,0.031981,-0.082516,-0.10594,-0.34828,-0.16595,-0.30572,-0.12171,-0.16468,-0.085697,-0.21305,-0.24131,0.19156,0.090478,-0.010199,0.01243,-0.072344,-0.12116,-0.14915,-0.067813,-0.09441,0.021267,-0.26459,-0.24908,-0.22477,-0.25115,-0.15662,-0.28651,0.19416,0.2168,-0.082225,-0.038805,0.11873,0.10608,0.00035841,-0.17598,0.16987,0.38834,1,0.63365,0.19747,0.26346,0.66746,0.58916,0.48376,0.51728,0.05932,0.1747,0.20123,0.28574,-0.15685,-0.11444,0.11792,0.1996,0.06245,0.073829,-0.11292,-0.080084,0.32854,0.32337,0.60978,0.43513,-0.028248,0.20917,-0.069792,-0.076983,-0.29588,-0.35707,-0.22528,-0.18662,0.062297,0.060021,-0.13947,-0.11919,-0.23965,-0.30108,0.060673,0.029367,-0.25705,0.0069171,-0.12877,0.090384,0.03191,0.085955
-0.080451,0.024047,0.0265,0.081165,-0.31426,-0.33748,0.085692,0.13995,-0.34214,-0.37681,-0.31176,-0.036446,-0.28911,-0.044048,-0.35814,-0.3085,-0.11112,-0.098865,0.070284,0.16792,-0.19206,-0.046688,-0.11803,-0.08325,-0.35636,-0.2933,-0.3088,-0.27603,-0.082867,-0.097972,-0.23531,-0.16696,-0.11747,-0.039725,0.19079,0.23186,-0.18033,-0.11485,-0.046971,-0.092983,-0.092089,-0.21082,0.062244,0.349,0.63365,1,0.13628,0.1924,0.48942,0.70898,0.30822,0.5586,0.064575,0.2879,0.15137,0.1378,-0.060966,0.03987,0.2377,0.29508,0.14438,0.21291,0.084321,0.149,0.33943,0.47224,0.40103,0.38888,0.1203,0.24614,-0.13873,-0.2099,-0.2374,-0.23676,-0.27672,-0.2403,-0.1288,-0.039338,-0.078733,-0.038366,-0.0085611,-0.10293,-0.12882,-0.13015,-0.1387,-0.072058,-0.23413,-0.062335,-0.022072,-0.017729
-0.369,-0.42555,-0.32936,-0.18751,-0.078042,-0.047938,-0.45326,-0.30852,-0.076313,-0.0016762,-0.31629,-0.22397,-0.35677,-0.13842,-0.0048636,0.016921,-0.19712,-0.19618,-0.25289,-0.26224,0.18091,0.23021,-0.0172,-0.042882,0.063645,0.10393,-0.0024035,0.088865,-0.12727,-0.093705,-0.029678,-0.065039,-0.35981,-0.30897,0.43761,0.33809,0.090393,0.048398,0.1228,0.15425,0.0089656,-0.059146,0.56905,0.5792,0.19747,0.13628,1,0.84581,-0.090613,0.059016,0.040051,-0.03581,0.14747,0.19042,0.19052,0.36267,-0.25562,-0.34486,-0.29687,-0.20658,-0.35739,-0.41175,-0.39309,-0.42094,-0.28929,-0.1869,-0.037126,-0.010557,-0.38863,-0.19072,0.0093505,0.036998,-0.11478,-0.18178,0.038962,0.010926,0.084689,0.11563,-0.051002,-0.11816,-0.018477,-0.20151,0.20325,0.13618,0.29185,0.19636,0.062258,0.05149,0.30019,0.25559
-0.44064,-0.40917,-0.35642,-0.19697,-0.071232,-0.021657,-0.46199,-0.32833,-0.062004,-0.025621,-0.43354,-0.29965,-0.44422,-0.1774,-0.010433,0.01404,-0.22864,-0.18335,-0.20016,-0.20358,0.16373,0.21075,-0.056691,-0.090315,0.013157,0.061009,-0.043501,0.061241,-0.12744,-0.071592,-0.10051,-0.14381,-0.36147,-0.31083,0.23075,0.2194,0.14579,0.12104,0.18944,0.20896,0.077273,-0.014541,0.49921,0.66353,0.26346,0.1924,0.84581,1,-0.055679,0.12852,-0.047873,-0.11741,0.33035,0.35555,0.26826,0.45851,-0.25902,-0.33361,-0.21232,-0.095038,-0.3524,-0.31182,-0.44363,-0.36069,-0.37233,-0.18129,0.10108,0.16708,-0.34725,-0.10851,-0.028274,0.026034,-0.11412,-0.15296,0.023642,0.019361,0.18162,0.199,-0.094118,-0.051835,-0.052639,-0.14321,0.22013,0.15111,0.089846,0.1074,0.021622,0.025456,0.15675,0.19208
0.18053,0.10251,0.11908,-0.12286,-0.17553,-0.14718,0.12966,-0.10053,-0.11882,-0.17204,-0.009313,-0.32313,-0.05428,-0.34123,-0.25136,-0.25254,-0.030761,-0.036039,0.083005,-0.052221,-0.23198,-0.022474,-0.14933,-0.232,-0.10902,-0.10153,-0.12774,-0.10266,-0.26394,-0.31549,-0.18017,-0.25539,-0.10581,-0.32756,-0.14712,-0.23297,-0.26542,-0.28776,-0.18833,-0.18136,-0.20894,-0.12838,0.1117,0.029125,0.66746,0.48942,-0.090613,-0.055679,1,0.75389,0.66135,0.49542,0.26826,0.35608,0.056127,0.10357,0.27761,0.25425,0.42462,0.39625,0.45998,0.31741,0.12384,0.22983,0.2861,0.1807,0.42666,0.21952,0.17903,0.23027,-0.21869,-0.30104,-0.40118,-0.47334,-0.40792,-0.39507,-0.25349,-0.28732,-0.024786,-0.17952,-0.21057,-0.2429,-0.16299,-0.19218,-0.33033,-0.3157,-0.13393,0.0452,-0.16678,-0.20924
0.078947,0.16125,0.076393,-0.064736,-0.27835,-0.28447,0.022248,-0.072354,-0.25198,-0.30466,-0.18629,-0.29519,-0.24089,-0.29922,-0.37914,-0.41311,-0.059461,0.070622,0.027859,-0.010278,-0.26664,-0.12832,-0.086723,-0.17187,-0.20113,-0.21629,-0.23339,-0.21279,-0.31426,-0.34056,-0.22699,-0.25664,-0.19176,-0.29315,-0.087708,-0.16766,-0.26609,-0.24982,-0.15543,-0.19934,-0.20145,-0.21861,0.15254,0.15607,0.58916,0.70898,0.059016,0.12852,0.75389,1,0.43841,0.53525,0.26352,0.52633,0.10328,0.1004,0.25119,0.30551,0.4552,0.51447,0.47177,0.45068,0.17598,0.41572,0.20937,0.36987,0.3706,0.27124,0.16403,0.25852,-0.23764,-0.3349,-0.36984,-0.4435,-0.42311,-0.41235,-0.24543,-0.20398,-0.07012,-0.10378,-0.22419,-0.24765,-0.24475,-0.32628,-0.34868,-0.344,-0.20497,-0.034067,-0.20607,-0.25794
0.24152,0.05506,0.26949,-0.024737,-0.13324,-0.11752,0.3035,-0.0012055,-0.018337,-0.03959,0.16949,-0.0099204,0.27791,-0.16209,-0.016054,-0.12318,-0.15485,-0.18071,0.15006,-0.013828,-0.16598,-0.028933,0.11314,-0.061199,0.0036535,-0.0080843,0.0037096,-0.051139,-0.21103,-0.23683,-0.063576,-0.055602,-0.11646,-0.24604,0.12993,0.0092348,-0.17385,-0.22937,-0.17512,-0.18103,-0.21986,-0.07299,0.18465,-0.00047991,0.48376,0.30822,0.040051,-0.047873,0.66135,0.43841,1,0.697,0.013132,0.15045,-0.088973,-0.12629,0.059789,0.049409,0.11563,0.0902,0.24362,0.015167,0.0040993,-0.087795,0.57126,0.20653,0.119,-0.052008,0.035676,0.044603,-0.055826,-0.099483,-0.25841,-0.31001,-0.22047,-0.21013,-0.1458,-0.18434,-0.1197,-0.23502,-0.33311,-0.36284,-0.22895,-0.21927,-0.066068,-0.077235,-0.17077,0.049018,0.076923,-0.081872
