1,0.37448,0.16952,-0.0346,-0.38551,-0.20989,0.58772,0.19279,0.033759,-0.2214,0.60433,0.33998,0.56359,0.2167,0.34133,0.015431,0.52584,-0.0060086,0.59692,0.23937,-0.06209,-0.28823,-0.062659,-0.19206,-0.4327,-0.38254,-0.26175,-0.24167,0.23079,-0.050929,0.13568,-0.095248,0.52767,0.28765,-0.17113,-0.15982,-0.077381,-0.096633,-0.078976,-0.15212,-0.33731,-0.36804,-0.4955,-0.45433,0.084613,-0.1455,-0.4722,-0.3941,0.31405,-0.096942,-0.30486,-0.2583,-0.36738,-0.3746,-0.016509,0.0084408,0.77108,0.18543,0.5386,0.35349,0.61304,0.035716,0.50207,0.19307,0.099991,-0.028762,-0.1602,-0.1495,0.32254,0.076166,0.014853,-0.10452,0.023964,0.036647,0.14907,0.10609,0.1131,-0.058974,0.24972,0.067724,0.22227,-0.078002,-0.25863,-0.36781,0.0096261,-0.48911,0.00058935,-0.10095,-0.27403,-0.081478
0.37448,1,-0.039338,0.29074,-0.036006,0.12572,0.0098453,0.27025,-0.19237,0.19869,-0.034964,0.30085,-0.11381,0.194,0.1097,-0.037677,0.21537,0.34242,0.17764,0.27133,-0.088174,-0.072136,-0.11404,-0.047563,-0.20606,-0.21235,0.0812,0.15801,-0.042811,-0.1207,0.13458,0.10807,0.2125,0.16261,-0.38481,-0.36055,0.0074118,0.098201,0.23766,0.07794,-0.09123,-0.23956,-0.24635,-0.18098,-0.40536,-0.19937,-0.15084,-0.1047,-0.12506,-0.19058,-0.3957,-0.49903,0.081084,-0.068395,0.25693,0.25002,0.64247,0.87203,0.44198,0.44037,0.49184,0.3004,0.39568,0.5592,-0.12207,-0.13357,-0.08183,-0.15648,0.32914,0.44703,-0.1175,-0.18167,-0.084469,0.030915,-0.077105,-0.11458,-0.044137,0.0166,0.29837,0.2007,0.3362,0.38127,-0.0077864,-0.2137,0.14125,-0.25897,-0.055804,0.070266,0.02121,0.27246
0.16952,-0.039338,1,0.52028,-0.084227,-0.3241,0.71866,0.042807,0.12883,-0.27069,0.1099,-0.16272,0.2594,-0.16278,0.10908,-0.17597,-0.38532,-0.22555,0.24653,0.48824,0.031317,0.010537,0.51356,0.74518,0.21237,0.16153,-0.10434,-0.044397,0.0059385,-0.038287,0.24667,0.27492,-0.096023,0.0066775,0.16754,-0.096814,-0.2219,-0.19565,-0.06028,-0.23649,-0.037087,-0.18794,0.15925,0.015318,-0.022386,-0.044619,-0.09492,-0.18211,-0.10734,0.042448,0.23023,-0.0099219,-0.13984,-0.042369,-0.28962,-0.2918,-0.044674,-0.039864,0.12114,0.13808,-0.10572,-0.065519,0.094428,-0.27313,0.48907,0.054899,0.086251,0.10079,0.048213,0.10024,0.054869,0.19147,-0.039685,-0.0057305,0.064493,0.094137,-0.19968,-0.17651,-0.18548,-0.14429,-0.18308,-0.21021,-0.032476,-0.28473,-0.019094,0.037053,0.092592,-0.17342,-0.1687,-0.27684
-0.0346,0.29074,0.52028,1,-0.17777,-0.17349,0.24815,0.50427,-0.28718,-0.11517,-0.17685,-0.047307,-0.29445,0.014152,-0.16333,-0.18531,-0.44517,-0.18105,-0.074371,0.32709,-0.07821,0.01911,0.41805,0.70313,0.23328,0.2082,-0.038908,-0.0078649,-0.078501,-0.095361,0.17019,0.3425,-0.33755,-0.16794,0.01645,-0.12824,-0.15386,-0.0090306,0.11905,0.0024089,0.026025,-0.14921,0.21812,0.30022,-0.11989,0.12495,0.14907,0.10224,-0.19596,0.15754,0.10111,-0.032702,0.12669,0.16968,0.14352,0.14427,-0.029592,0.39303,0.29894,0.52309,-0.041669,0.27975,-0.0060865,0.026056,0.25236,0.17008,0.22669,0.31118,0.033835,0.28925,0.11123,0.030479,-0.16241,-0.15337,-0.070775,-0.089088,-0.27489,-0.16973,-0.27643,-0.1071,-0.29198,-0.033373,-0.079191,-0.20634,-0.11845,0.30544,0.22613,0.012034,0.070174,0.19849
-0.38551,-0.036006,-0.084227,-0.17777,1,0.63299,-0.17912,-0.16969,0.55568,0.65948,-0.34648,-0.038064,-0.056207,0.021558,0.091857,0.061383,-0.075813,0.18306,-0.047313,-0.13658,0.42107,0.28279,0.27726,0.15225,0.60364,0.38364,0.83858,0.76588,-0.19351,-0.12259,0.2612,0.19351,-0.1289,-0.18261,0.31025,0.20941,-0.12176,-0.15692,-0.024017,-0.11398,-0.0011668,-0.060231,0.31956,0.1566,-0.15003,-0.16741,0.28916,0.18053,-0.13202,-0.096468,0.26757,0.12097,0.14836,-0.097546,-0.025742,-0.16477,-0.29365,-0.012202,-0.36995,-0.37717,-0.23972,-0.081522,-0.40234,-0.11231,-0.069014,0.057822,-0.0020407,-0.15106,0.068393,-0.0089032,-0.16741,0.25566,0.23986,0.14868,0.052966,0.14635,-0.067282,-0.047455,0.060159,-0.12914,0.01166,-0.089649,0.13346,-0.064729,0.025884,0.24565,-0.35251,0.075421,0.070322,0.038641
-0.20989,0.12572,-0.3241,-0.17349,0.63299,1,-0.37812,-0.0098448,0.34051,0.81571,-0.012985,0.39164,-0.12462,0.38573,0.11274,0.56503,0.073571,0.48434,-0.08316,-0.29438,-0.002377,-0.020567,0.09695,-0.03612,0.36619,0.29817,0.721,0.74541,-0.24933,0.1655,0.11582,0.11443,-0.045941,-0.040724,0.047603,0.15121,0.10906,0.29881,0.25063,0.14108,-0.20306,-0.18102,0.059969,0.19552,-0.27031,0.21583,0.13226,0.28621,0.0719,-0.0084211,0.15306,0.069648,0.19288,0.093745,0.27188,0.24388,-0.089591,0.19847,-0.20716,-0.30648,-0.030603,0.098485,-0.27714,0.11548,-0.19959,0.15077,-0.066695,-0.096854,0.042663,0.058133,-0.047742,0.11874,0.11871,0.33027,-0.19079,0.088546,-0.0255,0.086545,-0.11246,0.23443,-0.22671,0.099156,-0.10555,0.0080537,-0.30358,0.21708,-0.25752,0.36709,0.074172,0.27138
0.58772,0.0098453,0.71866,0.24815,-0.17912,-0.37812,1,0.12339,0.32315,-0.32774,0.26454,-0.11837,0.6325,-0.13826,0.27275,-0.24537,-0.034348,-0.32451,0.40832,0.39457,0.063448,-0.10363,0.31561,0.36647,-0.1126,-0.076335,-0.21163,-0.14117,0.065619,-0.16298,0.1993,0.07555,0.14368,0.15209,0.1984,0.052575,-0.20012,-0.18105,-0.12094,-0.20741,-0.21276,-0.27598,-0.066583,-0.21793,0.20904,-0.17513,-0.1588,-0.21049,0.17143,0.0030249,0.11073,-0.022068,-0.25665,-0.31617,-0.15291,-0.15331,0.35518,-0.046979,0.41535,0.3148,0.24417,-0.047774,0.2373,-0.22052,0.42135,0.0672,0.06975,0.092345,0.19284,0.10418,-0.10427,0.085558,-0.084,-0.0749,0.13931,0.16351,-0.057898,-0.17335,0.0023591,-0.16392,0.060788,-0.38853,-0.18246,-0.40517,-0.01085,-0.21917,0.0021092,-0.17046,-0.18665,-0.15605
0.19279,0.27025,0.042807,0.50427,-0.16969,-0.0098448,0.12339,1,-0.15914,0.19076,0.11775,0.36592,-0.071159,0.55675,0.11664,-0.1071,-0.067177,-0.14581,0.18384,0.19716,-0.11481,-0.1425,0.41868,0.24512,-0.02456,0.010339,-0.02029,-0.086449,-0.010112,-0.16786,0.10839,0.18547,-0.082212,0.0067413,0.12976,0.16917,-0.21663,-0.075163,0.093111,-0.046877,-0.097534,-0.25762,-0.24419,-0.012613,-0.11496,0.14717,-0.10931,-0.065568,0.14697,0.25073,0.1482,0.27303,-0.2016,-0.12077,0.13463,0.11729,0.075702,0.28379,0.27317,0.44678,0.17578,0.52239,0.008245,0.25764,0.21351,0.58731,-0.016096,0.22577,0.1703,0.22204,0.084234,0.027442,-0.046684,-0.16175,0.099959,0.030275,-0.22274,-0.20444,-0.15477,-0.075899,-0.19525,-0.0039925,-0.15738,-0.31228,-0.24989,0.24572,-0.01101,-0.037014,-0.037542,0.21803
0.033759,-0.19237,0.12883,-0.28718,0.55568,0.34051,0.32315,-0.15914,1,0.43538,0.15164,0.021197,0.58892,0.12606,0.45523,-0.062644,0.069734,-0.10138,0.076734,-0.055352,0.15024,-0.11257,0.18945,0.11776,0.2312,0.21857,0.37334,0.42227,-0.094634,-0.26577,0.24513,0.068742,0.067067,0.042993,0.36497,0.27329,-0.087334,-0.11431,-0.081545,-0.2189,-0.21933,-0.27411,0.19471,0.043273,0.069308,-0.13682,0.15587,0.15761,0.15788,-0.068907,0.38516,0.16716,-0.063132,-0.225,-0.13214,-0.16505,-0.047224,-0.23885,-0.21511,-0.41512,-0.0029854,-0.16454,-0.070519,-0.28394,0.20091,0.081188,-0.044471,-0.22866,0.094412,-0.064491,-0.20023,0.09881,0.029592,0.0086464,0.012947,0.12501,-0.014482,-0.072356,0.093775,-0.12052,0.03345,-0.35244,-0.084917,-0.38513,0.03994,-0.15095,-0.23269,-0.24285,-0.12923,-0.11362
-0.2214,0.19869,-0.27069,-0.11517,0.65948,0.81571,-0.32774,0.19076,0.43538,1,-0.14059,0.38835,-0.12164,0.52301,0.17639,0.19914,0.064685,0.33658,0.054018,-0.14093,0.039013,-0.020758,0.25823,0.049259,0.326,0.19555,0.70225,0.67207,-0.28422,-0.15741,0.12737,0.1398,0.014685,0.030773,0.11845,0.22397,-0.011695,0.13137,0.093646,-0.0013327,-0.15449,-0.19575,0.058884,0.18199,-0.37727,0.025381,0.14207,0.23076,-0.022909,-0.093276,0.1663,0.066508,0.12654,-0.047376,0.14174,0.073635,-0.080321,0.2271,-0.26539,-0.33392,-0.024223,0.13209,-0.27134,0.11724,-0.13751,0.2018,-0.1445,-0.2067,0.071435,0.080392,-0.11042,0.10221,0.11737,0.20776,-0.082696,0.085766,0.020495,0.12348,-0.030914,0.14485,-0.04951,0.050429,-0.050715,-0.16034,-0.11745,0.17346,-0.34876,0.11167,-0.084276,0.15243
0.60433,-0.034964,0.1099,-0.17685,-0.34648,-0.012985,0.26454,0.11775,0.15164,-0.14059,1,0.56256,0.64107,0.474,0.59241,0.38424,0.45104,0.14326,0.23184,-0.072152,-0.16952,-0.33787,-0.12476,-0.17237,-0.19729,-0.055822,-0.27154,-0.21245,0.39314,0.32963,0.24311,0.077069,0.41018,0.2594,-0.068291,-0.14212,0.044085,-0.0012201,0.084513,-0.2516,-0.33053,-0.41951,-0.45975,-0.33231,0.10541,0.17547,-0.50788,-0.28419,0.30046,0.029981,0.060851,0.055789,-0.49578,-0.15855,-0.22827,-0.13787,0.25725,-0.19092,0.035318,-0.096978,0.24561,-0.084045,0.42332,0.057675,0.22828,0.14502,-0.37962,-0.29867,-0.016989,-0.25575,0.25392,-0.019786,0.17522,0.22488,0.17477,0.26783,-0.048571,-0.17612,0.043882,0.12812,-0.13346,0.069366,-0.21591,-0.32589,-0.20372,-0.28903,0.065301,-0.15501,-0.23908,-0.22919
0.33998,0.30085,-0.16272,-0.047307,-0.038064,0.39164,-0.11837,0.36592,0.021197,0.38835,0.56256,1,0.20469,0.85586,0.44353,0.49715,0.44912,0.52656,0.29226,-0.15503,-0.13849,-0.23402,0.10516,-0.085696,-0.078832,-0.11952,0.069844,0.092958,0.022265,0.20028,0.25994,0.19033,0.44002,0.32788,-0.021933,-0.0081573,0.16928,0.20925,0.14601,-0.069133,-0.30733,-0.39608,-0.42942,-0.23921,-0.19677,0.1701,-0.34961,-0.18274,0.18925,0.0027999,-0.080104,-0.02918,-0.33617,-0.21569,-0.033676,-0.022354,0.22205,0.16928,-0.15164,-0.15725,0.14781,0.15407,0.1334,0.42489,0.024072,0.32363,-0.4064,-0.36455,-0.042378,-0.23807,0.03782,-0.044702,0.29322,0.47457,0.12125,0.29625,0.078767,0.12161,0.10597,0.33209,-0.070263,0.20333,-0.27381,-0.24629,-0.22186,-0.062072,-0.11295,0.10622,-0.2333,0.022377
0.56359,-0.11381,0.2594,-0.29445,-0.056207,-0.12462,0.6325,-0.071159,0.58892,-0.12164,0.64107,0.20469,1,0.18017,0.60988,0.012716,0.36159,-0.11266,0.25846,0.0046987,0.0029899,-0.26931,-0.011289,-0.068747,-0.16746,-0.061493,-0.17994,-0.09742,0.2295,-0.0089481,0.36209,0.098485,0.41903,0.33454,0.14324,0.043996,-0.022697,-0.14028,-0.071389,-0.314,-0.37104,-0.43422,-0.26473,-0.3612,0.26139,-0.125,-0.3287,-0.21452,0.31862,-0.046894,0.11751,0.03891,-0.4233,-0.35462,-0.28522,-0.25627,0.31722,-0.27534,0.07971,-0.11594,0.25387,-0.19536,0.34658,-0.10135,0.28715,0.045828,-0.24301,-0.26311,0.076007,-0.16827,-0.1545,-0.041837,0.068127,0.092408,0.17466,0.27826,-0.0011171,-0.16092,0.16615,-0.010833,0.19556,-0.24511,-0.23301,-0.48209,-0.0036443,-0.41991,-0.12927,-0.21676,-0.28554,-0.24045
0.2167,0.194,-0.16278,0.014152,0.021558,0.38573,-0.13826,0.55675,0.12606,0.52301,0.474,0.85586,0.18017,1,0.43471,0.37851,0.32277,0.32205,0.24428,-0.13275,-0.15399,-0.25162,0.29564,0.026588,0.05796,0.044239,0.13539,0.11801,0.028043,0.057587,0.24944,0.18306,0.255,0.17313,0.11795,0.16607,-0.02307,0.063443,0.075121,-0.15642,-0.29911,-0.40371,-0.32499,-0.074723,-0.19474,0.1945,-0.22711,-0.04917,0.21681,0.08889,0.15815,0.24058,-0.36131,-0.20641,-0.072035,-0.060159,0.088359,0.099407,-0.18342,-0.1822,0.070043,0.1799,0.025893,0.26653,0.080188,0.44616,-0.30235,-0.27974,0.038536,-0.15592,0.10568,0.024951,0.189,0.25885,0.091306,0.17303,-0.04256,-0.007835,-0.022388,0.21382,-0.16186,0.084246,-0.27677,-0.31988,-0.27653,0.099583,-0.16659,-0.024585,-0.32887,0.035219
0.34133,0.1097,0.10908,-0.16333,0.091857,0.11274,0.27275,0.11664,0.45523,0.17639,0.59241,0.44353,0.60988,0.43471,1,0.21953,0.43091,0.16094,0.21531,-0.10637,0.098329,-0.010929,0.045342,-0.071813,0.070816,0.17501,0.091822,0.13032,0.51855,0.26166,0.47598,0.29397,0.30524,0.082766,0.07651,-0.094981,0.073516,-0.15428,0.14197,-0.38521,-0.16575,-0.38237,-0.27638,-0.34638,-0.067246,-0.29586,-0.43713,-0.33795,0.069911,-0.28433,0.10434,-0.076676,-0.44405,-0.39551,-0.3081,-0.24559,0.14859,-0.041659,-0.16077,-0.19709,0.064218,-0.20458,0.14213,-0.029803,0.25021,0.050415,-0.40635,-0.5104,0.01866,-0.25676,0.10504,0.09983,0.38975,0.25094,0.36036,0.44109,0.03451,-0.199,0.25705,-0.077607,0.24683,0.09714,0.21549,-0.40168,0.23939,-0.21294,0.070797,-0.20363,-0.11568,-0.13587
0.015431,-0.037677,-0.17597,-0.18531,0.061383,0.56503,-0.24537,-0.1071,-0.062644,0.19914,0.38424,0.49715,0.012716,0.37851,0.21953,1,0.22889,0.59897,-0.053329,-0.33924,-0.15809,-0.061694,-0.095953,-0.18255,0.087538,0.1152,0.1446,0.18976,0.078586,0.69801,-0.007126,-0.020945,0.093213,-0.015556,-0.15447,-0.080967,0.32646,0.38927,0.19991,0.14559,-0.19465,-0.063186,-0.16102,-0.057584,-0.033209,0.31494,-0.20201,0.01778,0.14273,-0.013131,-0.020429,0.05347,-0.062335,0.098522,0.12829,0.18806,-0.012372,0.00067748,-0.17386,-0.20559,-0.1213,-0.11762,-0.096667,0.089537,-0.17692,0.054799,-0.15558,-0.15578,-0.14523,-0.21275,0.20351,0.11068,0.23721,0.55685,-0.10704,0.18434,0.038897,0.092748,-0.12422,0.26887,-0.28865,0.18073,-0.082428,0.2896,-0.39947,0.12048,0.064394,0.43142,0.042267,0.11017
0.52584,0.21537,-0.38532,-0.44517,-0.075813,0.073571,-0.034348,-0.067177,0.069734,0.064685,0.45104,0.44912,0.36159,0.32277,0.43091,0.22889,1,0.39722,0.30034,-0.21902,0.050756,-0.11691,-0.25682,-0.54103,-0.2538,-0.26365,-0.048117,-0.099851,0.38772,0.15387,0.14052,-0.098535,0.55976,0.24729,-0.14205,-0.073204,0.20491,0.0027988,-0.16862,-0.18532,-0.20716,-0.19045,-0.49786,-0.46079,0.12804,-0.19724,-0.46867,-0.34834,0.20968,-0.33028,-0.4712,-0.28716,-0.38188,-0.40771,-0.10155,-0.068895,0.56204,0.041029,0.010735,-0.14858,0.31855,-0.21922,0.3047,0.25982,-0.25586,-0.22686,-0.32772,-0.42721,-0.0067173,-0.29208,0.0041165,-0.15995,0.28274,0.20469,0.16495,0.18294,0.37927,0.17501,0.5937,0.13904,0.54577,0.10681,-0.023244,-0.12269,0.25074,-0.50338,-0.0066703,-0.051827,-0.24843,-0.15501
-0.0060086,0.34242,-0.22555,-0.18105,0.18306,0.48434,-0.32451,-0.14581,-0.10138,0.33658,0.14326,0.52656,-0.11266,0.32205,0.16094,0.59897,0.39722,1,0.042224,-0.21601,-0.067649,-0.037908,-0.15122,-0.18878,0.030207,-0.05131,0.17554,0.21761,-0.014247,0.44221,0.10062,0.083486,0.36666,0.24349,-0.18757,-0.13693,0.29304,0.31534,0.1111,0.025605,-0.15468,-0.12592,-0.25179,-0.20373,-0.34728,-0.009078,-0.15044,-0.015098,-0.21371,-0.22497,-0.2941,-0.23524,-0.0402,0.061159,0.033956,0.011192,0.18353,0.30107,-0.23013,-0.21067,-0.08749,-0.12504,0.038575,0.33753,-0.34732,-0.098028,-0.38689,-0.36991,-0.19498,-0.23077,0.0099771,-0.01074,0.25608,0.55735,-0.1074,0.14978,0.12722,0.22168,0.34766,0.54714,0.18784,0.4428,-0.099024,0.11822,-0.051411,-0.047327,-0.13194,0.29093,-0.095483,0.0099314
0.59692,0.17764,0.24653,-0.074371,-0.047313,-0.08316,0.40832,0.18384,0.076734,0.054018,0.23184,0.29226,0.25846,0.24428,0.21531,-0.053329,0.30034,0.042224,1,0.53424,0.12221,-0.023721,0.32662,0.020421,-0.19941,-0.29839,0.053026,0.0099743,-0.023775,-0.21865,0.072567,-0.078886,0.47354,0.21861,0.03673,0.032567,-0.3076,-0.29925,-0.2551,-0.20619,-0.22767,-0.24207,-0.34639,-0.27168,-0.068819,-0.19159,-0.41723,-0.48415,0.26451,-0.036715,-0.17114,-0.084072,-0.43566,-0.47313,-0.24043,-0.24379,0.40712,0.018362,0.20474,-0.012464,0.36865,0.087838,0.13022,0.14879,0.080215,0.095553,0.027043,-0.12687,0.51535,0.084254,-0.076971,0.10294,0.10444,0.048957,0.18122,0.12714,0.12839,0.051872,0.17824,-0.039877,0.12271,-0.047496,-0.20924,-0.23923,0.029677,-0.18271,-0.1576,-0.14292,-0.46113,-0.2227
0.23937,0.27133,0.48824,0.32709,-0.13658,-0.29438,0.39457,0.19716,-0.055352,-0.14093,-0.072152,-0.15503,0.0046987,-0.13275,-0.10637,-0.33924,-0.21902,-0.21601,0.53424,1,0.036022,-0.0061224,0.22434,0.31542,-0.18364,-0.15881,-0.12985,-0.080464,-0.15961,-0.34419,-0.081284,-0.0086503,0.094198,0.15455,-0.09314,-0.13957,-0.45873,-0.27222,-0.10993,-0.060245,-0.08556,-0.14687,-0.070819,0.045129,-0.15874,-0.019343,-0.092581,-0.18804,0.050448,0.22406,-0.002851,-0.034763,-0.13663,-0.050186,-0.076043,-0.096687,0.21678,0.14862,0.34743,0.1983,0.2979,0.2832,0.27672,0.13308,0.15718,0.011423,0.31898,0.21541,0.56586,0.59301,-0.10578,0.063728,-0.30965,-0.26408,-0.091409,-0.2068,-0.21498,-0.084055,0.015496,-0.12346,0.019674,0.041203,-0.14463,-0.18932,-0.023628,-0.045556,-0.1034,-0.19273,-0.20099,-0.15553
-0.06209,-0.088174,0.031317,-0.07821,0.42107,-0.002377,0.063448,-0.11481,0.15024,0.039013,-0.16952,-0.13849,0.0029899,-0.15399,0.098329,-0.15809,0.050756,-0.067649,0.12221,0.036022,1,0.71762,0.17285,0.014524,0.27249,0.19624,0.35141,0.26274,0.19001,-0.0093469,0.18464,0.092514,0.010777,-0.17893,0.17264,0.019083,-0.1662,-0.32118,-0.045591,-0.1763,0.049814,-0.025759,0.14176,-0.080316,0.0086686,-0.36566,0.083878,-0.092706,-0.071412,-0.071031,0.10971,0.058144,-0.015432,-0.17842,-0.10314,-0.24302,-0.13453,-0.143,-0.19289,-0.12323,-0.16861,-0.21653,-0.19214,-0.15901,-0.0058052,-0.079566,-0.013101,-0.21207,0.098947,-0.11744,0.041599,0.2699,0.42802,0.17558,0.56797,0.44404,0.19066,0.073079,0.22312,-0.22317,0.20188,-0.066005,0.13335,-0.093373,0.1009,0.11445,-0.078518,0.047592,-0.011198,-0.042892
-0.28823,-0.072136,0.010537,0.01911,0.28279,-0.020567,-0.10363,-0.1425,-0.11257,-0.020758,-0.33787,-0.23402,-0.26931,-0.25162,-0.010929,-0.061694,-0.11691,-0.037908,-0.023721,-0.0061224,0.71762,1,0.089303,0.034275,0.28124,0.29209,0.28888,0.25488,0.20821,0.19315,0.032089,0.13277,-0.29102,-0.3372,0.020749,-0.053318,-0.073788,-0.22458,0.062477,-0.028932,0.38614,0.31004,0.14363,0.012851,-0.051078,-0.30401,0.023198,-0.11923,-0.17486,-0.147,0.042461,-0.0084151,0.043107,-0.10005,-0.13538,-0.17508,-0.2522,-0.029252,-0.22635,-0.077902,-0.29406,-0.15626,-0.35912,-0.20388,-0.11642,-0.16067,0.07754,-0.093927,0.010259,-0.050221,0.20273,0.43316,0.39676,0.19362,0.47794,0.34086,0.21396,0.13235,0.015034,-0.27757,0.089434,0.051258,0.42428,0.25498,0.11034,0.25112,0.089742,0.11242,0.087623,-0.011236
-0.062659,-0.11404,0.51356,0.41805,0.27726,0.09695,0.31561,0.41868,0.18945,0.25823,-0.12476,0.10516,-0.011289,0.29564,0.045342,-0.095953,-0.25682,-0.15122,0.32662,0.22434,0.17285,0.089303,1,0.74193,0.51508,0.3117,0.32132,0.24767,-0.19649,-0.21817,0.3095,0.32351,-0.13239,-0.090734,0.50596,0.39312,-0.29794,-0.17282,-0.11226,-0.19408,-0.077523,-0.20882,0.2337,0.20117,-0.042237,0.056875,0.1321,-0.029796,0.074612,0.14423,0.36918,0.31041,-0.14263,-0.16361,-0.12485,-0.202,-0.19849,-0.0038405,-0.073231,-0.000956,-0.16202,0.14825,-0.26613,-0.12983,0.40867,0.4506,0.147,0.14137,0.085494,0.028813,-0.025441,0.24277,0.12521,-0.0087993,0.14763,0.14277,-0.066251,-0.041588,-0.26606,-0.092589,-0.27034,-0.31947,-0.15407,-0.2833,-0.13609,0.35757,-0.091139,0.0060595,-0.25359,-0.0432
-0.19206,-0.047563,0.74518,0.70313,0.15225,-0.03612,0.36647,0.24512,0.11776,0.049259,-0.17237,-0.085696,-0.068747,0.026588,-0.071813,-0.18255,-0.54103,-0.18878,0.020421,0.31542,0.014524,0.034275,0.74193,1,0.52901,0.4271,0.16205,0.21868,-0.2268,-0.16303,0.30935,0.45248,-0.34671,-0.097258,0.37173,0.17676,-0.21115,-0.067795,0.05296,-0.11175,0.028754,-0.14452,0.35719,0.30704,-0.13869,0.062073,0.19947,0.055525,-0.21888,0.12583,0.35262,0.1511,-0.034527,0.0070326,-0.15225,-0.20816,-0.27228,0.076144,-0.037367,0.093951,-0.25647,0.17163,-0.1528,-0.21574,0.42746,0.31442,0.18015,0.22939,-0.019234,0.14105,0.010092,0.19783,-0.07476,-0.058317,-0.046199,0.0047339,-0.21427,-0.11824,-0.31934,-0.093448,-0.35231,-0.25959,-0.085612,-0.24826,-0.11589,0.36857,0.040696,-0.055342,-0.10048,-0.10233
-0.4327,-0.20606,0.21237,0.23328,0.60364,0.36619,-0.1126,-0.02456,0.2312,0.326,-0.19729,-0.078832,-0.16746,0.05796,0.070816,0.087538,-0.2538,0.030207,-0.19941,-0.18364,0.27249,0.28124,0.51508,0.52901,1,0.84741,0.63616,0.57396,0.17658,0.23002,0.51292,0.55341,-0.41481,-0.43758,0.43885,0.27185,-0.20498,-0.23722,0.093376,-0.29478,0.10331,-0.094638,0.42748,0.31565,-0.038427,0.037018,0.22982,0.12675,-0.17967,-0.012265,0.44366,0.29998,-0.018366,-0.010301,-0.22087,-0.29592,-0.48429,-0.085169,-0.41217,-0.24779,-0.47414,-0.11333,-0.44669,-0.33526,0.17389,0.18305,0.0475,0.0079328,-0.091894,-0.12871,0.18813,0.38929,0.30303,0.11568,0.11888,0.20366,-0.18284,-0.29185,-0.25969,-0.20221,-0.2373,-0.11399,0.20514,-0.13754,0.011198,0.48119,-0.011386,0.07357,-0.056648,-0.094492
-0.38254,-0.21235,0.16153,0.2082,0.38364,0.29817,-0.076335,0.010339,0.21857,0.19555,-0.055822,-0.11952,-0.061493,0.044239,0.17501,0.1152,-0.26365,-0.05131,-0.29839,-0.15881,0.19624,0.29209,0.3117,0.4271,0.84741,1,0.45459,0.48223,0.36924,0.37624,0.43922,0.51249,-0.54136,-0.50092,0.38872,0.29797,-0.25489,-0.21711,0.23834,-0.25545,0.068285,-0.13022,0.30255,0.33241,-0.010441,0.080223,0.14318,0.14726,-0.069349,0.089229,0.54336,0.39403,-0.074414,0.016772,-0.20068,-0.15515,-0.44983,-0.10932,-0.31192,-0.19066,-0.39706,-0.041529,-0.34353,-0.38081,0.21317,0.22645,0.10866,0.071177,-0.0094442,-0.019033,0.33632,0.44555,0.17234,0.029198,0.087004,0.1776,-0.22932,-0.37602,-0.27954,-0.24474,-0.23841,-0.10109,0.20463,-0.15262,-0.059745,0.45145,0.069531,0.071382,0.0093477,-0.0061522
-0.26175,0.0812,-0.10434,-0.038908,0.83858,0.721,-0.21163,-0.02029,0.37334,0.70225,-0.27154,0.069844,-0.17994,0.13539,0.091822,0.1446,-0.048117,0.17554,0.053026,-0.12985,0.35141,0.28888,0.32132,0.16205,0.63616,0.45459,1,0.89352,-0.117,-0.054296,0.3289,0.30716,-0.17802,-0.23991,0.23321,0.22451,-0.21882,-0.1571,0.033546,-0.13103,-0.035522,-0.12084,0.28709,0.22039,-0.17296,-0.060889,0.17778,0.12811,-0.031393,-0.10587,0.1824,0.064288,0.13159,-0.1022,0.011943,-0.066233,-0.18308,0.14059,-0.23816,-0.24597,-0.12653,0.055281,-0.38477,0.0075663,-0.05089,0.10096,0.03595,-0.05366,0.18215,0.076367,-0.086369,0.2317,0.24356,0.14559,0.08997,0.17266,-0.060499,-0.078328,-0.058752,-0.11422,-0.073657,0.034307,0.13666,-0.1039,0.027721,0.32511,-0.32562,0.1081,0.023391,0.12898
-0.24167,0.15801,-0.044397,-0.0078649,0.76588,0.74541,-0.14117,-0.086449,0.42227,0.67207,-0.21245,0.092958,-0.09742,0.11801,0.13032,0.18976,-0.099851,0.21761,0.0099743,-0.080464,0.26274,0.25488,0.24767,0.21868,0.57396,0.48223,0.89352,1,-0.18386,-0.030219,0.36132,0.36,-0.18197,-0.176,0.15929,0.16853,-0.15689,-0.000444,0.21551,-0.025842,-0.054072,-0.13547,0.23854,0.22107,-0.25604,-0.067677,0.20033,0.18922,-0.045443,-0.13313,0.19936,-0.0083438,0.1363,-0.10822,0.011831,-0.014547,-0.10821,0.21209,-0.19224,-0.27095,-0.066835,0.068738,-0.27636,0.025151,-0.043869,0.052412,0.048989,-0.081715,0.26309,0.18593,-0.16703,0.19659,0.11031,0.19393,-0.0059455,0.15943,-0.074945,-0.047805,-0.11872,-0.03708,-0.068053,0.078787,0.11923,-0.1271,-0.0023622,0.26198,-0.31509,0.11351,0.017665,0.18141
0.23079,-0.042811,0.0059385,-0.078501,-0.19351,-0.24933,0.065619,-0.010112,-0.094634,-0.28422,0.39314,0.022265,0.2295,0.028043,0.51855,0.078586,0.38772,-0.014247,-0.023775,-0.15961,0.19001,0.20821,-0.19649,-0.2268,0.17658,0.36924,-0.117,-0.18386,1,0.57517,0.33647,0.22183,0.035936,-0.25568,-0.05345,-0.1813,-0.04162,-0.37706,0.0013476,-0.4694,0.023833,-0.14903,-0.27434,-0.32992,0.11763,-0.23522,-0.4595,-0.40209,-0.0097765,-0.21177,-0.015916,-0.013601,-0.36167,-0.19888,-0.32363,-0.25286,0.016689,-0.1604,-0.11039,0.019556,-0.098323,-0.32681,0.064251,-0.21032,0.05601,-0.15995,-0.28276,-0.31002,-0.092588,-0.28468,0.49001,0.2507,0.42659,0.077222,0.42546,0.33221,0.087763,-0.31441,0.23886,-0.29726,0.32464,0.10357,0.39687,-0.16851,0.2836,-0.15174,0.32445,-0.14565,-0.070964,-0.20789
-0.050929,-0.1207,-0.038287,-0.095361,-0.12259,0.1655,-0.16298,-0.16786,-0.26577,-0.15741,0.32963,0.20028,-0.0089481,0.057587,0.26166,0.69801,0.15387,0.44221,-0.21865,-0.34419,-0.0093469,0.19315,-0.21817,-0.16303,0.23002,0.37624,-0.054296,-0.030219,0.57517,1,0.15567,0.19045,-0.058273,-0.17389,-0.15976,-0.1689,0.27506,0.13418,0.21938,-0.11072,0.020795,0.010517,-0.18534,-0.19609,0.010658,0.11725,-0.33493,-0.16261,-0.054947,-0.10902,-0.019991,0.020853,-0.12007,0.11447,-0.097981,-0.0293,-0.15023,-0.083952,-0.21758,-0.046793,-0.31524,-0.25843,-0.10786,-0.11211,-0.08757,-0.055376,-0.29187,-0.17901,-0.32815,-0.33715,0.45942,0.2905,0.39544,0.50883,0.15855,0.35847,0.070196,-0.081549,-0.068523,0.098805,-0.059173,0.24979,0.23575,0.24933,-0.14637,0.087294,0.2776,0.34039,0.085841,-0.11008
0.13568,0.13458,0.24667,0.17019,0.2612,0.11582,0.1993,0.10839,0.24513,0.12737,0.24311,0.25994,0.36209,0.24944,0.47598,-0.007126,0.14052,0.10062,0.072567,-0.081284,0.18464,0.032089,0.3095,0.30935,0.51292,0.43922,0.3289,0.36132,0.33647,0.15567,1,0.84197,0.17082,0.051239,0.16383,-0.073253,-0.18184,-0.26483,0.18352,-0.40678,-0.16578,-0.45511,-0.032518,-0.12783,-0.089185,-0.18182,-0.16343,-0.18193,-0.081569,-0.097063,0.098428,-0.020542,-0.27723,-0.20118,-0.31806,-0.38962,0.0007045,0.046666,-0.2178,-0.059079,-0.12855,-0.12931,0.022374,0.059395,0.24143,0.12582,-0.38895,-0.30642,-0.017734,-0.17724,-0.12251,0.038204,0.2548,0.13198,0.3029,0.38469,-0.22569,-0.40599,0.058104,-0.02074,0.14994,0.12864,0.020346,-0.54435,0.19948,0.074466,-0.11085,-0.016911,-0.20338,-0.11329
-0.095248,0.10807,0.27492,0.3425,0.19351,0.11443,0.07555,0.18547,0.068742,0.1398,0.077069,0.19033,0.098485,0.18306,0.29397,-0.020945,-0.098535,0.083486,-0.078886,-0.0086503,0.092514,0.13277,0.32351,0.45248,0.55341,0.51249,0.30716,0.36,0.22183,0.19045,0.84197,1,-0.04719,0.084887,0.098956,-0.051133,-0.19272,-0.16815,0.28023,-0.28455,-0.040086,-0.29678,0.061826,0.048563,-0.12711,-0.038778,-0.097549,-0.12542,-0.17638,-0.088707,0.08868,-0.067051,-0.13059,-0.06197,-0.28753,-0.33616,-0.15886,0.11903,-0.22156,-0.014425,-0.20909,0.04703,-0.038595,0.089646,0.23991,0.15913,-0.28148,-0.11318,-0.090872,-0.060741,-0.053788,0.11333,0.18848,0.15489,0.22129,0.33704,-0.25992,-0.35147,-0.13081,-0.0054164,0.008906,0.18714,0.11174,-0.3795,0.15624,0.21334,-0.10647,-0.0010872,-0.071625,-0.090237
0.52767,0.2125,-0.096023,-0.33755,-0.1289,-0.045941,0.14368,-0.082212,0.067067,0.014685,0.41018,0.44002,0.41903,0.255,0.30524,0.093213,0.55976,0.36666,0.47354,0.094198,0.010777,-0.29102,-0.13239,-0.34671,-0.41481,-0.54136,-0.17802,-0.18197,0.035936,-0.058273,0.17082,-0.04719,1,0.68315,-0.20963,-0.23306,0.12524,-0.0011416,-0.16267,-0.19425,-0.4207,-0.36493,-0.47734,-0.53915,-0.082751,-0.19473,-0.38335,-0.33138,0.047598,-0.21386,-0.4295,-0.34205,-0.2907,-0.19654,-0.15279,-0.23953,0.46863,-0.0083493,0.03263,-0.10555,0.29046,-0.22143,0.40483,0.33825,-0.17024,-0.18738,-0.42218,-0.47388,0.013459,-0.26546,-0.2629,-0.309,0.21414,0.30987,0.16701,0.26725,0.20096,0.18734,0.43014,0.36634,0.40929,0.21256,-0.34,-0.29427,0.078919,-0.49702,-0.23354,-0.07997,-0.40932,-0.20531
0.28765,0.16261,0.0066775,-0.16794,-0.18261,-0.040724,0.15209,0.0067413,0.042993,0.030773,0.2594,0.32788,0.33454,0.17313,0.082766,-0.015556,0.24729,0.24349,0.21861,0.15455,-0.17893,-0.3372,-0.090734,-0.097258,-0.43758,-0.50092,-0.23991,-0.176,-0.25568,-0.17389,0.051239,0.084887,0.68315,1,-0.11923,-0.047567,0.11186,0.22318,-0.052333,-0.067666,-0.39975,-0.33327,-0.35211,-0.30629,-0.030192,0.082293,-0.23313,-0.17558,-0.029601,-0.09623,-0.33799,-0.30516,-0.15812,-0.052956,-0.064432,-0.14489,0.33969,0.10659,0.10143,-0.013912,0.29692,0.096017,0.45925,0.43274,-0.016046,-0.0058328,-0.32594,-0.12554,-0.12436,-0.043075,-0.34398,-0.32367,-0.017726,0.23226,0.026136,0.14124,0.11291,0.26251,0.22942,0.45114,0.24371,0.17955,-0.41145,-0.27721,-0.049029,-0.41225,-0.36867,-0.016448,-0.23057,-0.19409
-0.17113,-0.38481,0.16754,0.01645,0.31025,0.047603,0.1984,0.12976,0.36497,0.11845,-0.068291,-0.021933,0.14324,0.11795,0.07651,-0.15447,-0.14205,-0.18757,0.03673,-0.09314,0.17264,0.020749,0.50596,0.37173,0.43885,0.38872,0.23321,0.15929,-0.05345,-0.15976,0.16383,0.098956,-0.20963,-0.11923,1,0.78009,-0.22855,-0.20198,-0.11193,-0.27561,-0.10233,-0.23037,0.27944,0.22378,0.23158,0.088981,0.24379,0.079406,0.11347,0.24283,0.59287,0.54678,-0.24299,-0.24212,-0.21225,-0.21957,-0.32354,-0.32003,-0.21172,-0.21043,-0.18819,0.12181,-0.22434,-0.24214,0.49877,0.55915,0.16776,0.2276,-0.030433,-0.1515,0.052004,0.23252,0.15338,-0.095315,0.15302,0.042631,-0.017818,-0.14328,-0.077524,-0.16002,-0.173,-0.45083,-0.1538,-0.30812,-0.038648,0.29702,-0.095042,-0.028051,-0.073806,-0.081688
-0.15982,-0.36055,-0.096814,-0.12824,0.20941,0.15121,0.052575,0.16917,0.27329,0.22397,-0.14212,-0.0081573,0.043996,0.16607,-0.094981,-0.080967,-0.073204,-0.13693,0.032567,-0.13957,0.019083,-0.053318,0.39312,0.17676,0.27185,0.29797,0.22451,0.16853,-0.1813,-0.1689,-0.073253,-0.051133,-0.23306,-0.047567,0.78009,1,-0.23656,-0.033641,-0.10156,-0.11313,-0.12254,-0.10113,0.14684,0.24905,0.23663,0.20805,0.2425,0.1757,0.25918,0.24356,0.44176,0.53332,-0.14812,-0.22434,-0.066656,-0.028439,-0.19707,-0.24174,-0.11051,-0.1835,-0.098487,0.22674,-0.25074,-0.14745,0.28478,0.54613,0.23119,0.35882,0.021922,-0.039269,0.019503,0.18193,-0.021157,-0.070008,-0.039526,-0.048976,0.097631,0.026514,-0.15502,0.003459,-0.15584,-0.46695,-0.23917,-0.13906,-0.14371,0.20556,-0.25689,0.019085,-0.1341,-0.014785
-0.077381,0.0074118,-0.2219,-0.15386,-0.12176,0.10906,-0.20012,-0.21663,-0.087334,-0.011695,0.044085,0.16928,-0.022697,-0.02307,0.073516,0.32646,0.20491,0.29304,-0.3076,-0.45873,-0.1662,-0.073788,-0.29794,-0.21115,-0.20498,-0.25489,-0.21882,-0.15689,-0.04162,0.27506,-0.18184,-0.19272,0.12524,0.11186,-0.22855,-0.23656,1,0.68628,0.2512,0.36044,0.15646,0.23573,-0.098071,-0.24462,-0.095913,-0.094925,-0.074725,0.01431,-0.25586,-0.40001,-0.31321,-0.35176,0.14254,0.060254,0.2459,0.22119,0.051672,0.057647,-0.1845,-0.078286,-0.12476,-0.22086,-0.041752,0.018246,-0.28974,-0.25411,-0.31874,-0.28585,-0.50463,-0.34042,-0.049504,-0.24058,0.20687,0.38636,0.0083396,0.12819,0.41829,0.39148,0.14666,0.24203,0.16668,0.14634,0.16493,0.31085,0.10018,-0.17613,0.37713,0.28616,0.27215,0.090819
-0.096633,0.098201,-0.19565,-0.0090306,-0.15692,0.29881,-0.18105,-0.075163,-0.11431,0.13137,-0.0012201,0.20925,-0.14028,0.063443,-0.15428,0.38927,0.0027988,0.31534,-0.29925,-0.27222,-0.32118,-0.22458,-0.17282,-0.067795,-0.23722,-0.21711,-0.1571,-0.000444,-0.37706,0.13418,-0.26483,-0.16815,-0.0011416,0.22318,-0.20198,-0.033641,0.68628,1,0.42674,0.58888,-0.084219,0.1129,-0.018351,0.090966,-0.15967,0.25342,0.18451,0.32713,-0.095154,-0.068301,-0.16641,-0.18499,0.33067,0.26198,0.55226,0.57058,0.12286,0.24699,0.036009,0.041107,0.032795,0.10768,-0.009129,0.16017,-0.23154,-0.032003,-0.11287,0.04197,-0.32593,0.015121,-0.10718,-0.20371,-0.12139,0.31295,-0.20217,0.001462,0.1726,0.37156,-0.1006,0.42854,-0.11237,0.09986,-0.16657,0.22633,-0.19228,-0.023039,0.14271,0.51226,0.36654,0.36185
-0.078976,0.23766,-0.06028,0.11905,-0.024017,0.25063,-0.12094,0.093111,-0.081545,0.093646,0.084513,0.14601,-0.071389,0.075121,0.14197,0.19991,-0.16862,0.1111,-0.2551,-0.10993,-0.045591,0.062477,-0.11226,0.05296,0.093376,0.23834,0.033546,0.21551,0.0013476,0.21938,0.18352,0.28023,-0.16267,-0.052333,-0.11193,-0.10156,0.2512,0.42674,1,0.44181,0.13362,-0.046591,-0.047564,0.11392,-0.29851,0.071693,0.092327,0.17279,-0.11015,0.014971,0.15802,-0.055502,0.12498,0.17672,0.30443,0.30052,-0.04372,0.26226,-0.0034835,0.076152,-0.0017324,0.15484,-0.026897,0.077719,-0.0070357,0.067496,-0.087991,0.022344,0.020519,0.14804,0.084914,-0.0083634,-0.008446,0.12011,0.03928,0.1203,-0.19052,-0.22136,-0.15918,0.15633,-0.17498,0.23252,0.074219,-0.068216,-0.1491,0.16962,0.18855,0.40983,0.36963,0.37577
-0.15212,0.07794,-0.23649,0.0024089,-0.11398,0.14108,-0.20741,-0.046877,-0.2189,-0.0013327,-0.2516,-0.069133,-0.314,-0.15642,-0.38521,0.14559,-0.18532,0.025605,-0.20619,-0.060245,-0.1763,-0.028932,-0.19408,-0.11175,-0.29478,-0.25545,-0.13103,-0.025842,-0.4694,-0.11072,-0.40678,-0.28455,-0.19425,-0.067666,-0.27561,-0.11313,0.36044,0.58888,0.44181,1,0.32352,0.53384,-0.0027452,0.13009,-0.18502,0.10159,0.26148,0.28292,-0.07198,0.041881,-0.15589,-0.14785,0.35427,0.19527,0.57391,0.56238,0.066832,0.18085,0.15926,0.11722,0.099353,0.19725,-0.092327,0.098367,-0.30938,-0.095762,0.23942,0.24734,0.0055427,0.24206,-0.17397,-0.22814,-0.3283,-0.04768,-0.30673,-0.26018,-0.031477,0.15285,-0.11606,0.10478,-0.18543,0.0058244,0.0015817,0.55216,-0.18202,0.12423,0.21881,0.43316,0.49015,0.45911
-0.33731,-0.09123,-0.037087,0.026025,-0.0011668,-0.20306,-0.21276,-0.097534,-0.21933,-0.15449,-0.33053,-0.30733,-0.37104,-0.29911,-0.16575,-0.19465,-0.20716,-0.15468,-0.22767,-0.08556,0.049814,0.38614,-0.077523,0.028754,0.10331,0.068285,-0.035522,-0.054072,0.023833,0.020795,-0.16578,-0.040086,-0.4207,-0.39975,-0.10233,-0.12254,0.15646,-0.084219,0.13362,0.32352,1,0.7549,0.048315,-0.077983,-0.13012,-0.26595,0.048509,-0.047249,-0.33532,-0.24371,-0.074076,-0.078762,0.051241,-0.037799,-0.11696,-0.10407,-0.28732,-0.036642,-0.24354,-0.050876,-0.3402,-0.1283,-0.29519,-0.23356,-0.20912,-0.23912,0.060416,0.031138,-0.14073,-0.063598,0.054794,0.025272,0.0074349,-0.14914,0.035551,-0.12593,0.071368,-0.02055,-0.045634,-0.28623,0.020103,0.083712,0.67418,0.55304,0.25669,0.15117,0.40357,-0.083368,0.26128,-0.087438
-0.36804,-0.23956,-0.18794,-0.14921,-0.060231,-0.18102,-0.27598,-0.25762,-0.27411,-0.19575,-0.41951,-0.39608,-0.43422,-0.40371,-0.38237,-0.063186,-0.19045,-0.12592,-0.24207,-0.14687,-0.025759,0.31004,-0.20882,-0.14452,-0.094638,-0.13022,-0.12084,-0.13547,-0.14903,0.010517,-0.45511,-0.29678,-0.36493,-0.33327,-0.23037,-0.10113,0.23573,0.1129,-0.046591,0.53384,0.7549,1,0.03675,-0.085146,-0.056412,-0.2128,0.082258,-0.018483,-0.2913,-0.29159,-0.23035,-0.12834,0.15822,-0.036853,-0.007826,0.023254,-0.20445,-0.14319,-0.15788,-0.086919,-0.26318,-0.16788,-0.31079,-0.26231,-0.39072,-0.33926,0.15604,0.063432,-0.16034,-0.05662,0.0082101,0.011065,-0.10969,-0.091608,-0.12854,-0.21621,0.19692,0.18038,-0.097872,-0.20579,-0.0085643,-0.031457,0.54706,0.87353,0.17602,0.098416,0.31598,-0.02226,0.28692,-0.032827
-0.4955,-0.24635,0.15925,0.21812,0.31956,0.059969,-0.066583,-0.24419,0.19471,0.058884,-0.45975,-0.42942,-0.26473,-0.32499,-0.27638,-0.16102,-0.49786,-0.25179,-0.34639,-0.070819,0.14176,0.14363,0.2337,0.35719,0.42748,0.30255,0.28709,0.23854,-0.27434,-0.18534,-0.032518,0.061826,-0.47734,-0.35211,0.27944,0.14684,-0.098071,-0.018351,-0.047564,-0.0027452,0.048315,0.03675,1,0.74801,0.25774,0.2051,0.69933,0.5352,-0.020892,0.18441,0.37955,0.18539,0.53012,0.39012,0.16318,0.12443,-0.41516,-0.051478,-0.13185,-0.075482,-0.30291,-0.016011,-0.2936,-0.22168,0.18978,-0.021296,0.3876,0.24848,-0.070126,0.084544,-0.057186,0.042055,-0.076135,-0.17088,-0.098451,-0.11855,-0.14174,-0.031735,-0.30678,-0.14166,-0.29723,-0.19333,0.0095921,0.0067124,0.030887,0.35325,-0.035,0.020038,0.20671,0.13692
-0.45433,-0.18098,0.015318,0.30022,0.1566,0.19552,-0.21793,-0.012613,0.043273,0.18199,-0.33231,-0.23921,-0.3612,-0.074723,-0.34638,-0.057584,-0.46079,-0.20373,-0.27168,0.045129,-0.080316,0.012851,0.20117,0.30704,0.31565,0.33241,0.22039,0.22107,-0.32992,-0.19609,-0.12783,0.048563,-0.53915,-0.30629,0.22378,0.24905,-0.24462,0.090966,0.11392,0.13009,-0.077983,-0.085146,0.74801,1,0.18037,0.51549,0.62311,0.62539,0.16754,0.4313,0.43802,0.31433,0.45941,0.47357,0.29091,0.34842,-0.34983,0.025563,-0.010151,-0.062416,-0.10514,0.26852,-0.22992,-0.060113,0.16926,0.16514,0.51273,0.43275,0.1164,0.2908,0.080753,0.082368,-0.29525,-0.29762,-0.26499,-0.28762,-0.27868,-0.087436,-0.43486,-0.055176,-0.48291,-0.12909,-0.21302,-0.033623,-0.19477,0.44584,-0.073821,0.12024,0.16142,0.28008
0.084613,-0.40536,-0.022386,-0.11989,-0.15003,-0.27031,0.20904,-0.11496,0.069308,-0.37727,0.10541,-0.19677,0.26139,-0.19474,-0.067246,-0.033209,0.12804,-0.34728,-0.068819,-0.15874,0.0086686,-0.051078,-0.042237,-0.13869,-0.038427,-0.010441,-0.17296,-0.25604,0.11763,0.010658,-0.089185,-0.12711,-0.082751,-0.030192,0.23158,0.23663,-0.095913,-0.15967,-0.29851,-0.18502,-0.13012,-0.056412,0.25774,0.18037,1,0.38912,0.039453,0.035371,0.59081,0.26383,0.11182,0.23699,-0.099193,-0.11855,-0.10033,0.0085926,-0.047388,-0.34649,0.11245,0.019722,0.0095942,-0.13338,0.048013,-0.11537,0.15495,-0.016842,0.32951,0.33584,-0.10536,-0.17626,-0.017239,0.004217,-0.019963,-0.1273,0.056272,0.044137,0.023629,-0.044942,-0.14897,-0.23982,-0.081165,-0.35421,-0.15555,-0.052028,-0.083594,-0.12508,-0.055559,-0.12471,-0.063665,-0.11232
-0.1455,-0.19937,-0.044619,0.12495,-0.16741,0.21583,-0.17513,0.14717,-0.13682,0.025381,0.17547,0.1701,-0.125,0.1945,-0.29586,0.31494,-0.19724,-0.009078,-0.19159,-0.019343,-0.36566,-0.30401,0.056875,0.062073,0.037018,0.080223,-0.060889,-0.067677,-0.23522,0.11725,-0.18182,-0.038778,-0.19473,0.082293,0.088981,0.20805,-0.094925,0.25342,0.071693,0.10159,-0.26595,-0.2128,0.2051,0.51549,0.38912,1,0.1784,0.3458,0.47498,0.648,0.31621,0.40435,0.14338,0.43684,0.22937,0.29177,-0.18418,-0.064628,0.10219,0.022887,0.052609,0.33387,0.030619,0.16929,0.16489,0.35617,0.26541,0.5123,-0.073412,0.14989,0.10201,-0.029251,-0.24792,-0.0042571,-0.3177,-0.17502,-0.30313,-0.058079,-0.46637,0.17011,-0.58264,-0.027041,-0.44238,-0.017745,-0.52406,0.22162,-0.14398,0.17742,0.021646,0.11983
-0.4722,-0.15084,-0.09492,0.14907,0.28916,0.13226,-0.1588,-0.10931,0.15587,0.14207,-0.50788,-0.34961,-0.3287,-0.22711,-0.43713,-0.20201,-0.46867,-0.15044,-0.41723,-0.092581,0.083878,0.023198,0.1321,0.19947,0.22982,0.14318,0.17778,0.20033,-0.4595,-0.33493,-0.16343,-0.097549,-0.38335,-0.23313,0.24379,0.2425,-0.074725,0.18451,0.092327,0.26148,0.048509,0.082258,0.69933,0.62311,0.039453,0.1784,1,0.81955,-0.087034,0.27632,0.37981,0.27018,0.6455,0.46018,0.46695,0.36541,-0.31652,-0.014523,-0.086136,-0.049986,-0.21373,0.052689,-0.28151,-0.12852,-0.011916,0.027787,0.34191,0.2748,-0.039289,0.17001,-0.16516,-0.088518,-0.26968,-0.23714,-0.2339,-0.29001,-0.16417,0.035594,-0.21392,0.0043153,-0.27369,-0.218,-0.16421,0.042446,-0.13189,0.35975,-0.12465,0.16648,0.30249,0.39706
-0.3941,-0.1047,-0.18211,0.10224,0.18053,0.28621,-0.21049,-0.065568,0.15761,0.23076,-0.28419,-0.18274,-0.21452,-0.04917,-0.33795,0.01778,-0.34834,-0.015098,-0.48415,-0.18804,-0.092706,-0.11923,-0.029796,0.055525,0.12675,0.14726,0.12811,0.18922,-0.40209,-0.16261,-0.18193,-0.12542,-0.33138,-0.17558,0.079406,0.1757,0.01431,0.32713,0.17279,0.28292,-0.047249,-0.018483,0.5352,0.62539,0.035371,0.3458,0.81955,1,0.051063,0.31508,0.39203,0.29331,0.64576,0.58651,0.48109,0.49924,-0.22981,0.023429,-0.048838,-0.066439,-0.15171,0.024874,-0.19817,-0.086238,-0.13681,-0.017373,0.26927,0.26036,-0.05987,0.19599,-0.13424,-0.16567,-0.31509,-0.11503,-0.31727,-0.25688,-0.21228,0.029918,-0.23687,0.14923,-0.33104,-0.10905,-0.27438,0.027375,-0.31613,0.28997,-0.15224,0.21014,0.25078,0.44241
0.31405,-0.12506,-0.10734,-0.19596,-0.13202,0.0719,0.17143,0.14697,0.15788,-0.022909,0.30046,0.18925,0.31862,0.21681,0.069911,0.14273,0.20968,-0.21371,0.26451,0.050448,-0.071412,-0.17486,0.074612,-0.21888,-0.17967,-0.069349,-0.031393,-0.045443,-0.0097765,-0.054947,-0.081569,-0.17638,0.047598,-0.029601,0.11347,0.25918,-0.25586,-0.095154,-0.11015,-0.07198,-0.33532,-0.2913,-0.020892,0.16754,0.59081,0.47498,-0.087034,0.051063,1,0.51373,0.22993,0.29854,-0.095417,-0.1184,0.090563,0.23077,0.16751,-0.15043,0.28307,0.01688,0.3376,0.20217,0.10895,0.1007,0.21041,0.25104,0.39248,0.34272,0.3296,0.14806,-0.056869,0.016969,-0.15193,-0.10572,-0.07038,-0.0011863,-0.028464,-0.022911,-0.21035,-0.01462,-0.19065,-0.3024,-0.3803,-0.22766,-0.31853,-0.1553,-0.20488,-0.027098,-0.20746,0.098077
-0.096942,-0.19058,0.042448,0.15754,-0.096468,-0.0084211,0.0030249,0.25073,-0.068907,-0.093276,0.029981,0.0027999,-0.046894,0.08889,-0.28433,-0.013131,-0.33028,-0.22497,-0.036715,0.22406,-0.071031,-0.147,0.14423,0.12583,-0.012265,0.089229,-0.10587,-0.13313,-0.21177,-0.10902,-0.097063,-0.088707,-0.21386,-0.09623,0.24283,0.24356,-0.40001,-0.068301,0.014971,0.041881,-0.24371,-0.29159,0.18441,0.4313,0.26383,0.648,0.27632,0.31508,0.51373,1,0.50891,0.6664,0.073279,0.35402,0.23393,0.21368,-0.23988,-0.16739,0.14343,0.13462,0.016091,0.3961,-0.026802,0.079693,0.28108,0.54466,0.36829,0.56356,0.14135,0.27657,-0.016917,0.068825,-0.3437,-0.27391,-0.17916,-0.18759,-0.45326,-0.2394,-0.30314,0.05975,-0.47727,-0.14675,-0.50692,-0.20475,-0.50224,0.37937,-0.19039,0.21863,0.027058,0.20113
-0.30486,-0.3957,0.23023,0.10111,0.26757,0.15306,0.11073,0.1482,0.38516,0.1663,0.060851,-0.080104,0.11751,0.15815,0.10434,-0.020429,-0.4712,-0.2941,-0.17114,-0.002851,0.10971,0.042461,0.36918,0.35262,0.44366,0.54336,0.1824,0.19936,-0.015916,-0.019991,0.098428,0.08868,-0.4295,-0.33799,0.59287,0.44176,-0.31321,-0.16641,0.15802,-0.15589,-0.074076,-0.23035,0.37955,0.43802,0.11182,0.31621,0.37981,0.39203,0.22993,0.50891,1,0.76018,-0.029034,0.11857,-0.11067,-0.05772,-0.55138,-0.36685,-0.23376,-0.22951,-0.29416,0.025857,-0.31342,-0.46387,0.44241,0.48001,0.20545,0.21758,0.084217,0.052155,0.20396,0.34239,-0.041635,-0.15466,0.029964,-0.010148,-0.3749,-0.36469,-0.4049,-0.21389,-0.52879,-0.31806,-0.14985,-0.28387,-0.37716,0.48234,-0.094221,-0.040805,-0.010737,0.048691
