1,-0.096979,0.65652,0.43497,-0.45922,-0.49009,0.68922,-0.22621,-0.28018,-0.24049,0.31749,-0.050157,0.12267,-0.15915,-0.36146,-0.43297,0.053703,-0.061366,0.65129,0.65852,-0.37089,-0.36212,0.56857,0.31355,-0.45292,-0.43147,-0.39599,-0.42964,-0.17853,-0.31276,-0.2438,-0.21672,0.23408,0.20466,-0.037172,-0.1495,-0.22954,-0.15647,-0.22042,-0.20336,-0.31753,-0.30667,-0.26852,-0.30821,-0.20637,-0.14833,-0.41877,-0.42131,-0.11311,-0.17093,-0.11817,-0.062424,-0.17813,-0.25375,-0.3866,-0.38305,0.0069461,-0.21795,-0.28151,-0.27005,-0.1824,-0.29671,-0.0049516,-0.1778,-0.24656,-0.26838,-0.29479,-0.39741,0.53504,0.54487,-0.14658,-0.21168,-0.11966,-0.31025,-0.17612,0.097935,-0.034778,-0.11826,-0.12608,0.016149,0.073592,-0.079039,-0.33246,-0.21274,-0.20775,-0.43653,-0.32728,-0.21879,-0.37165,-0.43373
-0.096979,1,-0.49303,0.23821,0.13045,0.16408,-0.095246,0.90734,0.084714,-0.021895,0.15611,0.63378,0.087211,0.49124,0.069817,0.1442,0.29737,-0.0040212,-0.72277,-0.73276,0.27228,0.096067,-0.13314,0.09689,-0.044185,-0.049856,0.31798,0.3296,-0.051341,0.052227,0.12104,0.037469,0.50484,0.58199,-0.24725,-0.21452,-0.17011,0.03212,0.17746,0.45452,0.39305,0.26575,-0.26195,-0.21965,0.39485,0.35261,0.14395,0.20118,0.1782,0.45339,0.1556,-0.0068155,0.034177,-0.21485,0.38327,0.18085,0.91404,0.9543,0.79536,0.85367,0.88124,0.81339,0.67914,0.51206,0.50909,0.21377,0.51918,0.59745,-0.27973,-0.27562,-0.0077796,-0.27877,-0.16325,-0.13542,-0.19451,0.10071,-0.019545,-0.081829,-0.19052,-0.29252,-0.18048,-0.31395,0.040346,0.44839,-0.048982,-0.03458,0.32986,0.44253,0.26911,0.17589
0.65652,-0.49303,1,0.46373,-0.25056,-0.43525,0.81312,-0.5058,-0.23065,-0.26662,0.037914,-0.39232,0.068225,-0.36532,-0.36032,-0.3821,-0.33533,-0.2252,0.83422,0.7963,-0.40746,-0.22482,0.82272,0.52575,-0.20468,-0.2705,-0.37735,-0.48391,-0.26668,-0.22928,-0.1963,-0.11386,-0.11915,-0.20483,0.20519,0.047076,-0.1263,-0.10206,-0.15432,-0.27892,-0.43849,-0.38624,0.0013353,-0.081185,-0.24631,-0.24081,-0.23219,-0.25319,-0.098616,-0.29293,-0.099243,-0.032554,-0.10364,0.018756,-0.35161,-0.23259,-0.49446,-0.5901,-0.60472,-0.56526,-0.57003,-0.56282,-0.4214,-0.48622,-0.3231,-0.23133,-0.45548,-0.61557,0.39393,0.34788,-0.0067596,-0.030392,-0.057979,-0.28973,0.045367,0.054145,0.10639,0.018534,-0.041048,0.097999,-0.044481,0.053512,-0.21049,-0.35413,-0.13953,-0.27441,-0.33119,-0.25305,-0.35641,-0.35977
0.43497,0.23821,0.46373,1,-0.19993,-0.31341,0.68209,0.31349,-0.22811,-0.28698,0.14743,0.1941,0.16655,0.028949,-0.35188,-0.15602,-0.1288,-0.11398,0.19848,0.14672,-0.30768,-0.19425,0.74387,0.8013,-0.15087,-0.26913,-0.097929,-0.2838,-0.2337,-0.12194,0.11537,0.029884,0.26283,0.32058,0.011178,-0.1205,-0.43162,-0.20975,-0.18367,-0.077046,-0.25162,-0.31296,-0.16831,-0.16401,0.16158,0.17383,-0.18501,-0.10404,0.14164,0.25723,0.20678,0.18875,-0.021978,-0.1408,-0.1372,-0.24344,0.188,0.17538,0.1167,0.21397,0.20159,0.23958,0.14269,0.10621,0.24254,0.14759,0.038275,0.053442,0.13164,0.028973,-0.048352,-0.3039,-0.33337,-0.3396,-0.2484,-0.011184,-0.041513,-0.15233,-0.17487,-0.056074,-0.1228,-0.16718,-0.15089,-0.095487,-0.12288,-0.284,-0.15554,-0.020546,-0.18535,-0.29391
-0.45922,0.13045,-0.25056,-0.19993,1,0.79458,-0.17813,0.20582,0.75423,0.42538,-0.18054,-0.10668,0.31359,-0.095642,0.54144,0.30296,-0.24245,-0.25963,-0.44627,-0.4223,0.41211,0.2501,-0.090615,0.0084576,0.72721,0.7735,0.5829,0.68357,-0.01152,0.017248,0.35854,0.5163,-0.083781,-0.093134,0.078745,0.14711,0.083589,0.072883,0.10622,0.17231,0.12642,0.21646,0.11087,-0.034933,0.1837,-0.0010946,0.10762,0.079658,0.065497,0.05534,0.0070478,-0.23411,-0.048638,-0.050763,0.19269,0.10528,0.049838,0.10561,0.2036,0.13599,0.14296,0.074685,-0.11781,-0.19459,0.15835,-0.071416,0.14741,0.12621,-0.22386,-0.31889,0.16582,0.25989,0.16856,0.10307,0.20096,0.16989,-0.18458,-0.15379,-0.21379,-0.14186,-0.39077,-0.3388,0.10057,0.04427,-0.20677,-0.089296,0.12375,0.13593,0.16617,0.044782
-0.49009,0.16408,-0.43525,-0.31341,0.79458,1,-0.40655,0.2561,0.7061,0.66212,-0.1946,0.041779,0.077203,0.18076,0.64449,0.49289,-0.13493,-0.18312,-0.50707,-0.50727,0.69176,0.36818,-0.28531,-0.093957,0.50894,0.70447,0.58855,0.87057,-0.0067603,0.097069,0.18942,0.21604,-0.11347,-0.16245,0.0035643,0.14818,0.13338,0.30535,0.25752,0.36683,0.37726,0.32859,0.016266,-0.0058218,0.15347,-0.0036077,0.16862,0.17229,-0.0015521,0.023003,-0.13957,-0.30951,-0.12828,-0.10257,0.30059,0.2161,0.12242,0.18525,0.23461,0.21459,0.21909,0.20387,0.0087844,-0.066198,0.093403,-0.13798,0.15775,0.20952,-0.34425,-0.31844,0.14643,0.30697,0.32582,0.17733,0.20928,0.28606,-0.24805,-0.16167,-0.15675,-0.23132,-0.31172,-0.19614,0.1829,0.26926,-0.078387,0.12924,0.26808,0.20372,0.33402,0.22042
0.68922,-0.095246,0.81312,0.68209,-0.17813,-0.40655,1,-0.07847,-0.15167,-0.24543,0.20334,-0.10465,0.30768,-0.23794,-0.30549,-0.39595,-0.12673,-0.18259,0.53251,0.49139,-0.42185,-0.2748,0.8745,0.68936,-0.12311,-0.249,-0.30463,-0.43382,-0.23339,-0.22361,-0.019121,0.0069717,0.14309,0.089506,0.18986,-0.035421,-0.35289,-0.23628,-0.23181,-0.20825,-0.41471,-0.40804,-0.11111,-0.22733,-0.025706,-0.061631,-0.28421,-0.25807,0.11147,-0.034434,0.13147,0.10235,-0.12914,-0.036781,-0.30222,-0.26488,-0.073706,-0.19999,-0.18253,-0.16039,-0.12337,-0.18635,-0.070026,-0.2175,0.051292,-0.011169,-0.10401,-0.315,0.33766,0.21549,0.0057914,-0.21797,-0.21942,-0.37254,-0.14576,0.063771,0.014297,-0.12905,-0.13802,0.031856,-0.061593,-0.073237,-0.24473,-0.27209,-0.17555,-0.37835,-0.34443,-0.18443,-0.34217,-0.39059
-0.22621,0.90734,-0.5058,0.31349,0.20582,0.2561,-0.07847,1,0.10669,0.1466,0.20702,0.64725,0.15612,0.55514,0.14577,0.25105,0.27859,-0.021931,-0.77699,-0.80696,0.26472,0.14237,-0.090821,0.19875,0.036199,0.027435,0.38437,0.3747,-0.03161,0.12854,0.22628,0.11347,0.37644,0.46394,-0.20238,-0.1838,-0.22073,-0.012966,0.14,0.41741,0.32292,0.19157,-0.14311,-0.028316,0.53643,0.47105,0.20347,0.30572,0.34226,0.54731,0.31217,0.18319,0.012633,-0.13463,0.39117,0.20517,0.85577,0.90585,0.82608,0.91012,0.90936,0.88514,0.70918,0.51734,0.6451,0.31449,0.53152,0.64467,-0.44081,-0.47942,0.002765,-0.26129,-0.21866,-0.11411,-0.21652,0.05941,-0.095089,-0.13447,-0.14762,-0.25033,-0.14856,-0.25617,0.10515,0.37544,0.017316,0.012969,0.31848,0.35686,0.28675,0.19277
-0.28018,0.084714,-0.23065,-0.22811,0.75423,0.7061,-0.15167,0.10669,1,0.52074,-0.011358,-0.016701,0.43714,-0.084437,0.77107,0.15356,-0.049056,-0.19817,-0.34989,-0.32002,0.3117,0.17306,-0.1048,0.05316,0.56652,0.83274,0.23959,0.50315,0.20258,0.02764,0.29893,0.48216,-0.21289,-0.19224,-0.21933,-0.14894,-0.13921,-0.048244,-0.047176,0.045564,0.071973,-0.039828,-0.10593,-0.1399,0.15156,0.092995,-0.11047,-0.12103,0.14074,0.11288,-0.080331,-0.22159,-0.19944,-0.16485,0.0025975,-0.080785,0.020564,0.097814,0.19904,0.1459,0.13649,0.048943,-0.069411,-0.1437,-0.0010811,-0.23947,0.063696,0.062049,-0.12575,-0.081094,0.28691,0.33043,0.3146,0.15488,0.13027,0.30595,-0.23029,-0.23582,-0.29601,-0.12539,-0.28595,-0.40612,0.069261,-0.13223,-0.36257,-0.33521,-0.17694,-0.14048,-0.031096,-0.15469
-0.24049,-0.021895,-0.26662,-0.28698,0.42538,0.66212,-0.24543,0.1466,0.52074,1,0.020843,-0.019332,0.12692,0.28017,0.68178,0.47117,0.063328,-0.078859,-0.28337,-0.25474,0.38091,0.2603,-0.21992,-0.14466,0.31043,0.47634,0.25367,0.47963,0.15902,0.20613,0.060286,0.014545,-0.26392,-0.33086,0.014468,0.12852,-0.10828,0.025618,-0.03028,0.09686,0.0428,-0.068627,0.054528,0.17393,0.28748,0.13421,0.01072,0.0056216,0.26598,0.045669,0.048253,0.013899,-0.33219,-0.23329,-0.071021,-0.046948,0.051454,0.044532,0.14616,0.12575,0.15463,0.13505,0.089622,0.042756,0.096849,-0.037628,0.1127,0.096699,-0.24021,-0.17612,0.15965,0.005946,0.10427,0.17471,0.049983,0.2268,-0.22166,-0.18141,-0.064252,0.07474,0.020606,0.051281,0.22074,-0.038595,-0.11879,-0.030658,-0.034235,-0.2208,-0.076383,-0.043753
0.31749,0.15611,0.037914,0.14743,-0.18054,-0.1946,0.20334,0.20702,-0.011358,0.020843,1,0.42255,0.5876,0.29582,0.12518,-0.14365,0.45226,0.12932,-0.013838,0.013055,-0.26027,-0.261,0.059576,0.045676,-0.10151,-0.056397,-0.19679,-0.17991,0.27179,-0.14281,0.26383,0.097563,0.15609,0.16346,-0.23242,-0.38223,-0.32266,-0.32932,-0.36346,-0.22171,-0.169,-0.2581,-0.19879,-0.057414,0.15586,0.15467,-0.38809,-0.30091,0.25841,0.21277,0.20458,0.16605,-0.21023,-0.18253,-0.29837,-0.31745,0.21624,0.15121,0.13864,0.14865,0.22405,0.13385,0.43472,0.21569,0.17119,-0.064697,-0.060824,-0.11677,0.019152,-0.05045,-0.22034,-0.13436,-0.18854,-0.098381,-0.32008,-0.10664,-0.1897,-0.25176,-0.024091,0.068244,0.17352,-0.20602,-0.17026,-0.22365,-0.04084,-0.32751,-0.23141,-0.17558,-0.21129,-0.24235
-0.050157,0.63378,-0.39232,0.1941,-0.10668,0.041779,-0.10465,0.64725,-0.016701,-0.019332,0.42255,1,0.13007,0.62439,0.045258,0.19859,0.60535,0.50222,-0.44207,-0.48505,0.086629,-0.0041907,-0.15233,0.13391,-0.1436,-0.10788,0.16537,0.16808,0.27264,0.14747,0.23656,-0.024493,0.35051,0.43947,-0.31947,-0.33297,-0.15958,0.028106,0.03971,0.18459,0.30241,0.15135,-0.36584,-0.25851,0.23221,0.25782,-0.11562,0.0118,0.092768,0.36986,0.13439,0.059553,0.037045,-0.12867,0.13354,0.005689,0.58978,0.68283,0.49905,0.64251,0.61962,0.62307,0.75921,0.61705,0.34376,0.079858,0.25113,0.33108,-0.28074,-0.3685,-0.19905,-0.081488,-0.055315,0.18552,-0.22673,0.11528,0.048067,0.017331,0.064048,-0.04109,0.24783,-0.012425,-0.020298,0.32551,0.074436,-0.0066009,0.17685,0.31474,0.13784,0.15485
0.12267,0.087211,0.068225,0.16655,0.31359,0.077203,0.30768,0.15612,0.43714,0.12692,0.5876,0.13007,1,-0.14988,0.30645,-0.22318,0.12454,-0.084615,-0.12897,-0.077468,-0.32544,-0.27382,0.2268,0.2163,0.36411,0.40059,-0.20155,-0.12264,0.1851,-0.18788,0.41247,0.59071,0.11991,0.088672,-0.067617,-0.29403,-0.31448,-0.41711,-0.40002,-0.30778,-0.3304,-0.30015,-0.077601,-0.18571,0.20671,0.13134,-0.32986,-0.3059,0.30701,0.24311,0.25091,0.15426,-0.10744,-0.00826,-0.27556,-0.29447,0.087409,0.072132,0.22972,0.12415,0.19379,0.084937,0.14549,0.054341,0.29809,0.069474,0.087444,-0.094151,0.054587,-0.099532,0.018961,0.090234,-0.081804,-0.16313,-0.18626,-0.15685,-0.20073,-0.28087,-0.29611,0.0050433,-0.13582,-0.3438,-0.20382,-0.41092,-0.2585,-0.45577,-0.35182,-0.25266,-0.28998,-0.30547
-0.15915,0.49124,-0.36532,0.028949,-0.095642,0.18076,-0.23794,0.55514,-0.084437,0.28017,0.29582,0.62439,-0.14988,1,0.16303,0.43794,0.33106,0.12826,-0.42558,-0.44647,0.44888,0.2478,-0.18882,-0.0070845,-0.18572,-0.23323,0.46055,0.3704,0.10463,0.1538,0.13425,-0.33556,0.23756,0.20928,-0.21429,-0.13283,-0.058895,0.13822,0.18503,0.32791,0.55441,0.23223,-0.26094,0.054411,0.20538,0.20046,0.027359,0.1343,0.054589,0.24053,-0.0010953,-0.065869,-0.23067,-0.24613,0.21441,0.1068,0.41211,0.50111,0.21767,0.42282,0.42059,0.53632,0.5781,0.41357,0.16053,-0.024377,0.062276,0.22119,-0.42725,-0.34327,-0.080744,-0.2432,-0.10825,0.020164,-0.11482,0.19862,-0.045213,-0.1042,0.068092,-0.17304,0.15329,0.005217,0.1791,0.42715,0.14447,0.27403,0.33522,0.2652,0.32252,0.28915
-0.36146,0.069817,-0.36032,-0.35188,0.54144,0.64449,-0.30549,0.14577,0.77107,0.68178,0.12518,0.045258,0.30645,0.16303,1,0.4422,0.18875,-0.14769,-0.39406,-0.38435,0.43981,0.40628,-0.30018,-0.13992,0.43691,0.64915,0.21914,0.47991,0.46877,0.35215,0.247,0.19363,-0.30072,-0.34519,-0.19177,-0.14755,-0.15572,-0.026704,-0.0076612,0.07538,0.17462,-0.043699,-0.10938,0.062845,0.27602,0.23195,-0.013141,0.01264,0.25484,0.13799,-0.014631,-0.11993,-0.36934,-0.18326,0.038788,-0.023157,0.035572,0.11383,0.21498,0.19372,0.16663,0.12808,0.060042,-0.015586,0.07207,-0.19703,0.078543,0.071982,-0.31801,-0.20344,0.44661,0.30894,0.37504,0.34176,0.24152,0.28394,-0.088358,-0.12773,-0.00025345,-0.024955,-0.024645,-0.13842,0.41885,-0.041384,-0.015016,-0.14918,-0.042396,-0.14522,0.043505,-0.0061233
-0.43297,0.1442,-0.3821,-0.15602,0.30296,0.49289,-0.39595,0.25105,0.15356,0.47117,-0.14365,0.19859,-0.22318,0.43794,0.4422,1,0.11657,0.099711,-0.37706,-0.41634,0.51763,0.66905,-0.33115,-0.10781,0.15564,0.12523,0.519,0.52328,0.23939,0.6773,0.010573,-0.27207,-0.25259,-0.2697,-0.045162,0.082789,0.13227,0.38441,0.35938,0.39646,0.39417,0.3981,0.0037754,0.15783,0.1508,0.13914,0.3735,0.38795,-0.067899,-0.0072373,-0.050999,-0.20148,0.027948,-0.10908,0.37947,0.2428,0.11824,0.23561,0.16743,0.27145,0.20975,0.29548,0.22371,0.19879,0.17008,-0.016902,0.1255,0.23028,-0.38762,-0.33082,0.21297,0.060069,0.152,0.36458,0.32415,0.17641,0.075496,0.11888,0.3409,0.13195,0.18909,0.28182,0.6657,0.50618,0.39249,0.40465,0.47153,0.37605,0.30471,0.36488
0.053703,0.29737,-0.33533,-0.1288,-0.24245,-0.13493,-0.12673,0.27859,-0.049056,0.063328,0.45226,0.60535,0.12454,0.33106,0.18875,0.11657,1,0.58772,-0.25475,-0.2502,-0.10303,0.038471,-0.3009,-0.1763,-0.13749,-0.14563,-0.12263,-0.12155,0.63509,0.35554,0.12689,-0.10536,0.16148,0.24038,-0.20538,-0.22721,-0.21072,-0.14808,-0.14848,-0.075751,0.085107,-0.00040387,-0.35245,-0.23864,0.16146,0.21091,-0.18527,-0.13451,0.15332,0.19856,0.2095,0.16933,-0.017718,-0.099791,-0.08957,-0.091359,0.43034,0.37074,0.32687,0.35453,0.38319,0.32626,0.61001,0.53811,0.21857,0.10132,0.2663,0.21814,-0.031763,-0.11958,-0.01945,-0.11942,-0.015126,0.29073,-0.10195,0.031373,0.15968,0.085986,0.40607,0.2688,0.62015,0.25534,0.23165,0.093768,0.20371,-0.11594,0.0093686,-0.01466,-0.13456,-0.011851
-0.061366,-0.0040212,-0.2252,-0.11398,-0.25963,-0.18312,-0.18259,-0.021931,-0.19817,-0.078859,0.12932,0.50222,-0.084615,0.12826,-0.14769,0.099711,0.58772,1,-0.050725,-0.044239,-0.25168,-0.14637,-0.30442,-0.16953,-0.11087,-0.16267,-0.077537,-0.15361,0.42575,0.19789,0.036904,-0.16024,0.023031,0.12062,0.043798,0.031585,-0.0001078,0.0282,-0.17912,-0.16187,-0.06442,0.065415,-0.14147,-0.19969,-0.085779,-0.027878,-0.1816,-0.15217,-0.034031,0.033861,0.19974,0.1753,0.26363,0.039333,-0.17546,-0.11469,0.08545,0.12745,0.09354,0.088242,0.083572,0.068202,0.32702,0.47762,0.064058,0.17721,0.20304,0.17476,0.10361,-0.082496,-0.34728,-0.04683,0.01199,0.38989,-0.057735,-0.046253,0.24445,0.30375,0.36444,0.57338,0.59153,0.48731,-0.038395,0.041215,0.27946,0.059356,-0.042821,-0.016792,-0.18388,-0.035353
0.65129,-0.72277,0.83422,0.19848,-0.44627,-0.50707,0.53251,-0.77699,-0.34989,-0.28337,-0.013838,-0.44207,-0.12897,-0.42558,-0.39406,-0.37706,-0.25475,-0.050725,1,0.97113,-0.40265,-0.25184,0.52248,0.18998,-0.31371,-0.34372,-0.47974,-0.55426,-0.16517,-0.21532,-0.28645,-0.23332,-0.17427,-0.25014,0.17403,0.073366,0.028476,-0.034635,-0.14961,-0.37042,-0.41615,-0.33285,-0.010771,-0.032816,-0.44723,-0.35823,-0.29698,-0.33495,-0.25859,-0.47031,-0.25028,-0.080114,-0.13423,0.018581,-0.42001,-0.28405,-0.6602,-0.78675,-0.78629,-0.76722,-0.7769,-0.76342,-0.51645,-0.49561,-0.54268,-0.33817,-0.57577,-0.67993,0.502,0.54616,-0.081378,0.06871,0.033592,-0.098517,0.054692,0.010533,0.088645,0.054605,0.085946,0.16721,0.12908,0.1949,-0.22279,-0.36377,-0.077077,-0.17818,-0.34302,-0.3135,-0.34092,-0.30288
0.65852,-0.73276,0.7963,0.14672,-0.4223,-0.50727,0.49139,-0.80696,-0.32002,-0.25474,0.013055,-0.48505,-0.077468,-0.44647,-0.38435,-0.41634,-0.2502,-0.044239,0.97113,1,-0.434,-0.2973,0.46474,0.11251,-0.28056,-0.30473,-0.47731,-0.55443,-0.15147,-0.27116,-0.26574,-0.17909,-0.15847,-0.22634,0.16312,0.064901,0.0040675,-0.11841,-0.25686,-0.46362,-0.47218,-0.36016,0.0071594,-0.056227,-0.44792,-0.37971,-0.35874,-0.4186,-0.24075,-0.46155,-0.22005,-0.060272,-0.12727,-0.0081186,-0.51412,-0.34687,-0.67418,-0.80209,-0.78754,-0.80429,-0.78717,-0.79028,-0.54633,-0.47803,-0.56235,-0.32622,-0.56434,-0.69642,0.58878,0.5959,-0.10139,0.011694,-0.0075167,-0.13167,0.015843,-0.024501,0.035973,0.0058637,0.035741,0.19536,0.1126,0.1494,-0.25555,-0.44222,-0.15524,-0.23271,-0.39921,-0.39789,-0.43442,-0.38537
-0.37089,0.27228,-0.40746,-0.30768,0.41211,0.69176,-0.42185,0.26472,0.3117,0.38091,-0.26027,0.086629,-0.32544,0.44888,0.43981,0.51763,-0.10303,-0.25168,-0.40265,-0.434,1,0.56851,-0.29445,-0.16509,0.092975,0.1911,0.66095,0.82418,-0.11482,0.15242,-0.055912,-0.22554,0.0081313,-0.10137,-0.053927,0.088507,0.32,0.51832,0.56957,0.5829,0.74396,0.51106,-0.052628,0.080533,0.024671,-0.045626,0.32691,0.36541,-0.17128,-0.086137,-0.32215,-0.39105,-0.17969,-0.055429,0.52007,0.41946,0.17941,0.24764,0.088551,0.20248,0.17076,0.20807,0.087139,-0.13749,-0.08137,-0.30161,0.037299,0.1462,-0.415,-0.23476,0.23838,0.18711,0.34251,0.1077,0.29463,0.40402,-0.07252,-0.077175,-0.056616,-0.42234,-0.21018,-0.11826,0.33848,0.57341,0.13679,0.40376,0.5416,0.43091,0.61988,0.50864
-0.36212,0.096067,-0.22482,-0.19425,0.2501,0.36818,-0.2748,0.14237,0.17306,0.2603,-0.261,-0.0041907,-0.27382,0.2478,0.40628,0.66905,0.038471,-0.14637,-0.25184,-0.2973,0.56851,1,-0.22586,-0.077487,0.14117,0.12305,0.40317,0.42679,0.17475,0.71525,0.053221,-0.14507,-0.25474,-0.25414,-0.14407,-0.072422,0.047506,0.28495,0.39415,0.32413,0.40053,0.30935,-0.052607,0.096827,0.1458,0.1042,0.40473,0.39904,-0.0088342,-0.046372,-0.097728,-0.22369,-0.061247,-0.0044074,0.42061,0.30914,0.02511,0.12456,0.056951,0.1676,0.083317,0.12132,0.060839,-0.046436,0.029214,-0.21097,0.03218,0.096213,-0.34562,-0.23918,0.51434,0.11823,0.19308,0.22556,0.40452,0.20973,0.13779,0.080787,0.4256,-0.023611,0.088131,0.098594,0.80983,0.34217,0.25184,0.25303,0.44217,0.2834,0.3187,0.38064
0.56857,-0.13314,0.82272,0.74387,-0.090615,-0.28531,0.8745,-0.090821,-0.1048,-0.21992,0.059576,-0.15233,0.2268,-0.18882,-0.30018,-0.33115,-0.3009,-0.30442,0.52248,0.46474,-0.29445,-0.22586,1,0.80263,-0.039644,-0.20441,-0.17698,-0.34122,-0.3364,-0.2675,0.033659,0.056489,0.14502,0.095989,0.2023,0.029541,-0.28529,-0.1737,-0.14011,-0.16564,-0.29444,-0.39427,-0.11786,-0.18589,-0.064115,-0.070193,-0.22649,-0.19009,0.044752,-0.0025942,0.053696,0.057393,-0.15148,-0.031926,-0.23823,-0.24138,-0.16815,-0.25788,-0.28236,-0.22139,-0.20984,-0.20322,-0.20584,-0.32842,-0.03743,-0.053171,-0.22686,-0.35529,0.24216,0.1646,0.020922,-0.14121,-0.17387,-0.42642,-0.12163,0.12319,0.0092604,-0.15128,-0.21698,-0.092099,-0.16287,-0.11896,-0.2395,-0.24619,-0.24273,-0.30821,-0.29183,-0.14673,-0.25567,-0.3185
0.31355,0.09689,0.52575,0.8013,0.0084576,-0.093957,0.68936,0.19875,0.05316,-0.14466,0.045676,0.13391,0.2163,-0.0070845,-0.13992,-0.10781,-0.1763,-0.16953,0.18998,0.11251,-0.16509,-0.077487,0.80263,1,0.005286,-0.029921,-0.039343,-0.13992,-0.2427,-0.081575,0.1469,0.096175,0.11988,0.11905,0.069908,-0.040956,-0.37326,-0.064107,-0.091274,-0.047274,-0.18146,-0.28715,-0.15676,-0.19356,0.14651,0.17055,-0.15495,-0.080122,0.1701,0.26864,0.16372,0.088169,-0.067761,-0.04995,-0.092069,-0.16147,0.013265,0.02932,0.019865,0.13477,0.087448,0.14094,0.0075823,-0.037078,0.20741,0.077567,-0.018713,-0.047179,0.060062,-0.039975,0.019285,-0.07165,-0.086853,-0.31282,-0.16012,0.21802,-0.042866,-0.13055,-0.17754,-0.063511,-0.19042,-0.13353,-0.1212,-0.084572,-0.1613,-0.26286,-0.18723,-0.021096,-0.14744,-0.25018
-0.45292,-0.044185,-0.20468,-0.15087,0.72721,0.50894,-0.12311,0.036199,0.56652,0.31043,-0.10151,-0.1436,0.36411,-0.18572,0.43691,0.15564,-0.13749,-0.11087,-0.31371,-0.28056,0.092975,0.14117,-0.039644,0.005286,1,0.73766,0.30649,0.3044,0.19592,0.10274,0.70501,0.65131,-0.11762,-0.062973,0.10473,0.12959,-0.12561,-0.23234,-0.19436,-0.20635,-0.08633,-0.11612,0.064038,-0.073945,0.061087,-0.16268,-0.095712,-0.14808,0.11949,0.024354,0.097686,-0.074504,-0.092198,0.0042941,-0.10036,-0.17934,-0.076378,-0.06246,0.10817,-0.035982,0.019536,-0.062316,-0.19454,-0.06776,0.1644,0.08839,0.12804,0.038539,-0.12084,-0.24697,0.12756,0.095118,-0.11736,0.14774,-0.0092963,-0.11147,-0.21912,-0.23823,0.053684,0.068442,-0.12059,-0.19551,0.12671,-0.2349,-0.26004,-0.18543,-0.16806,-0.075056,-0.098765,-0.077212
-0.43147,-0.049856,-0.2705,-0.26913,0.7735,0.70447,-0.249,0.027435,0.83274,0.47634,-0.056397,-0.10788,0.40059,-0.23323,0.64915,0.12523,-0.14563,-0.16267,-0.34372,-0.30473,0.1911,0.12305,-0.20441,-0.029921,0.73766,1,0.17064,0.45589,0.18683,0.0075362,0.43592,0.65497,-0.26297,-0.22456,-0.12181,-0.02695,-0.1057,-0.12833,-0.15095,-0.078005,-0.11157,-0.079674,0.035677,-0.088413,0.15095,0.008824,-0.11697,-0.13866,0.1629,0.070502,-0.0086397,-0.12274,-0.11666,-0.046181,-0.075418,-0.10978,-0.081498,-0.010877,0.17747,0.068842,0.062376,-0.012265,-0.18244,-0.078538,0.065101,-0.069085,0.093187,0.06454,-0.12771,-0.15248,0.2322,0.37082,0.21242,0.20192,0.079116,0.041529,-0.28355,-0.20571,-0.19563,-0.045701,-0.30419,-0.34183,-0.0024994,-0.23095,-0.36808,-0.26901,-0.22742,-0.16773,-0.096527,-0.14277
-0.39599,0.31798,-0.37735,-0.097929,0.5829,0.58855,-0.30463,0.38437,0.23959,0.25367,-0.19679,0.16537,-0.20155,0.46055,0.21914,0.519,-0.12263,-0.077537,-0.47974,-0.47731,0.66095,0.40317,-0.17698,-0.039343,0.30649,0.17064,1,0.78834,-0.096108,0.09456,0.25274,0.002862,0.11379,0.13238,0.017228,0.16887,0.2184,0.27356,0.29747,0.36468,0.51724,0.47086,0.060638,0.039393,0.11128,-0.013663,0.21011,0.24179,-0.1041,0.11109,-0.031036,-0.25758,-0.021521,-0.12609,0.35717,0.21796,0.21754,0.27734,0.1506,0.24279,0.23085,0.27542,0.14117,-0.032115,0.094885,-0.078337,0.092168,0.22145,-0.34077,-0.41011,-0.016774,-0.040441,-0.028313,0.077073,0.13814,0.27011,-0.090217,-0.090132,-0.022439,-0.15887,-0.16075,-0.15551,0.22436,0.40015,0.10206,0.29095,0.44135,0.3809,0.45644,0.30496
-0.42964,0.3296,-0.48391,-0.2838,0.68357,0.87057,-0.43382,0.3747,0.50315,0.47963,-0.17991,0.16808,-0.12264,0.3704,0.47991,0.52328,-0.12155,-0.15361,-0.55426,-0.55443,0.82418,0.42679,-0.34122,-0.13992,0.3044,0.45589,0.78834,1,-0.073333,0.070708,0.12925,0.062179,0.0071783,-0.019992,-0.10824,0.063031,0.22043,0.41423,0.37875,0.50972,0.54672,0.50066,0.034338,0.00085476,0.12303,-0.049832,0.23094,0.25195,-0.13375,-0.0051468,-0.22904,-0.38479,-0.06325,-0.10273,0.43056,0.31655,0.25612,0.32976,0.24724,0.30011,0.29439,0.28656,0.13936,-0.01638,0.028033,-0.21462,0.10845,0.224,-0.39782,-0.36514,0.066396,0.20588,0.25043,0.12962,0.20588,0.29548,-0.21459,-0.13362,-0.13714,-0.29661,-0.30555,-0.25656,0.19637,0.45545,0.029959,0.25748,0.45801,0.39131,0.50308,0.35282
-0.17853,-0.051341,-0.26668,-0.2337,-0.01152,-0.0067603,-0.23339,-0.03161,0.20258,0.15902,0.27179,0.27264,0.1851,0.10463,0.46877,0.23939,0.63509,0.42575,-0.16517,-0.15147,-0.11482,0.17475,-0.3364,-0.2427,0.19592,0.18683,-0.096108,-0.073333,1,0.48955,0.34935,0.143,-0.29942,-0.18642,-0.36686,-0.36248,-0.11627,-0.27016,-0.21747,-0.29795,-0.0096444,-0.15461,-0.17228,-0.08745,0.016003,-0.0098024,-0.16705,-0.16611,-0.024003,-0.017261,0.00591,0.052425,0.042902,-0.018248,-0.19112,-0.21655,0.0044046,0.049045,0.056843,0.047914,0.035029,0.017957,0.2251,0.27285,-0.066445,-0.11044,-0.075169,-0.081835,-0.13741,-0.17467,0.22263,0.15486,0.10316,0.58736,0.24057,-0.10847,0.25085,0.15434,0.49779,0.37496,0.64539,0.2512,0.42246,-0.17814,0.22962,-0.1457,-0.11243,-0.17914,-0.17782,-0.073942
-0.31276,0.052227,-0.22928,-0.12194,0.017248,0.097069,-0.22361,0.12854,0.02764,0.20613,-0.14281,0.14747,-0.18788,0.1538,0.35215,0.6773,0.35554,0.19789,-0.21532,-0.27116,0.15242,0.71525,-0.2675,-0.081575,0.10274,0.0075362,0.09456,0.070708,0.48955,1,0.02423,-0.17011,-0.35584,-0.27642,-0.14639,-0.12814,-0.062941,0.1655,0.20113,0.15547,0.15152,0.17204,-0.12393,0.028188,0.1954,0.21131,0.32462,0.30319,0.053047,0.01823,0.064001,-0.0073801,0.079338,0.0054581,0.27156,0.17437,0.061646,0.16224,0.15275,0.23668,0.14282,0.20024,0.22714,0.2413,0.15564,0.020032,0.10644,0.15075,-0.34213,-0.29777,0.49397,0.11607,0.12413,0.48916,0.37138,0.023062,0.3228,0.31314,0.64596,0.34979,0.40822,0.43674,0.86274,0.27629,0.4321,0.18949,0.32206,0.19097,0.075527,0.24437
-0.2438,0.12104,-0.1963,0.11537,0.35854,0.18942,-0.019121,0.22628,0.29893,0.060286,0.26383,0.23656,0.41247,0.13425,0.247,0.010573,0.12689,0.036904,-0.28645,-0.26574,-0.055912,0.053221,0.033659,0.1469,0.70501,0.43592,0.25274,0.12925,0.34935,0.02423,1,0.64848,0.13541,0.26011,-0.17772,-0.2052,-0.38455,-0.47143,-0.4003,-0.33899,-0.070016,-0.24615,-0.14547,-0.13348,0.070637,-0.10657,-0.36537,-0.32508,0.13745,0.18881,0.15324,0.02278,-0.19254,-0.10506,-0.21142,-0.3556,0.067782,0.081998,0.12076,0.078768,0.14649,0.11178,0.10471,0.19059,0.17578,0.015652,0.0050736,0.015974,-0.1191,-0.25372,-0.0036028,-0.11109,-0.39165,0.028132,-0.27757,-0.23499,-0.30833,-0.41014,0.13597,0.038887,0.031734,-0.31218,0.045885,-0.30079,-0.21997,-0.30688,-0.22808,-0.13029,-0.093335,-0.14269
-0.21672,0.037469,-0.11386,0.029884,0.5163,0.21604,0.0069717,0.11347,0.48216,0.014545,0.097563,-0.024493,0.59071,-0.33556,0.19363,-0.27207,-0.10536,-0.16024,-0.23332,-0.17909,-0.22554,-0.14507,0.056489,0.096175,0.65131,0.65497,0.002862,0.062179,0.143,-0.17011,0.64848,1,0.022634,0.16424,-0.20876,-0.24035,-0.16019,-0.43801,-0.33042,-0.31341,-0.29817,-0.20678,-0.0043611,-0.21378,0.083163,-0.074993,-0.23712,-0.25629,0.11843,0.087337,0.074116,0.084511,0.028349,0.14344,-0.15489,-0.20193,0.0045637,0.017714,0.18478,0.072973,0.083728,8.6502e-005,-0.10957,-0.02498,0.10706,0.059279,0.028345,-0.033348,-0.034482,-0.16853,0.10779,0.18717,-0.14026,-0.057967,-0.10955,-0.3086,-0.20355,-0.2371,-0.2135,-0.043654,-0.26692,-0.43402,-0.1785,-0.43517,-0.45383,-0.40404,-0.2845,-0.16836,-0.17511,-0.18696
0.23408,0.50484,-0.11915,0.26283,-0.083781,-0.11347,0.14309,0.37644,-0.21289,-0.26392,0.15609,0.35051,0.11991,0.23756,-0.30072,-0.25259,0.16148,0.023031,-0.17427,-0.15847,0.0081313,-0.25474,0.14502,0.11988,-0.11762,-0.26297,0.11379,0.0071783,-0.29942,-0.35584,0.13541,0.022634,1,0.87609,0.19181,0.087446,-0.19979,-0.12204,-0.10499,0.080559,0.1231,0.12859,-0.38957,-0.43174,0.035248,0.059128,-0.32322,-0.28018,0.033541,0.24998,0.1212,-0.074311,-0.23433,-0.24814,-0.026405,-0.10557,0.47695,0.40075,0.29274,0.26706,0.38282,0.3733,0.31252,0.356,0.31188,0.25301,0.34896,0.30514,0.20831,0.089484,-0.16665,-0.36115,-0.21695,-0.3856,-0.39981,-0.026142,-0.13365,-0.19503,-0.3248,-0.26711,-0.21909,-0.27418,-0.34144,0.16531,-0.178,-0.083518,0.069573,0.13466,0.077671,-0.02604
0.20466,0.58199,-0.20483,0.32058,-0.093134,-0.16245,0.089506,0.46394,-0.19224,-0.33086,0.16346,0.43947,0.088672,0.20928,-0.34519,-0.2697,0.24038,0.12062,-0.25014,-0.22634,-0.10137,-0.25414,0.095989,0.11905,-0.062973,-0.22456,0.13238,-0.019992,-0.18642,-0.27642,0.26011,0.16424,0.87609,1,0.018693,-0.042567,-0.26767,-0.23822,-0.17621,0.031604,0.074257,0.065348,-0.38307,-0.45774,0.085867,0.074136,-0.32294,-0.28446,0.034065,0.28893,0.15348,0.010114,-0.10367,-0.29164,-0.050039,-0.18306,0.57359,0.49946,0.38627,0.36571,0.47547,0.41359,0.40548,0.41855,0.30496,0.21645,0.3492,0.38537,0.19347,0.069159,-0.21379,-0.38486,-0.31906,-0.30708,-0.41451,-0.077808,-0.13268,-0.19624,-0.22188,-0.18097,-0.1139,-0.33817,-0.30925,0.12884,-0.25714,-0.23162,0.03468,0.15105,-0.0052673,-0.10687
-0.037172,-0.24725,0.20519,0.011178,0.078745,0.0035643,0.18986,-0.20238,-0.21933,0.014468,-0.23242,-0.31947,-0.067617,-0.21429,-0.19177,-0.045162,-0.20538,0.043798,0.17403,0.16312,-0.053927,-0.14407,0.2023,0.069908,0.10473,-0.12181,0.017228,-0.10824,-0.36686,-0.14639,-0.17772,-0.20876,0.19181,0.018693,1,0.79206,0.020793,0.076833,-0.051379,-0.015187,-0.1494,-0.023519,0.11706,0.063074,-0.02713,-0.0011704,0.019886,0.024316,0.20312,0.0058113,0.36028,0.15662,-0.15571,0.00030833,-0.12722,-0.0081688,-0.22432,-0.2938,-0.13195,-0.26316,-0.18435,-0.15435,-0.26264,-0.11447,0.28519,0.44257,0.32928,0.11126,0.21146,0.054677,-0.10265,-0.069005,0.081825,-0.18371,-0.012546,0.077301,0.059769,0.10226,-0.039206,0.14781,-0.14141,0.31626,-0.14688,0.013709,0.15209,0.15767,-0.048601,-0.10734,-0.095345,-0.10093
-0.1495,-0.21452,0.047076,-0.1205,0.14711,0.14818,-0.035421,-0.1838,-0.14894,0.12852,-0.38223,-0.33297,-0.29403,-0.13283,-0.14755,0.082789,-0.22721,0.031585,0.073366,0.064901,0.088507,-0.072422,0.029541,-0.040956,0.12959,-0.02695,0.16887,0.063031,-0.36248,-0.12814,-0.2052,-0.24035,0.087446,-0.042567,0.79206,1,0.14778,0.15305,0.061992,0.075557,-0.055545,0.063083,0.20159,0.18188,-0.013014,0.026435,0.11159,0.088284,0.12287,-0.00086178,0.25073,0.058091,-0.1204,-0.041073,-0.039511,0.037499,-0.16539,-0.24667,-0.13037,-0.21719,-0.17067,-0.14295,-0.3034,-0.12525,0.15801,0.40487,0.29543,0.22732,0.15197,0.057776,-0.19431,-0.086853,0.075159,-0.029647,-0.0095451,0.15961,0.043601,0.13454,0.015303,0.091501,-0.11582,0.31452,-0.15623,0.11547,0.052828,0.25511,-0.015052,-0.057457,-0.029092,-0.058191
-0.22954,-0.17011,-0.1263,-0.43162,0.083589,0.13338,-0.35289,-0.22073,-0.13921,-0.10828,-0.32266,-0.15958,-0.31448,-0.058895,-0.15572,0.13227,-0.21072,-0.0001078,0.028476,0.0040675,0.32,0.047506,-0.28529,-0.37326,-0.12561,-0.1057,0.2184,0.22043,-0.11627,-0.062941,-0.38455,-0.16019,-0.19979,-0.26767,0.020793,0.14778,1,0.60106,0.67925,0.35029,0.45178,0.62215,0.3022,0.18927,-0.34063,-0.33266,0.49444,0.45787,-0.49755,-0.42213,-0.4358,-0.2197,0.42502,0.5193,0.50679,0.57039,-0.14841,-0.15462,-0.22376,-0.17697,-0.26981,-0.22435,-0.18263,-0.35333,-0.29918,-0.17185,-0.22912,-0.17827,-0.2198,-0.11427,-0.16257,0.37737,0.36628,0.27177,0.4733,0.0097683,0.31952,0.39331,0.073621,-0.18957,0.063043,0.24481,-0.031785,0.39613,0.27513,0.57766,0.48459,0.50283,0.55674,0.62199
-0.15647,0.03212,-0.10206,-0.20975,0.072883,0.30535,-0.23628,-0.012966,-0.048244,0.025618,-0.32932,0.028106,-0.41711,0.13822,-0.026704,0.38441,-0.14808,0.0282,-0.034635,-0.11841,0.51832,0.28495,-0.1737,-0.064107,-0.23234,-0.12833,0.27356,0.41423,-0.27016,0.1655,-0.47143,-0.43801,-0.12204,-0.23822,0.076833,0.15305,0.60106,1,0.77238,0.70611,0.52257,0.74376,0.011712,0.041699,-0.25223,-0.17612,0.45211,0.46044,-0.38761,-0.28021,-0.41429,-0.39041,0.18586,0.27247,0.66006,0.61288,0.0044898,0.048229,-0.050575,0.049091,-0.053038,0.0030117,-0.020544,-0.18965,-0.13168,-0.18092,-0.091502,-0.00037767,-0.34605,-0.14231,-0.088734,0.37478,0.45332,0.17467,0.31663,0.29542,0.15409,0.35564,0.07324,-0.10745,-0.11314,0.22487,0.17984,0.68791,0.44889,0.60286,0.65248,0.64513,0.66016,0.6229
-0.22042,0.17746,-0.15432,-0.18367,0.10622,0.25752,-0.23181,0.14,-0.047176,-0.03028,-0.36346,0.03971,-0.40002,0.18503,-0.0076612,0.35938,-0.14848,-0.17912,-0.14961,-0.25686,0.56957,0.39415,-0.14011,-0.091274,-0.19436,-0.15095,0.29747,0.37875,-0.21747,0.20113,-0.4003,-0.33042,-0.10499,-0.17621,-0.051379,0.061992,0.67925,0.77238,1,0.79593,0.70994,0.68442,0.054382,0.12581,-0.1851,-0.11785,0.67622,0.68601,-0.42344,-0.29312,-0.46328,-0.3611,0.26328,0.3095,0.84066,0.72185,0.16362,0.18094,0.011546,0.1627,0.053107,0.091518,0.066453,-0.26123,-0.10591,-0.23592,-0.10821,0.027466,-0.45394,-0.18628,0.11821,0.31594,0.39428,0.16919,0.45156,0.25475,0.24935,0.32128,0.09909,-0.36682,-0.035923,0.11649,0.24412,0.7274,0.33758,0.57528,0.66183,0.74256,0.76255,0.74915
-0.20336,0.45452,-0.27892,-0.077046,0.17231,0.36683,-0.20825,0.41741,0.045564,0.09686,-0.22171,0.18459,-0.30778,0.32791,0.07538,0.39646,-0.075751,-0.16187,-0.37042,-0.46362,0.5829,0.32413,-0.16564,-0.047274,-0.20635,-0.078005,0.36468,0.50972,-0.29795,0.15547,-0.33899,-0.31341,0.080559,0.031604,-0.015187,0.075557,0.35029,0.70611,0.79593,1,0.65247,0.68129,-0.082012,0.0077404,0.0053995,0.041119,0.54129,0.58218,-0.23073,-0.10199,-0.29823,-0.32291,0.078572,0.049689,0.80913,0.66745,0.44106,0.45987,0.29193,0.41421,0.35264,0.36267,0.27801,-0.016119,0.10729,-0.0952,0.15491,0.28228,-0.45321,-0.20209,0.10683,0.16757,0.29618,0.013613,0.25943,0.25967,0.074268,0.19319,-0.07412,-0.32671,-0.25916,-0.035097,0.14413,0.80477,0.27298,0.45259,0.60786,0.70732,0.69029,0.60906
-0.31753,0.39305,-0.43849,-0.25162,0.12642,0.37726,-0.41471,0.32292,0.071973,0.0428,-0.169,0.30241,-0.3304,0.55441,0.17462,0.39417,0.085107,-0.06442,-0.41615,-0.47218,0.74396,0.40053,-0.29444,-0.18146,-0.08633,-0.11157,0.51724,0.54672,-0.0096444,0.15152,-0.070016,-0.29817,0.1231,0.074257,-0.1494,-0.055545,0.45178,0.52257,0.70994,0.65247,1,0.6422,-0.15282,0.0012746,-0.13572,-0.075439,0.44969,0.49402,-0.3394,-0.095008,-0.34634,-0.37299,0.097293,0.074189,0.69665,0.55053,0.31614,0.37737,0.13368,0.26968,0.24154,0.28096,0.28339,-0.006022,-0.058591,-0.25207,0.022219,0.16663,-0.403,-0.20281,0.083874,0.15161,0.32326,0.12805,0.28371,0.31578,0.080554,0.037218,0.071225,-0.4756,0.010362,-0.030556,0.27222,0.73774,0.25634,0.49534,0.63706,0.64003,0.746,0.66077
-0.30667,0.26575,-0.38624,-0.31296,0.21646,0.32859,-0.40804,0.19157,-0.039828,-0.068627,-0.2581,0.15135,-0.30015,0.23223,-0.043699,0.3981,-0.00040387,0.065415,-0.33285,-0.36016,0.51106,0.30935,-0.39427,-0.28715,-0.11612,-0.079674,0.47086,0.50066,-0.15461,0.17204,-0.24615,-0.20678,0.12859,0.065348,-0.023519,0.063083,0.62215,0.74376,0.68442,0.68129,0.6422,1,-0.010196,-0.084855,-0.17828,-0.14493,0.44488,0.44544,-0.40796,-0.20108,-0.31244,-0.36531,0.31442,0.25543,0.73352,0.67997,0.23809,0.29129,0.15152,0.22379,0.15106,0.19193,0.16517,0.01229,-0.00079009,-0.090164,0.093788,0.17689,-0.29363,-0.20231,-0.025714,0.24532,0.30207,0.1834,0.31231,0.11777,0.15369,0.28956,0.071608,-0.16748,-0.11638,0.083289,0.20503,0.75988,0.3847,0.57384,0.76183,0.74896,0.69799,0.6904
-0.26852,-0.26195,0.0013353,-0.16831,0.11087,0.016266,-0.11111,-0.14311,-0.10593,0.054528,-0.19879,-0.36584,-0.077601,-0.26094,-0.10938,0.0037754,-0.35245,-0.14147,-0.010771,0.0071594,-0.052628,-0.052607,-0.11786,-0.15676,0.064038,0.035677,0.060638,0.034338,-0.17228,-0.12393,-0.14547,-0.0043611,-0.38957,-0.38307,0.11706,0.20159,0.3022,0.011712,0.054382,-0.082012,-0.15282,-0.010196,1,0.67558,0.24764,0.03033,0.50821,0.40981,0.077597,0.015497,0.15196,0.33677,0.42669,0.39513,0.074415,0.27513,-0.23983,-0.22588,-0.090315,-0.15373,-0.20302,-0.21545,-0.34115,-0.24304,-0.052921,0.089528,-0.012119,-0.0034727,-0.058199,-0.18753,-0.22501,-0.033018,-0.10581,-0.022688,0.027779,-0.16712,-0.080935,-0.018521,-0.021986,0.00062326,-0.055839,0.083261,-0.024681,-0.105,0.069159,0.26023,0.071955,-0.0092451,-0.017288,0.08865
-0.30821,-0.21965,-0.081185,-0.16401,-0.034933,-0.0058218,-0.22733,-0.028316,-0.1399,0.17393,-0.057414,-0.25851,-0.18571,0.054411,0.062845,0.15783,-0.23864,-0.19969,-0.032816,-0.056227,0.080533,0.096827,-0.18589,-0.19356,-0.073945,-0.088413,0.039393,0.00085476,-0.08745,0.028188,-0.13348,-0.21378,-0.43174,-0.45774,0.063074,0.18188,0.18927,0.041699,0.12581,0.0077404,0.0012746,-0.084855,0.67558,1,0.26344,0.28696,0.45582,0.47237,0.24226,0.099603,0.19302,0.35295,0.068632,0.19058,0.16277,0.21492,-0.20623,-0.18521,-0.11023,-0.081952,-0.13966,-0.10188,-0.1946,-0.2331,0.0042285,0.023401,-0.1428,0.058226,-0.31561,-0.20315,-0.12908,-0.044018,-0.076079,0.080261,-0.010337,-0.0087457,-0.13067,-0.053552,0.075388,-0.044272,0.033018,0.12791,0.13563,-0.06126,0.21514,0.27223,0.10119,-0.084358,0.14858,0.15204
-0.20637,0.39485,-0.24631,0.16158,0.1837,0.15347,-0.025706,0.53643,0.15156,0.28748,0.15586,0.23221,0.20671,0.20538,0.27602,0.1508,0.16146,-0.085779,-0.44723,-0.44792,0.024671,0.1458,-0.064115,0.14651,0.061087,0.15095,0.11128,0.12303,0.016003,0.1954,0.070637,0.083163,0.035248,0.085867,-0.02713,-0.013014,-0.34063,-0.25223,-0.1851,0.0053995,-0.13572,-0.17828,0.24764,0.26344,1,0.79687,0.11438,0.15626,0.73331,0.74265,0.59079,0.50939,-0.13638,-0.14259,-0.043934,-0.011845,0.35881,0.4404,0.5243,0.55533,0.5123,0.52631,0.32202,0.35029,0.53425,0.3641,0.44944,0.50419,-0.28375,-0.43317,0.15864,-0.16426,-0.10303,-0.033946,-0.16312,0.045784,-0.01841,-0.080577,-0.11368,-0.04044,-0.10803,-0.076345,0.13963,-0.013248,-0.10759,-0.1496,-0.021388,-0.12898,-0.20344,-0.14943
-0.14833,0.35261,-0.24081,0.17383,-0.0010946,-0.0036077,-0.061631,0.47105,0.092995,0.13421,0.15467,0.25782,0.13134,0.20046,0.23195,0.13914,0.21091,-0.027878,-0.35823,-0.37971,-0.045626,0.1042,-0.070193,0.17055,-0.16268,0.008824,-0.013663,-0.049832,-0.0098024,0.21131,-0.10657,-0.074993,0.059128,0.074136,-0.0011704,0.026435,-0.33266,-0.17612,-0.11785,0.041119,-0.075439,-0.14493,0.03033,0.28696,0.79687,1,0.11346,0.18956,0.73139,0.83118,0.63788,0.51013,-0.15789,-0.2274,0.034972,-0.036335,0.31289,0.40004,0.49337,0.55929,0.47956,0.50933,0.30174,0.29292,0.54383,0.39189,0.42025,0.57701,-0.20513,-0.21476,0.18201,-0.092657,0.02741,0.006002,-0.18735,0.19886,-0.0026054,-0.018718,-0.12852,-0.044046,-0.080624,-0.024032,0.12429,0.053516,0.0076521,-0.15483,-0.054996,-0.1433,-0.13478,-0.18966
-0.41877,0.14395,-0.23219,-0.18501,0.10762,0.16862,-0.28421,0.20347,-0.11047,0.01072,-0.38809,-0.11562,-0.32986,0.027359,-0.013141,0.3735,-0.18527,-0.1816,-0.29698,-0.35874,0.32691,0.40473,-0.22649,-0.15495,-0.095712,-0.11697,0.21011,0.23094,-0.16705,0.32462,-0.36537,-0.23712,-0.32322,-0.32294,0.019886,0.11159,0.49444,0.45211,0.67622,0.54129,0.44969,0.44488,0.50821,0.45582,0.11438,0.11346,1,0.92655,-0.11079,-0.073118,-0.032612,0.067711,0.53748,0.38988,0.73391,0.7461,0.1437,0.18995,0.18685,0.2312,0.13212,0.13635,0.023502,-0.17397,0.1028,0.025424,0.13396,0.20734,-0.38038,-0.28417,0.092142,0.12983,0.19441,0.065427,0.37794,0.035182,0.18754,0.24338,0.2117,-0.21584,-0.0084664,0.1876,0.38082,0.52103,0.36888,0.51787,0.57817,0.53726,0.49681,0.5659
-0.42131,0.20118,-0.25319,-0.10404,0.079658,0.17229,-0.25807,0.30572,-0.12103,0.0056216,-0.30091,0.0118,-0.3059,0.1343,0.01264,0.38795,-0.13451,-0.15217,-0.33495,-0.4186,0.36541,0.39904,-0.19009,-0.080122,-0.14808,-0.13866,0.24179,0.25195,-0.16611,0.30319,-0.32508,-0.25629,-0.28018,-0.28446,0.024316,0.088284,0.45787,0.46044,0.68601,0.58218,0.49402,0.44544,0.40981,0.47237,0.15626,0.18956,0.92655,1,-0.028046,0.0087704,0.016103,0.12188,0.44722,0.42351,0.75344,0.79671,0.18834,0.25038,0.22936,0.31538,0.20126,0.24383,0.12324,-0.14207,0.17756,0.056002,0.15233,0.23997,-0.46406,-0.38027,0.094614,0.19083,0.2313,0.076601,0.35175,0.10041,0.19851,0.24338,0.15522,-0.26448,-0.021081,0.17269,0.3497,0.54736,0.42938,0.55918,0.56363,0.52694,0.57846,0.63434
-0.11311,0.1782,-0.098616,0.14164,0.065497,-0.0015521,0.11147,0.34226,0.14074,0.26598,0.25841,0.092768,0.30701,0.054589,0.25484,-0.067899,0.15332,-0.034031,-0.25859,-0.24075,-0.17128,-0.0088342,0.044752,0.1701,0.11949,0.1629,-0.1041,-0.13375,-0.024003,0.053047,0.13745,0.11843,0.033541,0.034065,0.20312,0.12287,-0.49755,-0.38761,-0.42344,-0.23073,-0.3394,-0.40796,0.077597,0.24226,0.73331,0.73139,-0.11079,-0.028046,1,0.72032,0.83186,0.67387,-0.31322,-0.16953,-0.2698,-0.22421,0.1758,0.20036,0.44499,0.38431,0.38315,0.3375,0.19391,0.20895,0.61924,0.47069,0.50473,0.42854,-0.04761,-0.17352,0.11112,-0.22421,-0.16246,-0.11677,-0.36409,0.096772,-0.18521,-0.21107,-0.14149,0.095498,-0.07269,-0.0746,0.0086107,-0.28645,-0.11497,-0.30737,-0.31593,-0.44921,-0.3364,-0.37618
-0.17093,0.45339,-0.29293,0.25723,0.05534,0.023003,-0.034434,0.54731,0.11288,0.045669,0.21277,0.36986,0.24311,0.24053,0.13799,-0.0072373,0.19856,0.033861,-0.47031,-0.46155,-0.086137,-0.046372,-0.0025942,0.26864,0.024354,0.070502,0.11109,-0.0051468,-0.017261,0.01823,0.18881,0.087337,0.24998,0.28893,0.0058113,-0.00086178,-0.42213,-0.28021,-0.29312,-0.10199,-0.095008,-0.20108,0.015497,0.099603,0.74265,0.83118,-0.073118,0.0087704,0.72032,1,0.68554,0.48093,-0.14995,-0.2268,-0.109,-0.17527,0.36407,0.46029,0.57095,0.57464,0.5544,0.58055,0.32237,0.40405,0.62272,0.4978,0.47954,0.59378,-0.16508,-0.31474,0.012142,-0.19902,-0.17661,-0.10626,-0.41578,0.09657,-0.13024,-0.16651,-0.22038,-0.083282,-0.14485,-0.18268,-0.036019,-0.049496,-0.087691,-0.19212,-0.1443,-0.18321,-0.16206,-0.2467
-0.11817,0.1556,-0.099243,0.20678,0.0070478,-0.13957,0.13147,0.31217,-0.080331,0.048253,0.20458,0.13439,0.25091,-0.0010953,-0.014631,-0.050999,0.2095,0.19974,-0.25028,-0.22005,-0.32215,-0.097728,0.053696,0.16372,0.097686,-0.0086397,-0.031036,-0.22904,0.00591,0.064001,0.15324,0.074116,0.1212,0.15348,0.36028,0.25073,-0.4358,-0.41429,-0.46328,-0.29823,-0.34634,-0.31244,0.15196,0.19302,0.59079,0.63788,-0.032612,0.016103,0.83186,0.68554,1,0.71645,0.00055551,-0.1439,-0.27407,-0.21975,0.18206,0.19316,0.43866,0.33754,0.37789,0.31159,0.24156,0.29152,0.70185,0.5924,0.56755,0.47144,0.07417,-0.17667,-0.067136,-0.30918,-0.27938,-0.085069,-0.37996,-0.0066709,-0.10063,-0.10764,-0.012505,0.23452,0.070538,0.080695,-0.010476,-0.22249,0.060453,-0.21974,-0.22201,-0.3385,-0.37105,-0.39671
