1,0.759,0.51546,0.40748,-0.54258,-0.69737,0.72261,0.27833,-0.46726,-0.66944,0.44122,-0.11336,0.21528,-0.11096,-0.3535,-0.67032,-0.23234,-0.36844,0.84655,0.54752,0.2697,0.16256,0.37248,0.30888,-0.54572,-0.59741,-0.23152,-0.22607,0.17719,-0.24208,0.19917,0.19441,-0.14715,-0.14207,0.10045,-0.10309,-0.016703,-0.19306,-0.25394,-0.30156,0.5546,0.24272,-0.052092,-0.12292,0.18328,0.19373,-0.25842,-0.19394,0.51639,0.69171,0.54682,0.38247,-0.13716,-0.26753,-0.19533,-0.31604,0.69259,0.66964,0.84945,0.84971,0.76531,0.77123,0.27753,0.43524,0.73434,0.72526,0.65017,0.66537,0.77244,0.65516,-0.080281,-0.39769,-0.35463,-0.55074,-0.29235,-0.74315,-0.52478,-0.62985,0.097744,0.086221,-0.37536,-0.2103,-0.27473,-0.42086,-0.16446,-0.29337,-0.30567,-0.5758,-0.017909,-0.56819
0.759,1,0.28761,0.51902,-0.70521,-0.69786,0.51883,0.57503,-0.71585,-0.63428,0.21876,0.082271,-0.074482,0.12821,-0.59249,-0.60864,-0.10988,-0.1319,0.72393,0.38193,0.16791,0.057761,0.31249,0.15342,-0.70843,-0.74683,-0.44274,-0.49675,0.11629,-0.079809,-0.025334,-0.064221,-0.0030612,-0.021999,-0.056806,-0.3953,0.12851,-0.15088,-0.11315,-0.22183,0.59482,0.19412,-0.3025,-0.21877,0.12505,0.32426,-0.35323,-0.23948,0.48609,0.7204,0.35854,0.42028,-0.16574,-0.17543,-0.057482,-0.16299,0.76083,0.79586,0.83709,0.86498,0.80745,0.85256,0.3128,0.51865,0.68808,0.73953,0.51525,0.56145,0.75373,0.54819,-0.18766,-0.49479,-0.28199,-0.41768,-0.18191,-0.70074,-0.3016,-0.43662,0.015882,0.26085,-0.39188,-0.099573,-0.26732,-0.24017,-0.4298,-0.45768,-0.25829,-0.47174,-0.13011,-0.60072
0.51546,0.28761,1,0.67024,-0.19406,-0.1736,0.80816,0.48346,-0.10138,-0.095899,0.16368,-0.0069398,0.14676,0.20429,-0.27193,-0.25115,-0.25878,-0.42603,0.50535,0.57126,-0.22445,-0.26367,0.79255,0.79003,-0.042613,-0.059952,-0.097829,-0.12332,-0.27627,-0.1375,0.3224,0.36311,-0.17169,0.093974,0.035736,-0.11391,-0.36843,-0.39508,-0.42399,-0.31576,0.075645,-0.03386,-0.0028834,-0.056252,0.36781,0.35389,-0.34058,-0.32287,0.4137,0.33448,0.24675,0.25079,-0.37318,-0.26516,-0.45906,-0.42854,0.24211,0.28553,0.44224,0.37899,0.34335,0.32065,0.041479,-0.063517,0.21016,0.24228,0.41422,0.45579,0.24398,0.40092,-0.17729,-0.25605,-0.44353,-0.27671,-0.35392,-0.45416,-0.21486,-0.31002,-0.21135,-0.011065,-0.40553,-0.37645,-0.45567,-0.35944,-0.24153,0.03714,-0.42532,-0.090455,-0.2235,-0.27528
0.40748,0.51902,0.67024,1,-0.50767,-0.29792,0.58877,0.83861,-0.47862,-0.21814,-0.06954,0.14087,-0.26348,0.39493,-0.57155,-0.24307,-0.31042,-0.36092,0.5692,0.37965,-0.16445,-0.23368,0.84464,0.79726,-0.20143,-0.21959,-0.33519,-0.39382,-0.28762,-0.062192,0.18936,0.30461,-0.22375,0.037037,-0.01172,-0.20873,-0.18856,-0.32081,-0.3182,-0.26372,0.19823,0.051399,-0.11296,0.099669,0.26091,0.61688,-0.2929,-0.16479,0.55837,0.54565,0.33381,0.58125,-0.32635,0.0027544,-0.3638,-0.31179,0.23732,0.34479,0.48596,0.48918,0.3603,0.39411,-0.035047,-0.074241,0.22244,0.3894,0.51495,0.55448,0.38888,0.48667,-0.27815,-0.29861,-0.44226,-0.26391,-0.338,-0.49466,-0.17956,-0.25498,-0.23974,0.068729,-0.52925,-0.36953,-0.51476,-0.23451,-0.45642,0.15195,-0.48055,-0.046457,-0.34012,-0.23078
-0.54258,-0.70521,-0.19406,-0.50767,1,0.83094,-0.33224,-0.47834,0.94856,0.78141,-0.057262,0.11412,0.34514,-0.12961,0.78874,0.71166,0.12145,0.10879,-0.58386,-0.23982,-0.096448,-0.0060917,-0.43238,-0.20192,0.75092,0.73779,0.76447,0.77563,-0.12147,0.06532,-0.05384,-0.095116,0.13853,0.027033,-0.051069,0.24895,-0.1925,0.10245,0.089598,0.16922,-0.69832,-0.33325,0.27442,0.01989,-0.0031787,-0.41814,0.23296,0.078139,-0.59407,-0.66714,-0.36499,-0.46142,0.16123,0.12404,0.097812,0.1775,-0.57388,-0.62772,-0.71329,-0.68913,-0.63289,-0.62737,-0.18737,-0.32091,-0.44607,-0.47857,-0.43982,-0.52488,-0.57082,-0.4454,0.16722,0.51602,0.32409,0.30956,0.20211,0.76588,0.26062,0.40267,-0.14719,-0.3602,0.34467,0.13863,0.33931,0.23216,0.33454,0.26253,0.37722,0.44081,0.2076,0.65664
-0.69737,-0.69786,-0.1736,-0.29792,0.83094,1,-0.39382,-0.17405,0.78512,0.93996,-0.28971,0.33129,0.065894,0.23836,0.51564,0.87933,0.1615,0.23799,-0.67129,-0.2023,-0.39053,-0.267,-0.25144,-0.060189,0.83816,0.85521,0.5999,0.58879,-0.31668,0.34098,-0.074637,-0.082757,0.22714,0.23553,-0.13325,0.14891,-0.32525,0.056284,-0.016722,0.22411,-0.84639,-0.33036,0.20498,0.0089924,0.06954,-0.14617,0.073183,-0.075001,-0.46062,-0.64082,-0.41341,-0.34062,-0.06051,0.15804,-0.053099,0.11289,-0.59455,-0.64988,-0.78197,-0.78008,-0.65992,-0.68287,-0.14271,-0.42283,-0.54952,-0.52181,-0.49486,-0.5207,-0.64243,-0.4443,0.027245,0.52402,0.17271,0.52012,0.14176,0.81247,0.41269,0.57188,-0.26091,-0.18082,0.34814,0.19162,0.14236,0.46407,0.081317,0.39345,0.17116,0.77302,-0.13453,0.68224
0.72261,0.51883,0.80816,0.58877,-0.33224,-0.39382,1,0.50875,-0.24064,-0.29684,0.27879,0.02285,0.31085,0.12821,-0.3823,-0.45392,-0.1865,-0.33617,0.6433,0.54829,-0.13132,-0.17689,0.6362,0.60233,-0.33055,-0.31503,-0.21603,-0.2307,-0.031775,-0.067033,0.29021,0.30914,-0.045048,0.14378,-0.019477,-0.15945,-0.27208,-0.41469,-0.42133,-0.39182,0.23666,0.026415,-0.046504,-0.048374,0.38431,0.35564,-0.47204,-0.38885,0.55381,0.51833,0.40934,0.33203,-0.38925,-0.28735,-0.46,-0.45481,0.47972,0.49097,0.63123,0.59268,0.55566,0.5359,0.20682,0.19433,0.51183,0.51197,0.51782,0.55814,0.51001,0.55555,-0.15016,-0.35412,-0.43991,-0.40001,-0.33975,-0.60426,-0.31237,-0.41332,-0.069996,0.087996,-0.31546,-0.26347,-0.44053,-0.42905,-0.31976,-0.21611,-0.49257,-0.33627,-0.32027,-0.52514
0.27833,0.57503,0.48346,0.83861,-0.47834,-0.17405,0.50875,1,-0.45789,-0.097112,-0.090404,0.3964,-0.25342,0.66651,-0.61061,-0.098075,-0.13793,-0.09264,0.45003,0.3082,-0.282,-0.2978,0.67364,0.53145,-0.22768,-0.23933,-0.38883,-0.44766,-0.19511,0.22386,0.097684,0.16911,0.052151,0.25004,-0.21096,-0.34086,-0.2253,-0.30948,-0.36711,-0.27265,0.12752,0.043761,-0.23017,0.02157,0.27576,0.62397,-0.48684,-0.42574,0.50493,0.50582,0.20437,0.4406,-0.42403,0.053547,-0.39693,-0.34171,0.29104,0.36233,0.40809,0.41152,0.3829,0.40121,0.1237,0.048919,0.25675,0.39001,0.34583,0.41942,0.35413,0.38611,-0.2781,-0.26797,-0.43947,-0.13158,-0.3704,-0.39365,-0.10856,-0.16746,-0.2102,0.18056,-0.31746,-0.15845,-0.48076,-0.047593,-0.56342,-0.016951,-0.51333,0.04416,-0.53271,-0.24864
-0.46726,-0.71585,-0.10138,-0.47862,0.94856,0.78512,-0.24064,-0.45789,1,0.73284,0.014991,0.10668,0.44635,-0.074716,0.78494,0.67493,0.086111,0.046092,-0.50131,-0.14975,-0.095052,-0.015639,-0.34497,-0.13032,0.76156,0.76025,0.70438,0.7485,-0.01633,0.14153,0.096686,0.058101,0.093651,0.015964,-0.096831,0.31548,-0.22993,0.08406,-0.03947,0.11593,-0.64167,-0.25496,0.3194,0.078838,0.067234,-0.35449,0.21464,-0.0053404,-0.52836,-0.60551,-0.27549,-0.42229,0.12847,0.15727,-0.0079293,0.064925,-0.58712,-0.64251,-0.6925,-0.67703,-0.64283,-0.63947,-0.19624,-0.36088,-0.42707,-0.46254,-0.37002,-0.45798,-0.52811,-0.36372,0.22068,0.54832,0.24844,0.26506,0.095825,0.70911,0.20576,0.33312,-0.10131,-0.38131,0.41854,0.14141,0.29337,0.17139,0.43078,0.30292,0.27603,0.39368,0.15811,0.62167
-0.66944,-0.63428,-0.095899,-0.21814,0.78141,0.93996,-0.29684,-0.097112,0.73284,1,-0.18601,0.33928,0.15381,0.31198,0.43302,0.86105,0.24981,0.24512,-0.65479,-0.2754,-0.49414,-0.35962,-0.19552,0.01575,0.72749,0.74728,0.54776,0.49839,-0.38352,0.29451,-0.075842,-0.095882,0.29877,0.27574,-0.12357,0.018696,-0.33918,-0.14396,-0.018605,0.1041,-0.81346,-0.49289,0.13178,-0.014366,0.081128,-0.11361,-0.10478,-0.1486,-0.40004,-0.61631,-0.4308,-0.26585,-0.20221,0.056397,-0.15434,0.051255,-0.53569,-0.59026,-0.697,-0.71673,-0.57185,-0.60676,-0.064827,-0.36162,-0.50668,-0.46823,-0.43704,-0.47503,-0.59005,-0.3841,0.010059,0.40788,0.22347,0.49237,0.16834,0.72017,0.45443,0.56611,-0.27756,-0.10055,0.30542,0.16575,0.067427,0.31441,-0.04466,0.30422,0.088616,0.68862,-0.20971,0.58557
0.44122,0.21876,0.16368,-0.06954,-0.057262,-0.28971,0.27879,-0.090404,0.014991,-0.18601,1,0.15456,0.74501,0.014214,0.1456,-0.182,0.24796,-0.10647,0.1892,0.071267,0.24521,0.18164,-0.059154,0.038602,-0.24537,-0.35116,0.16359,0.16203,0.25783,-0.1394,0.18778,0.15465,0.095925,-0.022831,0.19164,0.0010548,-0.18354,-0.28305,-0.18048,-0.39902,0.26959,0.021099,-0.14376,-0.12476,-0.11943,-0.27285,-0.3258,-0.2017,-0.076707,0.094691,0.075496,-0.010655,-0.10879,-0.24555,-0.27299,-0.34652,0.18585,0.13799,0.26993,0.24551,0.2277,0.23985,0.24752,0.26966,0.28537,0.25871,0.16765,0.13828,0.15943,0.1408,0.13946,-0.20046,0.23559,-0.13347,-0.0095123,-0.28213,-0.44193,-0.49158,0.18032,0.069548,-0.039628,-0.010664,-0.033244,-0.38126,-0.0014852,-0.21444,-0.048124,-0.4659,0.10785,-0.2235
-0.11336,0.082271,-0.0069398,0.14087,0.11412,0.33129,0.02285,0.3964,0.10668,0.33928,0.15456,1,0.12984,0.74064,-0.094064,0.34153,0.29694,0.30295,-0.12317,0.10316,-0.28919,-0.30923,0.00044243,0.084832,0.18036,0.15108,0.21851,0.20806,-0.019511,0.48197,0.077674,0.18437,0.41544,0.48491,-0.015713,0.16357,-0.40151,-0.19196,-0.3265,-0.22301,-0.24897,0.0095387,-0.084121,-0.042437,0.23522,0.050609,-0.4129,-0.43709,-0.076038,-0.008422,-0.11904,0.095525,-0.40167,0.00049935,-0.41022,-0.38172,-0.043863,-0.026352,-0.1691,-0.14261,-0.081788,0.0075244,0.19522,0.14836,-0.087685,0.14677,-0.1743,-0.14597,-0.19435,-0.12178,0.023572,0.17079,-0.021552,0.32571,-0.16275,0.19835,-0.15029,-0.037499,0.0055379,0.063949,0.20709,0.26907,-0.29865,0.1132,-0.18881,0.21105,-0.24775,0.20575,-0.44653,0.10279
0.21528,-0.074482,0.14676,-0.26348,0.34514,0.065894,0.31085,-0.25342,0.44635,0.15381,0.74501,0.12984,1,-0.05619,0.36137,0.051311,0.22696,-0.047188,-0.031066,0.065244,0.077738,0.04999,-0.18474,-0.021302,0.051606,0.014768,0.34312,0.34848,0.29143,0.084002,0.27057,0.20144,0.13207,0.052927,-0.0045549,0.10674,-0.24045,-0.22767,-0.2318,-0.28341,-0.018445,-0.099773,-0.029122,-0.14358,0.048734,-0.31661,-0.27273,-0.26675,-0.19057,-0.13256,0.0063539,-0.17097,-0.065248,-0.17088,-0.26557,-0.26993,-0.0025588,-0.088673,0.0052015,-0.022138,-0.0074146,-0.0066578,0.23248,0.13579,0.17618,0.11084,0.032047,-0.042403,-0.00090041,0.073556,0.1905,0.026784,0.23365,0.0075264,0.035681,0.020982,-0.23573,-0.26464,0.065637,-0.048458,0.27599,0.13544,0.055801,-0.29484,0.14928,-0.17822,-0.028584,-0.25186,0.01725,-0.061923
-0.11096,0.12821,0.20429,0.39493,-0.12961,0.23836,0.12821,0.66651,-0.074716,0.31198,0.014214,0.74064,-0.05619,1,-0.32806,0.31323,0.25685,0.25777,0.0065902,0.10065,-0.48205,-0.47295,0.35184,0.27882,0.096037,0.093967,-0.10136,-0.1454,-0.12466,0.5377,0.10833,0.20732,0.35354,0.49871,-0.16617,-0.074728,-0.38915,-0.32213,-0.41029,-0.28016,-0.15841,-0.012072,-0.20862,-0.0063215,0.30367,0.36467,-0.56027,-0.57716,0.20866,0.13814,-0.068295,0.20379,-0.55921,0.025355,-0.53773,-0.45798,-0.011637,0.030346,-0.035251,-0.053585,0.0072719,0.064425,0.19119,0.057467,-0.077604,0.092088,-0.032674,0.025262,-0.080415,0.053544,-0.074919,0.012875,-0.1577,0.28115,-0.27806,0.026584,-0.047596,-0.017905,-0.024661,0.23414,0.15686,0.13703,-0.38846,0.1117,-0.33942,0.15362,-0.45923,0.26331,-0.63128,-0.038197
-0.3535,-0.59249,-0.27193,-0.57155,0.78874,0.51564,-0.3823,-0.61061,0.78494,0.43302,0.1456,-0.094064,0.36137,-0.32806,1,0.58673,0.031632,0.039912,-0.39913,-0.16119,0.34563,0.46101,-0.44403,-0.25777,0.63798,0.58382,0.59443,0.68443,0.23675,-0.014328,0.015528,-0.058131,-0.073932,-0.25755,0.060309,0.3167,0.073641,0.35576,0.28908,0.26901,-0.34403,-0.05944,0.24264,0.024934,-0.34648,-0.60004,0.47319,0.31051,-0.67548,-0.62947,-0.35358,-0.56829,0.40561,0.17605,0.27416,0.25818,-0.50857,-0.53001,-0.58341,-0.55529,-0.5827,-0.55785,-0.32304,-0.29591,-0.45765,-0.51715,-0.38525,-0.48186,-0.44541,-0.42523,0.33541,0.53926,0.5194,0.24394,0.35796,0.67627,0.10097,0.22438,0.043474,-0.37347,0.36947,0.12244,0.66645,0.29709,0.57769,0.26954,0.50608,0.19378,0.51646,0.58733
-0.67032,-0.60864,-0.25115,-0.24307,0.71166,0.87933,-0.45392,-0.098075,0.67493,0.86105,-0.182,0.34153,0.051311,0.31323,0.58673,1,0.14687,0.22259,-0.58136,-0.27264,-0.2301,-0.074705,-0.21436,-0.039493,0.75896,0.74645,0.48546,0.47573,-0.20002,0.37316,-0.15687,-0.14252,0.15457,0.11121,-0.13263,0.1025,-0.14803,0.14555,0.14752,0.26394,-0.69289,-0.23868,0.058695,0.061719,-0.15933,-0.17734,0.13381,0.036345,-0.48956,-0.61846,-0.42285,-0.33048,0.040058,0.26557,0.026912,0.17354,-0.63003,-0.65615,-0.74214,-0.72449,-0.66888,-0.65855,-0.26215,-0.47188,-0.5543,-0.50876,-0.45198,-0.48451,-0.55848,-0.40449,0.070501,0.53245,0.35891,0.57932,0.2649,0.82338,0.37381,0.53973,-0.18725,-0.15601,0.34612,0.15394,0.32362,0.56951,0.13182,0.42955,0.2211,0.70906,-0.011559,0.71209
-0.23234,-0.10988,-0.25878,-0.31042,0.12145,0.1615,-0.1865,-0.13793,0.086111,0.24981,0.24796,0.29694,0.22696,0.25685,0.031632,0.14687,1,0.71794,-0.31813,-0.25024,-0.2724,-0.26788,-0.30968,-0.29185,-0.0080767,-0.034775,0.11045,0.021162,0.095096,0.21807,-0.20774,-0.2358,0.49852,0.34094,0.078085,-0.13229,-0.085622,-0.19183,0.092463,-0.056435,-0.14192,-0.11515,-0.175,-0.2653,-0.0743,-0.2938,-0.337,-0.20754,-0.17469,-0.24465,-0.37075,-0.21577,-0.37562,-0.31205,-0.14172,-0.087921,0.14021,0.12516,-0.13693,-0.13989,-0.04937,-0.0046285,0.3213,0.37509,-0.17503,-0.11454,-0.35082,-0.3346,-0.16164,-0.27286,0.14527,-0.023954,0.368,0.38942,0.1998,0.1867,0.11291,0.18617,0.47318,0.41383,0.38447,0.35913,-0.069928,0.080075,-0.13886,-0.24012,-0.048996,0.054985,-0.2544,-0.22302
-0.36844,-0.1319,-0.42603,-0.36092,0.10879,0.23799,-0.33617,-0.09264,0.046092,0.24512,-0.10647,0.30295,-0.047188,0.25777,0.039912,0.22259,0.71794,1,-0.3783,-0.15565,-0.18926,-0.15297,-0.39587,-0.43297,0.075241,0.082521,0.029852,-0.0057743,0.177,0.40049,-0.19583,-0.20681,0.51134,0.3916,0.044091,-0.05967,-0.0099294,0.049796,0.14171,0.11091,-0.14929,-0.0072517,-0.10292,-0.24196,-0.15146,-0.32308,-0.19421,-0.15709,-0.27313,-0.31364,-0.48642,-0.33549,-0.25907,-0.098096,-0.033798,0.018236,0.23125,0.1895,-0.24557,-0.23106,-0.099785,-0.064589,0.28569,0.38078,-0.29243,-0.24217,-0.49378,-0.48745,-0.23814,-0.39156,0.19455,0.19097,0.30256,0.54097,0.19536,0.36815,0.15157,0.28206,0.42587,0.45942,0.52092,0.56813,0.049059,0.34187,-0.082614,-0.11307,-0.00030517,0.17038,-0.27882,-0.10086
0.84655,0.72393,0.50535,0.5692,-0.58386,-0.67129,0.6433,0.45003,-0.50131,-0.65479,0.1892,-0.12317,-0.031066,0.0065902,-0.39913,-0.58136,-0.31813,-0.3783,1,0.50982,0.26065,0.14295,0.58187,0.39693,-0.47753,-0.54211,-0.32418,-0.33686,0.17234,-0.18217,0.21841,0.21868,-0.28567,-0.24312,-0.041503,-0.10212,0.094252,-0.098966,-0.19776,-0.19987,0.55524,0.28652,0.024444,0.017353,0.20718,0.36487,-0.1293,-0.091791,0.58371,0.73616,0.6164,0.43705,-0.066444,-0.043968,-0.12741,-0.21233,0.51522,0.56977,0.76448,0.8041,0.60543,0.65725,0.023742,0.23967,0.61812,0.62836,0.73493,0.70478,0.83182,0.69682,-0.14348,-0.29642,-0.42125,-0.55697,-0.32518,-0.68219,-0.42935,-0.54333,0.083949,-0.030975,-0.40606,-0.3001,-0.25656,-0.38293,-0.1161,-0.20053,-0.32533,-0.48291,-0.024601,-0.47841
0.54752,0.38193,0.57126,0.37965,-0.23982,-0.2023,0.54829,0.3082,-0.14975,-0.2754,0.071267,0.10316,0.065244,0.10065,-0.16119,-0.27264,-0.25024,-0.15565,0.50982,1,0.087187,0.026348,0.41179,0.40089,-0.062881,-0.062449,-0.13901,-0.086828,0.11764,0.14069,0.31129,0.34379,-0.17082,0.13573,0.039561,0.10957,-0.18348,0.061172,-0.32313,-0.031542,0.21706,0.33904,0.071187,-0.15082,0.29482,0.15022,-0.10416,-0.22705,0.2146,0.26705,0.13616,0.020607,-0.15925,-0.14057,-0.18957,-0.27884,0.43316,0.46406,0.39612,0.38845,0.35333,0.34601,0.053555,0.085617,0.15706,0.25172,0.26305,0.31018,0.28693,0.35843,-0.01589,-0.051587,-0.4116,-0.10182,-0.30091,-0.30738,-0.33671,-0.3439,-0.066973,0.080375,-0.14881,-0.036669,-0.2598,-0.028791,-0.00813,0.10391,-0.31009,-0.069931,-0.14469,-0.255
0.2697,0.16791,-0.22445,-0.16445,-0.096448,-0.39053,-0.13132,-0.282,-0.095052,-0.49414,0.24521,-0.28919,0.077738,-0.48205,0.34563,-0.2301,-0.2724,-0.18926,0.26065,0.087187,1,0.8826,-0.19668,-0.19535,-0.09885,-0.21087,0.041671,0.15159,0.58086,-0.18447,0.13091,0.073101,-0.40125,-0.53894,0.21405,0.25224,0.45216,0.51563,0.25237,0.13379,0.54053,0.48365,0.075289,0.059828,-0.45496,-0.35286,0.51355,0.46231,-0.27113,0.035063,0.047651,-0.22145,0.57154,0.16456,0.4155,0.19052,0.043429,0.10052,0.1757,0.2304,0.058342,0.10346,-0.25084,0.062754,0.059803,0.03344,0.13127,0.056776,0.20672,0.046477,0.35036,0.14933,0.30557,-0.16632,0.20217,-0.087681,-0.30712,-0.32295,0.2139,-0.15395,0.0036317,0.08369,0.46451,-0.00026862,0.4816,0.063639,0.303,-0.45173,0.63235,0.025377
0.16256,0.057761,-0.26367,-0.23368,-0.0060917,-0.267,-0.17689,-0.2978,-0.015639,-0.35962,0.18164,-0.30923,0.04999,-0.47295,0.46101,-0.074705,-0.26788,-0.15297,0.14295,0.026348,0.8826,1,-0.25097,-0.20259,0.0067901,-0.05636,-0.013021,0.1607,0.55038,-0.13582,0.093694,0.03057,-0.36037,-0.51772,0.10352,0.17669,0.45144,0.51603,0.34659,0.22038,0.40301,0.41333,0.085388,0.066473,-0.5638,-0.40357,0.5054,0.42731,-0.33318,-0.090264,-0.032043,-0.30689,0.54491,0.16039,0.41836,0.22718,-0.025976,0.022347,0.055094,0.090619,-0.038535,-0.020554,-0.27177,-0.020505,-0.029451,-0.086017,0.02649,-0.040499,0.12094,-0.039295,0.352,0.24997,0.32988,-0.11101,0.28305,0.023545,-0.19457,-0.18275,0.17798,-0.15288,0.094512,0.068606,0.5894,0.15704,0.46076,0.059042,0.26961,-0.35318,0.59536,0.089025
0.37248,0.31249,0.79255,0.84464,-0.43238,-0.25144,0.6362,0.67364,-0.34497,-0.19552,-0.059154,0.00044243,-0.18474,0.35184,-0.44403,-0.21436,-0.30968,-0.39587,0.58187,0.41179,-0.19668,-0.25097,1,0.85651,-0.083139,-0.10271,-0.30192,-0.35181,-0.26118,-0.057557,0.30577,0.38155,-0.28695,0.027107,-0.045778,-0.13267,-0.22365,-0.28851,-0.34218,-0.22344,0.14616,0.065235,-0.00046895,0.12003,0.30412,0.58101,-0.22675,-0.16012,0.5464,0.45355,0.33872,0.418,-0.30294,-0.0080969,-0.40069,-0.32576,0.11071,0.21578,0.39231,0.36669,0.23211,0.25369,-0.14697,-0.19849,0.1338,0.19992,0.47667,0.51962,0.3208,0.44839,-0.24048,-0.22397,-0.45543,-0.26519,-0.32188,-0.45466,-0.13406,-0.23488,-0.17008,0.015116,-0.44369,-0.42814,-0.45346,-0.25479,-0.29729,0.14169,-0.47902,-0.0017451,-0.29774,-0.24327
0.30888,0.15342,0.79003,0.79726,-0.20192,-0.060189,0.60233,0.53145,-0.13032,0.01575,0.038602,0.084832,-0.021302,0.27882,-0.25777,-0.039493,-0.29185,-0.43297,0.39693,0.40089,-0.19535,-0.20259,0.85651,1,0.10841,0.1038,-0.075253,-0.10694,-0.32209,-0.057955,0.31873,0.43684,-0.3128,0.0072851,0.03551,-0.037446,-0.31277,-0.32916,-0.33231,-0.21821,-0.031084,0.0013354,0.081683,0.13798,0.22299,0.45928,-0.22471,-0.1313,0.39594,0.29789,0.2591,0.3946,-0.33449,-0.10757,-0.46076,-0.37603,0.00084387,0.10952,0.25882,0.25078,0.094381,0.12983,-0.19141,-0.27752,0.022083,0.19656,0.45633,0.48871,0.20072,0.44449,-0.16491,-0.074417,-0.32563,-0.1539,-0.2091,-0.30576,-0.11564,-0.16659,-0.20527,-0.0098889,-0.40473,-0.3527,-0.42107,-0.215,-0.23102,0.34955,-0.44729,0.082164,-0.25572,-0.097554
-0.54572,-0.70843,-0.042613,-0.20143,0.75092,0.83816,-0.33055,-0.22768,0.76156,0.72749,-0.24537,0.18036,0.051606,0.096037,0.63798,0.75896,-0.0080767,0.075241,-0.47753,-0.062881,-0.09885,0.0067901,-0.083139,0.10841,1,0.94479,0.58042,0.60769,-0.12291,0.28546,0.19017,0.17204,0.0018368,0.031952,0.030377,0.32398,-0.27335,0.14967,-0.025848,0.24755,-0.67745,-0.17913,0.35948,0.015584,-0.075312,-0.18175,0.2846,0.068105,-0.42422,-0.5427,-0.30642,-0.29824,0.029512,0.18762,-0.080038,0.014908,-0.63446,-0.63315,-0.69017,-0.68277,-0.66589,-0.65401,-0.28265,-0.45697,-0.58413,-0.51563,-0.34936,-0.39932,-0.56289,-0.35462,0.13311,0.58253,0.13462,0.40554,0.1622,0.72536,0.24035,0.39987,-0.18991,-0.2621,0.33889,0.18247,0.25642,0.42553,0.28228,0.5717,0.1235,0.65994,-0.019905,0.63424
-0.59741,-0.74683,-0.059952,-0.21959,0.73779,0.85521,-0.31503,-0.23933,0.76025,0.74728,-0.35116,0.15108,0.014768,0.093967,0.58382,0.74645,-0.034775,0.082521,-0.54211,-0.062449,-0.21087,-0.05636,-0.10271,0.1038,0.94479,1,0.46124,0.54084,-0.10498,0.33987,0.17687,0.19256,0.023812,0.10204,-0.064605,0.32442,-0.26832,0.15268,-0.048242,0.26411,-0.69066,-0.16033,0.38325,0.081847,0.01499,-0.12199,0.2579,0.012197,-0.36673,-0.55075,-0.2796,-0.27389,-0.002885,0.19286,-0.098205,-0.0014715,-0.62623,-0.63926,-0.71723,-0.7331,-0.67856,-0.69643,-0.28454,-0.49971,-0.59569,-0.53519,-0.36954,-0.41291,-0.59698,-0.35383,0.16641,0.61436,0.085631,0.42099,0.11132,0.73292,0.3054,0.46051,-0.17977,-0.244,0.42019,0.18002,0.23288,0.43711,0.30659,0.56808,0.067106,0.67397,-0.084731,0.61486
-0.23152,-0.44274,-0.097829,-0.33519,0.76447,0.5999,-0.21603,-0.38883,0.70438,0.54776,0.16359,0.21851,0.34312,-0.10136,0.59443,0.48546,0.11045,0.029852,-0.32418,-0.13901,0.041671,-0.013021,-0.30192,-0.075253,0.58042,0.46124,1,0.9227,-0.17502,-0.030584,0.062781,0.019768,0.15251,0.02063,0.14947,0.28461,-0.33789,-0.07429,-0.092529,-0.097678,-0.60539,-0.31387,0.26556,-0.0068983,0.054524,-0.38209,0.11049,0.083546,-0.50303,-0.42392,-0.23943,-0.25054,0.068906,0.04685,-0.06826,0.010172,-0.40448,-0.45401,-0.46228,-0.42138,-0.41869,-0.35972,-0.051793,-0.11368,-0.2358,-0.2113,-0.23484,-0.30421,-0.35542,-0.26552,0.058059,0.3338,0.30845,0.17522,0.16234,0.52242,-0.055268,0.085911,-0.12812,-0.25812,0.12787,0.14423,0.11076,-0.018519,0.20667,0.27432,0.32949,0.21733,0.19974,0.53801
-0.22607,-0.49675,-0.12332,-0.39382,0.77563,0.58879,-0.2307,-0.44766,0.7485,0.49839,0.16203,0.20806,0.34848,-0.1454,0.68443,0.47573,0.021162,-0.0057743,-0.33686,-0.086828,0.15159,0.1607,-0.35181,-0.10694,0.60769,0.54084,0.9227,1,-0.0081459,0.0077251,0.15347,0.14083,0.13277,0.01259,0.12922,0.43338,-0.3447,0.01874,-0.15104,-0.11908,-0.54448,-0.17984,0.3717,0.1199,0.074892,-0.39638,0.1937,0.086035,-0.5286,-0.44452,-0.19807,-0.3004,0.13113,0.13228,-0.087773,-0.047336,-0.4284,-0.49971,-0.49452,-0.48061,-0.45084,-0.4297,-0.089006,-0.16323,-0.29682,-0.27114,-0.23782,-0.3382,-0.40651,-0.31723,0.20359,0.46499,0.30398,0.17198,0.068837,0.54658,-0.12438,0.029833,-0.072715,-0.36016,0.23656,0.13794,0.15462,-0.017072,0.37033,0.35929,0.27819,0.11584,0.24629,0.59145
0.17719,0.11629,-0.27627,-0.28762,-0.12147,-0.31668,-0.031775,-0.19511,-0.01633,-0.38352,0.25783,-0.019511,0.29143,-0.12466,0.23675,-0.20002,0.095096,0.177,0.17234,0.11764,0.58086,0.55038,-0.26118,-0.32209,-0.12291,-0.10498,-0.17502,-0.0081459,1,0.36875,0.36729,0.33043,-0.053406,-0.13645,-0.076152,0.28629,0.2334,0.31492,-0.033654,0.0091572,0.49999,0.50275,0.10842,0.044172,-0.18925,-0.26252,0.13351,-0.025734,-0.10321,0.073021,0.035784,-0.21057,0.21546,0.13163,0.040822,-0.15131,0.14825,0.17589,0.13438,0.13692,0.064053,0.10413,0.0022995,0.25219,0.02835,0.067203,0.061544,-0.022598,0.18666,0.078071,0.47593,0.2184,0.25042,0.054801,0.024424,-0.017846,-0.33842,-0.36044,0.53189,0.062979,0.59944,0.46719,0.34316,-0.021986,0.5408,-0.038709,-0.027756,-0.44482,0.14044,-0.20486
-0.24208,-0.079809,-0.1375,-0.062192,0.06532,0.34098,-0.067033,0.22386,0.14153,0.29451,-0.1394,0.48197,0.084002,0.5377,-0.014328,0.37316,0.21807,0.40049,-0.18217,0.14069,-0.18447,-0.13582,-0.057557,-0.057955,0.28546,0.33987,-0.030584,0.0077251,0.36875,1,0.27224,0.25296,0.32365,0.41532,-0.24117,0.12422,-0.20884,0.078738,-0.3017,0.063361,-0.16217,0.21745,-0.0075629,-0.071503,0.06256,0.11911,-0.22758,-0.38519,-0.068537,-0.081398,-0.21525,-0.0942,-0.25657,0.11323,-0.32461,-0.26231,-0.05409,-0.070414,-0.20283,-0.21627,-0.14265,-0.12038,0.14352,0.045256,-0.20443,-0.04904,-0.17707,-0.15231,-0.11343,-0.019429,0.11781,0.27019,0.046635,0.56397,0.0037904,0.33419,0.040244,0.10172,0.10854,0.30226,0.6581,0.63766,0.002494,0.39785,0.072973,0.21486,-0.31592,0.32974,-0.49061,0.043864
0.19917,-0.025334,0.3224,0.18936,-0.05384,-0.074637,0.29021,0.097684,0.096686,-0.075842,0.18778,0.077674,0.27057,0.10833,0.015528,-0.15687,-0.20774,-0.19583,0.21841,0.31129,0.13091,0.093694,0.30577,0.31873,0.19017,0.17687,0.062781,0.15347,0.36729,0.27224,1,0.90506,-0.043934,0.070442,0.088225,0.33678,-0.42009,-0.30492,-0.55556,-0.32131,0.1027,0.0014087,0.39673,-0.0015695,0.25344,0.10544,-0.19279,-0.29883,0.10702,0.10609,0.10845,0.10173,-0.23506,-0.066108,-0.52337,-0.54887,-0.042507,-0.030962,0.097552,0.022906,0.038064,-0.0025829,0.087646,0.0099819,-0.020993,0.061159,0.2498,0.16925,0.045687,0.19545,0.27771,0.11602,-0.22894,-0.19763,-0.18019,-0.17737,-0.27603,-0.40951,-0.080314,-0.07942,0.18114,0.27799,-0.17533,-0.39616,0.19895,0.21491,-0.36486,-0.19585,-0.24196,-0.10344
0.19441,-0.064221,0.36311,0.30461,-0.095116,-0.082757,0.30914,0.16911,0.058101,-0.095882,0.15465,0.18437,0.20144,0.20732,-0.058131,-0.14252,-0.2358,-0.20681,0.21868,0.34379,0.073101,0.03057,0.38155,0.43684,0.17204,0.19256,0.019768,0.14083,0.33043,0.25296,0.90506,1,-0.062293,0.15415,0.12469,0.46086,-0.46899,-0.30322,-0.6293,-0.39564,0.11358,0.11481,0.32361,0.14377,0.29695,0.17449,-0.20011,-0.30567,0.1934,0.16348,0.16197,0.17735,-0.27335,-0.024079,-0.60605,-0.64349,-0.058935,-0.02594,0.10002,0.033158,0.017504,0.0027571,0.03279,-0.036223,-0.066239,0.090852,0.27615,0.21158,-0.00012345,0.20942,0.30212,0.15398,-0.28525,-0.13252,-0.3553,-0.1895,-0.41294,-0.47559,0.0098923,-0.10284,0.15997,0.1822,-0.30939,-0.39857,0.21338,0.39542,-0.46372,-0.20606,-0.29665,-0.08345
-0.14715,-0.0030612,-0.17169,-0.22375,0.13853,0.22714,-0.045048,0.052151,0.093651,0.29877,0.095925,0.41544,0.13207,0.35354,-0.073932,0.15457,0.49852,0.51134,-0.28567,-0.17082,-0.40125,-0.36037,-0.28695,-0.3128,0.0018368,0.023812,0.15251,0.13277,-0.053406,0.32365,-0.043934,-0.062293,1,0.76047,0.10855,-0.04366,-0.41406,-0.45354,-0.2494,-0.34792,-0.28032,-0.37207,-0.12668,-0.21231,0.1621,-0.066231,-0.53904,-0.50969,-0.032549,-0.064656,-0.27657,-0.053959,-0.54579,-0.27337,-0.42401,-0.36482,0.21719,0.07234,-0.060093,-0.12562,0.20308,0.12818,0.6387,0.50804,0.033907,0.039178,-0.24183,-0.23996,-0.16328,-0.24219,0.13462,-0.094261,0.067778,0.23798,-0.12834,0.13152,-0.027169,0.051875,0.049455,0.25941,0.3152,0.37119,-0.22055,-0.019003,-0.34235,-0.24084,-0.18147,0.016007,-0.46681,-0.15319
-0.14207,-0.021999,0.093974,0.037037,0.027033,0.23553,0.14378,0.25004,0.015964,0.27574,-0.022831,0.48491,0.052927,0.49871,-0.25755,0.11121,0.34094,0.3916,-0.24312,0.13573,-0.53894,-0.51772,0.027107,0.0072851,0.031952,0.10204,0.02063,0.01259,-0.13645,0.41532,0.070442,0.15415,0.76047,1,0.047665,0.068894,-0.57476,-0.47128,-0.40816,-0.33669,-0.292,-0.22883,-0.1773,-0.14197,0.32613,0.1425,-0.58026,-0.59524,0.09585,-0.022034,-0.25946,-0.035663,-0.6023,-0.24421,-0.55173,-0.50256,0.17575,0.1049,-0.036294,-0.12883,0.14772,0.071792,0.44843,0.28709,-0.079049,0.0057072,-0.18207,-0.091178,-0.24504,-0.12906,-0.047165,-0.17067,-0.13556,0.30205,-0.30031,0.052701,-0.14668,-0.065654,0.009403,0.34316,0.20863,0.26063,-0.41262,-0.021129,-0.36853,-0.072925,-0.35751,0.13958,-0.60305,-0.20705
0.10045,-0.056806,0.035736,-0.01172,-0.051069,-0.13325,-0.019477,-0.21096,-0.096831,-0.12357,0.19164,-0.015713,-0.0045549,-0.16617,0.060309,-0.13263,0.078085,0.044091,-0.041503,0.039561,0.21405,0.10352,-0.045778,0.03551,0.030377,-0.064605,0.14947,0.12922,-0.076152,-0.24117,0.088225,0.12469,0.10855,0.047665,1,0.42844,-0.133,-0.13334,0.039783,-0.14795,0.11483,-0.042268,0.073007,-0.087523,-0.15026,-0.26046,0.070206,0.24622,-0.13702,-0.087028,-0.16474,0.034676,-0.093942,-0.32904,-0.092718,-0.13964,0.084517,0.089762,0.056999,0.054765,0.099966,0.098674,0.14443,0.24175,-0.093995,0.027903,-0.029046,-0.054742,-0.17343,-0.18487,0.15996,-0.12129,0.15181,0.037969,0.12034,-0.050951,-0.20625,-0.14501,0.020247,0.099261,-0.15329,0.11319,-0.071409,-0.13273,0.069998,0.29117,0.048605,-0.15509,0.17026,-0.028845
-0.10309,-0.3953,-0.11391,-0.20873,0.24895,0.14891,-0.15945,-0.34086,0.31548,0.018696,0.0010548,0.16357,0.10674,-0.074728,0.3167,0.1025,-0.13229,-0.05967,-0.10212,0.10957,0.25224,0.17669,-0.13267,-0.037446,0.32398,0.32442,0.28461,0.43338,0.28629,0.12422,0.33678,0.46086,-0.04366,0.068894,0.42844,1,-0.21656,0.16376,-0.23158,-0.099561,-0.070404,0.24798,0.37331,0.32911,0.11253,-0.1532,0.30164,0.15742,-0.20608,-0.17384,-0.0061637,-0.099951,0.12938,0.14121,-0.15391,-0.21583,-0.34326,-0.31841,-0.29744,-0.28676,-0.33662,-0.32363,-0.19986,-0.12249,-0.33029,-0.15157,0.00544,-0.064464,-0.26828,-0.13157,0.31098,0.37761,0.037505,0.12774,-0.20147,0.27262,-0.30696,-0.18203,0.14394,-0.30229,0.27485,0.19551,0.013527,-0.085024,0.57186,0.58236,-0.02746,-0.090167,0.12073,0.30198
-0.016703,0.12851,-0.36843,-0.18856,-0.1925,-0.32525,-0.27208,-0.2253,-0.22993,-0.33918,-0.18354,-0.40151,-0.24045,-0.38915,0.073641,-0.14803,-0.085622,-0.0099294,0.094252,-0.18348,0.45216,0.45144,-0.22365,-0.31277,-0.27335,-0.26832,-0.33789,-0.3447,0.2334,-0.20884,-0.42009,-0.46899,-0.41406,-0.57476,-0.133,-0.21656,1,0.63655,0.72201,0.53953,0.49878,0.34917,-0.17033,0.014211,-0.44275,-0.22136,0.54312,0.58746,-0.13768,-0.027425,0.023091,-0.12956,0.54862,0.13127,0.76523,0.66674,0.044758,0.13031,0.074427,0.15091,-0.021962,0.052477,-0.33571,-0.040304,0.019581,-0.083754,-0.077652,-0.093058,0.18567,-0.030533,0.028207,-0.0056619,0.27638,-0.052692,0.38969,-0.017168,0.26609,0.20495,0.18654,-0.0028623,-0.021758,-0.08705,0.48552,0.24541,0.27205,-0.17985,0.38044,-0.12643,0.54304,-0.040932
-0.19306,-0.15088,-0.39508,-0.32081,0.10245,0.056284,-0.41469,-0.30948,0.08406,-0.14396,-0.28305,-0.19196,-0.22767,-0.32213,0.35576,0.14555,-0.19183,0.049796,-0.098966,0.061172,0.51563,0.51603,-0.28851,-0.32916,0.14967,0.15268,-0.07429,0.01874,0.31492,0.078738,-0.30492,-0.30322,-0.45354,-0.47128,-0.13334,0.16376,0.63655,1,0.5006,0.6944,0.18879,0.61796,0.026714,0.072255,-0.36949,-0.2992,0.74056,0.57234,-0.38197,-0.26697,-0.10606,-0.38246,0.70688,0.37569,0.70988,0.64147,-0.19635,-0.15507,-0.26174,-0.18085,-0.31988,-0.28245,-0.44681,-0.27985,-0.27073,-0.31799,-0.28878,-0.2979,-0.12628,-0.26021,0.129,0.36948,0.21714,0.24685,0.27889,0.36491,0.17798,0.26997,0.15244,-0.18853,0.17751,0.048668,0.53603,0.55064,0.50364,0.20015,0.38858,0.17874,0.51525,0.34118
-0.25394,-0.11315,-0.42399,-0.3182,0.089598,-0.016722,-0.42133,-0.36711,-0.03947,-0.018605,-0.18048,-0.3265,-0.2318,-0.41029,0.28908,0.14752,0.092463,0.14171,-0.19776,-0.32313,0.25237,0.34659,-0.34218,-0.33231,-0.025848,-0.048242,-0.092529,-0.15104,-0.033654,-0.3017,-0.55556,-0.6293,-0.2494,-0.40816,0.039783,-0.23158,0.72201,0.5006,1,0.73048,0.098902,0.065056,-0.17592,-0.16364,-0.59757,-0.44289,0.50455,0.58766,-0.35264,-0.33352,-0.23378,-0.28873,0.47497,0.0083334,0.78902,0.71072,-0.11633,-0.05079,-0.18229,-0.11689,-0.22055,-0.14159,-0.32586,-0.057544,-0.1663,-0.26399,-0.31736,-0.32295,-0.10871,-0.30625,-0.071787,-0.00091554,0.42347,0.12499,0.66974,0.25682,0.37539,0.39721,0.098996,-0.047055,-0.044778,-0.09337,0.64851,0.45621,0.16102,-0.1723,0.63028,0.17845,0.5638,0.086706
-0.30156,-0.22183,-0.31576,-0.26372,0.16922,0.22411,-0.39182,-0.27265,0.11593,0.1041,-0.39902,-0.22301,-0.28341,-0.28016,0.26901,0.26394,-0.056435,0.11091,-0.19987,-0.031542,0.13379,0.22038,-0.22344,-0.21821,0.24755,0.26411,-0.097678,-0.11908,0.0091572,0.063361,-0.32131,-0.39564,-0.34792,-0.33669,-0.14795,-0.099561,0.53953,0.6944,0.73048,1,-0.058948,0.29383,0.017382,-0.20794,-0.3937,-0.27311,0.57138,0.4418,-0.32693,-0.36326,-0.22364,-0.34294,0.47779,0.10501,0.69273,0.68072,-0.19302,-0.15738,-0.29867,-0.23972,-0.31867,-0.28862,-0.36758,-0.2523,-0.27814,-0.31654,-0.32198,-0.3123,-0.16384,-0.2562,-0.12797,0.1807,0.1227,0.26598,0.50723,0.39806,0.40165,0.4595,0.0083592,-0.061752,0.1023,0.078829,0.57384,0.66349,0.26362,0.051851,0.46633,0.53573,0.36177,0.23874
0.5546,0.59482,0.075645,0.19823,-0.69832,-0.84639,0.23666,0.12752,-0.64167,-0.81346,0.26959,-0.24897,-0.018445,-0.15841,-0.34403,-0.69289,-0.14192,-0.14929,0.55524,0.21706,0.54053,0.40301,0.14616,-0.031084,-0.67745,-0.69066,-0.60539,-0.54448,0.49999,-0.16217,0.1027,0.11358,-0.28032,-0.292,0.11483,-0.070404,0.49878,0.18879,0.098902,-0.058948,1,0.51521,-0.19755,-0.026498,-0.15754,0.017506,0.046702,0.1277,0.26177,0.47014,0.26884,0.15817,0.18472,-0.10578,0.1781,-0.012108,0.50216,0.57571,0.66112,0.65311,0.53735,0.567,0.042299,0.3528,0.3684,0.36959,0.35348,0.33727,0.51178,0.3197,0.1373,-0.33536,-0.030462,-0.31121,-0.080138,-0.63794,-0.34891,-0.51605,0.2953,0.14584,-0.14504,-0.048901,0.011875,-0.29451,0.12027,-0.24958,-0.12764,-0.66821,0.24021,-0.52751
0.24272,0.19412,-0.03386,0.051399,-0.33325,-0.33036,0.026415,0.043761,-0.25496,-0.49289,0.021099,0.0095387,-0.099773,-0.012072,-0.05944,-0.23868,-0.11515,-0.0072517,0.28652,0.33904,0.48365,0.41333,0.065235,0.0013354,-0.17913,-0.16033,-0.31387,-0.17984,0.50275,0.21745,0.0014087,0.11481,-0.37207,-0.22883,-0.042268,0.24798,0.34917,0.61796,0.065056,0.29383,0.51521,1,-0.098386,0.058227,-0.16712,-0.089824,0.32884,0.17421,-0.0087828,0.15938,0.11404,-0.11967,0.34036,0.18873,0.23536,0.081587,0.14393,0.22819,0.17836,0.231,0.046533,0.13533,-0.24318,0.012192,-0.015594,0.093471,0.043732,0.055889,0.15112,0.07126,0.14055,0.12069,-0.012688,0.097972,-0.051525,-0.10095,-0.32581,-0.26862,0.37661,0.040224,0.14632,0.10604,0.13923,0.24971,0.41559,0.17788,-0.048287,-0.15579,0.20992,-0.10361
-0.052092,-0.3025,-0.0028834,-0.11296,0.27442,0.20498,-0.046504,-0.23017,0.3194,0.13178,-0.14376,-0.084121,-0.029122,-0.20862,0.24264,0.058695,-0.175,-0.10292,0.024444,0.071187,0.075289,0.085388,-0.00046895,0.081683,0.35948,0.38325,0.26556,0.3717,0.10842,-0.0075629,0.39673,0.32361,-0.12668,-0.1773,0.073007,0.37331,-0.17033,0.026714,-0.17592,0.017382,-0.19755,-0.098386,1,0.42882,0.30868,0.10854,0.22582,0.16419,0.031934,-0.06234,0.2813,0.15518,0.035513,0.18242,-0.13619,-0.089159,-0.24225,-0.25968,-0.24531,-0.23111,-0.27417,-0.30833,-0.23819,-0.24076,-0.16293,-0.10572,0.18003,0.070248,-0.0093203,0.087879,0.27856,0.41716,-0.10458,-0.11936,-0.11471,0.18363,0.13869,0.13639,0.024571,-0.29629,0.12961,0.090582,-0.027769,-0.20015,0.40944,0.36096,-0.061015,0.022451,0.014924,0.29078
-0.12292,-0.21877,-0.056252,0.099669,0.01989,0.0089924,-0.048374,0.02157,0.078838,-0.014366,-0.12476,-0.042437,-0.14358,-0.0063215,0.024934,0.061719,-0.2653,-0.24196,0.017353,-0.15082,0.059828,0.066473,0.12003,0.13798,0.015584,0.081847,-0.0068983,0.1199,0.044172,-0.071503,-0.0015695,0.14377,-0.21231,-0.14197,-0.087523,0.32911,0.014211,0.072255,-0.16364,-0.20794,-0.026498,0.058227,0.42882,1,0.17742,0.3343,0.221,0.28381,0.14619,0.095253,0.34165,0.29256,0.14914,0.51987,-0.099376,-0.034067,-0.35479,-0.31775,-0.21958,-0.19042,-0.32914,-0.3196,-0.39271,-0.45052,-0.16042,-0.14248,0.17865,0.18013,-0.023999,0.11981,0.14581,0.27058,0.022882,-0.063459,-0.34257,0.065644,0.012154,0.070868,0.1105,-0.30729,-0.030764,-0.31055,-0.1528,-0.20112,0.26197,0.42068,-0.14325,-0.14722,0.050614,0.3188
0.18328,0.12505,0.36781,0.26091,-0.0031787,0.06954,0.38431,0.27576,0.067234,0.081128,-0.11943,0.23522,0.048734,0.30367,-0.34648,-0.15933,-0.0743,-0.15146,0.20718,0.29482,-0.45496,-0.5638,0.30412,0.22299,-0.075312,0.01499,0.054524,0.074892,-0.18925,0.06256,0.25344,0.29695,0.1621,0.32613,-0.15026,0.11253,-0.44275,-0.36949,-0.59757,-0.3937,-0.15754,-0.16712,0.30868,0.17742,1,0.50602,-0.37153,-0.42277,0.46893,0.31885,0.39212,0.38873,-0.36598,0.02066,-0.44164,-0.36234,0.11499,0.063753,0.14621,0.10671,0.17899,0.14069,0.21707,0.038173,0.2294,0.27279,0.28314,0.25056,0.11206,0.24973,-0.050214,-0.042366,-0.46505,-0.22404,-0.5461,-0.19208,-0.066092,-0.13506,-0.16326,-0.11995,-0.057038,-0.13053,-0.61443,-0.45577,-0.12239,-0.011877,-0.3886,-0.067543,-0.43154,-0.071179
0.19373,0.32426,0.35389,0.61688,-0.41814,-0.14617,0.35564,0.62397,-0.35449,-0.11361,-0.27285,0.050609,-0.31661,0.36467,-0.60004,-0.17734,-0.2938,-0.32308,0.36487,0.15022,-0.35286,-0.40357,0.58101,0.45928,-0.18175,-0.12199,-0.38209,-0.39638,-0.26252,0.11911,0.10544,0.17449,-0.066231,0.1425,-0.26046,-0.1532,-0.22136,-0.2992,-0.44289,-0.27311,0.017506,-0.089824,0.10854,0.3343,0.50602,1,-0.29556,-0.29816,0.77795,0.66379,0.56637,0.70048,-0.31675,0.20898,-0.38616,-0.27461,0.088909,0.10097,0.3172,0.30232,0.2642,0.21553,0.024079,-0.18765,0.31679,0.38969,0.57581,0.65251,0.39026,0.54111,-0.23712,-0.21752,-0.55235,-0.26955,-0.53721,-0.39843,0.057613,-0.045453,-0.28484,-0.012585,-0.32013,-0.3308,-0.51542,-0.2149,-0.40798,0.032469,-0.50263,0.038326,-0.49099,-0.16391
-0.25842,-0.35323,-0.34058,-0.2929,0.23296,0.073183,-0.47204,-0.48684,0.21464,-0.10478,-0.3258,-0.4129,-0.27273,-0.56027,0.47319,0.13381,-0.337,-0.19421,-0.1293,-0.10416,0.51355,0.5054,-0.22675,-0.22471,0.2846,0.2579,0.11049,0.1937,0.13351,-0.22758,-0.19279,-0.20011,-0.53904,-0.58026,0.070206,0.30164,0.54312,0.74056,0.50455,0.57138,0.046702,0.32884,0.22582,0.221,-0.37153,-0.29556,1,0.82228,-0.41326,-0.32369,-0.05387,-0.27944,0.82445,0.4333,0.71708,0.66253,-0.41191,-0.37134,-0.37519,-0.30174,-0.47249,-0.44035,-0.61491,-0.44135,-0.37651,-0.43339,-0.1983,-0.27174,-0.20945,-0.28751,0.047568,0.31352,0.24001,0.07158,0.29108,0.38835,0.156,0.22439,0.021196,-0.38498,-0.012983,-0.14111,0.54462,0.32666,0.5973,0.32608,0.51663,0.13124,0.69728,0.49959
-0.19394,-0.23948,-0.32287,-0.16479,0.078139,-0.075001,-0.38885,-0.42574,-0.0053404,-0.1486,-0.2017,-0.43709,-0.26675,-0.57716,0.31051,0.036345,-0.20754,-0.15709,-0.091791,-0.22705,0.46231,0.42731,-0.16012,-0.1313,0.068105,0.012197,0.083546,0.086035,-0.025734,-0.38519,-0.29883,-0.30567,-0.50969,-0.59524,0.24622,0.15742,0.58746,0.57234,0.58766,0.4418,0.1277,0.17421,0.16419,0.28381,-0.42277,-0.29816,0.82228,1,-0.35204,-0.30335,-0.055996,-0.11921,0.70074,0.32187,0.66792,0.71402,-0.31331,-0.26415,-0.26698,-0.18792,-0.37942,-0.338,-0.55931,-0.37126,-0.3287,-0.37034,-0.14325,-0.20761,-0.13248,-0.23348,-0.038725,0.11871,0.38233,0.061037,0.41816,0.24178,0.18495,0.22512,0.027579,-0.21331,-0.21136,-0.21673,0.39419,0.14912,0.38128,0.28433,0.45454,0.0061765,0.67325,0.40331
0.51639,0.48609,0.4137,0.55837,-0.59407,-0.46062,0.55381,0.50493,-0.52836,-0.40004,-0.076707,-0.076038,-0.19057,0.20866,-0.67548,-0.48956,-0.17469,-0.27313,0.58371,0.2146,-0.27113,-0.33318,0.5464,0.39594,-0.42422,-0.36673,-0.50303,-0.5286,-0.10321,-0.068537,0.10702,0.1934,-0.032549,0.09585,-0.13702,-0.20608,-0.13768,-0.38197,-0.35264,-0.32693,0.26177,-0.0087828,0.031934,0.14619,0.46893,0.77795,-0.41326,-0.35204,1,0.83068,0.75221,0.74291,-0.39945,-0.030758,-0.40182,-0.38453,0.39777,0.40758,0.64166,0.60751,0.55922,0.54533,0.21525,0.17048,0.61669,0.63676,0.68459,0.73516,0.5979,0.65667,-0.17471,-0.38108,-0.57762,-0.4501,-0.49916,-0.66584,-0.17376,-0.28121,-0.0093398,0.0973,-0.31084,-0.31718,-0.52512,-0.36952,-0.40446,-0.19497,-0.53706,-0.23056,-0.49481,-0.53666
0.69171,0.7204,0.33448,0.54565,-0.66714,-0.64082,0.51833,0.50582,-0.60551,-0.61631,0.094691,-0.008422,-0.13256,0.13814,-0.62947,-0.61846,-0.24465,-0.31364,0.73616,0.26705,0.035063,-0.090264,0.45355,0.29789,-0.5427,-0.55075,-0.42392,-0.44452,0.073021,-0.081398,0.10609,0.16348,-0.064656,-0.022034,-0.087028,-0.17384,-0.027425,-0.26697,-0.33352,-0.36326,0.47014,0.15938,-0.06234,0.095253,0.31885,0.66379,-0.32369,-0.30335,0.83068,1,0.74537,0.75855,-0.24536,0.03401,-0.29849,-0.36712,0.50613,0.55535,0.77612,0.80348,0.67686,0.73305,0.23538,0.35595,0.7512,0.80317,0.71959,0.77384,0.73639,0.67751,-0.16653,-0.41876,-0.49123,-0.52041,-0.47872,-0.74597,-0.38925,-0.4968,0.042679,0.069185,-0.35824,-0.24579,-0.44067,-0.39521,-0.33119,-0.24281,-0.43818,-0.44193,-0.29208,-0.54868
0.54682,0.35854,0.24675,0.33381,-0.36499,-0.41341,0.40934,0.20437,-0.27549,-0.4308,0.075496,-0.11904,0.0063539,-0.068295,-0.35358,-0.42285,-0.37075,-0.48642,0.6164,0.13616,0.047651,-0.032043,0.33872,0.2591,-0.30642,-0.2796,-0.23943,-0.19807,0.035784,-0.21525,0.10845,0.16197,-0.27657,-0.25946,-0.16474,-0.0061637,0.023091,-0.10606,-0.23378,-0.22364,0.26884,0.11404,0.2813,0.34165,0.39212,0.56637,-0.05387,-0.055996,0.75221,0.74537,1,0.71752,-0.0041304,0.22884,-0.16678,-0.19823,0.15658,0.13971,0.45519,0.47894,0.3063,0.32007,-0.035023,-0.040445,0.67394,0.59517,0.7053,0.6465,0.58419,0.61283,-0.073832,-0.1253,-0.45747,-0.55747,-0.42706,-0.51462,-0.21622,-0.30567,-0.006746,-0.25323,-0.2939,-0.41795,-0.31751,-0.40124,-0.030049,-0.088247,-0.31753,-0.33117,-0.13668,-0.23897
