1,0.51603,0.6591,0.48439,0.16194,0.10189,0.69776,0.32079,0.31165,-0.070223,0.46391,-0.16024,0.43807,-0.0035118,0.27393,-0.10638,-0.16124,-0.33272,0.4284,0.12001,0.062158,0.1527,0.58758,0.51132,0.0098325,-0.11645,0.11624,0.10433,-0.13718,-0.22849,-0.038654,-0.091464,-0.015329,-0.3206,0.2108,0.065323,0.22009,0.17592,0.14467,0.062898,0.1032,0.18891,0.3291,0.13784,0.12433,0.16812,0.35719,0.17721,0.23587,0.10619,0.42161,-0.070039,0.026966,0.073614,0.20064,0.0638,0.54646,0.39215,0.32017,0.32617,0.38512,0.0090805,-0.24512,-0.31278,0.4656,0.37329,0.15597,0.058298,0.33114,0.32042,0.14243,-0.0088051,0.048062,-0.078141,0.00086646,-0.22003,0.12328,0.12671,0.014634,-0.09975,-0.18387,-0.42436,0.1639,-0.045677,0.37976,0.22153,0.18595,0.030211,0.1894,-0.15282
0.51603,1,0.20798,0.35093,-0.2234,-0.21492,0.25957,0.36619,-0.24443,-0.23101,-0.15361,-0.10386,-0.18075,-0.085923,-0.061024,0.051381,0.013665,0.18616,0.45219,0.36696,0.18638,0.232,0.1758,0.24579,-0.15109,-0.24195,-0.093874,-0.069143,0.11568,0.030966,-0.29554,-0.31995,0.10915,-0.088722,-0.04885,-0.015915,0.31339,0.35587,0.12003,0.076283,0.091197,0.29352,0.0070806,-0.018386,0.058967,0.10315,0.27638,0.26268,0.042545,0.34739,-0.095076,-0.011748,0.1204,0.21014,0.15954,0.21192,0.79941,0.82691,0.50085,0.56566,0.4215,0.35445,-0.11823,0.19926,-0.18264,0.12902,0.18407,0.0051252,0.58719,0.20109,-0.079529,-0.013751,0.093627,0.059282,0.12186,0.17372,0.40477,0.3991,0.081977,-0.063365,0.10188,0.20154,0.13822,0.13842,0.016175,0.13651,0.13067,0.078656,-0.10915,0.085127
0.6591,0.20798,1,0.66071,0.19351,0.13073,0.88694,0.35176,0.14611,-0.26854,0.19567,-0.41876,0.2434,-0.15165,0.25148,-0.19983,-0.41675,-0.49648,0.40606,-0.014944,0.17975,0.27569,0.84971,0.85105,0.29256,0.18509,0.25109,0.20323,-0.14479,-0.25946,0.12704,0.23265,-0.11449,-0.26273,0.40847,0.23485,0.17192,0.10863,0.1095,-0.05967,-0.040053,0.14995,0.51052,0.35761,0.07043,0.33003,0.54325,0.34202,0.13612,-0.19919,0.59851,-0.15343,-0.0095783,0.015009,0.24885,-0.030047,0.24213,0.10019,0.075662,0.1145,0.095519,-0.22123,-0.38889,-0.48885,0.26052,0.097022,0.26564,0.2293,0.031495,0.31576,0.2951,0.047332,0.048279,-0.071125,-0.060144,-0.37074,-0.021867,0.073105,0.017355,-0.14852,-0.20724,-0.59183,0.23566,-0.0046953,0.47892,0.34455,0.15234,0.054249,0.27561,-0.24715
0.48439,0.35093,0.66071,1,-0.11686,0.027978,0.64875,0.84037,-0.071004,-0.051375,-0.066408,-0.02062,-0.02792,0.20267,-0.046881,-0.076971,-0.46402,-0.43165,0.33118,-0.031491,0.1241,0.22205,0.52292,0.73329,0.1099,0.18875,0.045717,0.092417,-0.11983,-0.1304,-0.02824,0.041662,-0.095876,-0.10269,0.23359,0.23768,0.099569,0.13694,-0.010626,-0.09154,-0.10888,0.12908,0.16882,0.26605,0.031555,0.26881,0.29844,0.35541,0.17817,0.0073902,0.37156,0.12682,0.171,0.12664,0.14045,0.067645,0.23517,0.19764,0.21592,0.3514,0.21761,0.20089,-0.30334,-0.099874,0.15251,0.36553,0.29294,0.20632,0.13251,0.067687,0.10167,-0.0052814,-0.066745,-0.18528,-0.19077,-0.27722,-0.046746,0.092507,0.0012663,-0.10212,-0.13584,-0.23575,0.077972,0.0042539,0.19332,0.43085,0.090869,0.0212,0.14375,0.041703
0.16194,-0.2234,0.19351,-0.11686,1,0.86053,0.11119,-0.29557,0.77646,0.45526,0.11746,-0.29958,0.2567,-0.15993,0.69676,0.20617,0.19088,-0.19294,-0.096667,-0.17954,0.047918,0.10267,0.22129,0.11679,0.24042,0.23011,0.63957,0.65336,0.088296,-0.1216,0.14146,0.24472,-0.30217,-0.29583,0.092098,0.019784,0.026676,-0.072666,0.15463,0.11158,0.064291,-0.16299,0.3762,0.1425,0.020157,-0.16518,0.084194,-0.15239,-0.1924,-0.20003,0.1365,-0.30075,-0.10993,-0.099739,0.10771,-0.014763,-0.051504,-0.21509,-0.2302,-0.27612,-0.22053,-0.41461,-0.24653,-0.49087,0.15447,-0.052473,-0.22872,-0.19522,-0.15627,0.032954,0.14262,0.067624,0.16973,0.096495,0.13878,-0.15665,-0.11757,-0.22735,0.074289,-0.083865,-0.10628,-0.4442,0.22781,-0.037468,0.28099,0.0094914,0.18433,0.26583,0.19827,-0.12622
0.10189,-0.21492,0.13073,0.027978,0.86053,1,0.052333,-0.12222,0.71516,0.61101,0.044119,-0.10806,0.15452,-0.018602,0.60207,0.16238,0.11784,-0.21758,-0.20393,-0.30058,-0.075521,0.041823,0.16538,0.16147,0.075192,0.19255,0.51691,0.66621,-0.081209,-0.23602,0.033217,0.22827,-0.19963,-0.15324,0.10736,0.051538,-0.04407,-0.083639,0.062781,0.040025,0.035432,-0.18722,0.32035,0.15774,0.022184,-0.12626,0.031968,-0.13351,-0.20895,-0.20148,0.16876,-0.2902,-0.011208,-0.019168,0.043206,-0.037205,-0.13171,-0.24994,-0.29847,-0.30495,-0.15132,-0.34352,-0.21202,-0.42954,0.2017,0.078292,-0.31621,-0.29041,-0.21033,-0.096408,0.054522,0.058255,0.17044,0.066355,0.085816,-0.18908,-0.2255,-0.31463,-0.037242,-0.13376,-0.24063,-0.34987,0.088468,-0.17787,0.30932,0.14323,0.16612,0.25952,0.18781,0.0029086
0.69776,0.25957,0.88694,0.64875,0.11119,0.052333,1,0.48828,0.19023,-0.21762,0.21718,-0.40101,0.3791,-0.20331,0.25666,-0.23992,-0.35607,-0.47287,0.39768,0.12837,0.14329,0.24168,0.71008,0.72266,0.12449,0.056812,0.14651,0.14691,-0.081105,-0.24882,0.016991,0.064959,0.022459,-0.096365,0.14786,0.00050644,0.10726,0.085198,0.048028,-0.12336,-0.07123,0.088666,0.27242,0.15978,0.0604,0.35897,0.41593,0.20623,0.21474,-0.13883,0.48152,-0.11934,0.032637,0.027892,0.19603,-0.077175,0.283,0.15798,0.22004,0.25551,0.30194,0.009329,-0.22736,-0.31693,0.31293,0.14139,0.21579,0.27179,0.10169,0.3805,0.20238,-0.012581,0.054998,-0.065909,-0.053628,-0.32389,-0.10985,0.041395,-0.028161,-0.193,-0.20333,-0.45305,0.17169,-0.040346,0.41321,0.20037,0.063782,-0.047964,0.27506,-0.24994
0.32079,0.36619,0.35176,0.84037,-0.29557,-0.12222,0.48828,1,-0.13655,0.049029,-0.11481,0.19331,-0.059625,0.32765,-0.11923,0.041773,-0.35725,-0.26547,0.21436,0.026265,0.12389,0.18658,0.2362,0.48646,-0.069952,0.061413,-0.089352,0.0034091,-0.013739,-0.039844,-0.20855,-0.22393,0.054012,0.09346,0.034036,0.072386,0.029732,0.096732,-0.081448,-0.14148,-0.12453,0.059434,-0.10091,0.078465,0.016369,0.24585,0.12557,0.29264,0.24259,0.15415,0.15791,0.20986,0.30063,0.22636,0.065052,0.067013,0.16021,0.20683,0.28745,0.44106,0.34046,0.4592,-0.14341,0.17429,0.14345,0.4487,0.24515,0.19378,0.17655,-0.0081269,-0.055307,-0.055975,-0.045516,-0.10934,-0.15381,-0.058132,-0.027869,0.11667,-0.045366,-0.14558,-0.0416,0.080908,0.02327,0.07697,0.060006,0.28757,-0.013792,-0.029345,0.10486,0.21644
0.31165,-0.24443,0.14611,-0.071004,0.77646,0.71516,0.19023,-0.13655,1,0.6086,0.45942,-0.017266,0.56744,0.083224,0.69913,0.04035,0.14697,-0.26844,-0.16581,-0.21124,-0.19907,-0.14748,0.16571,0.060198,-0.022853,0.045077,0.33621,0.38857,-0.084836,-0.25317,0.029685,0.081822,-0.14898,-0.12996,-0.020933,-0.16366,-0.082856,-0.14936,0.035238,0.033471,0.013523,-0.22161,0.22597,0.011516,-0.065469,-0.14272,-0.050249,-0.26446,0.0083192,-0.20094,0.22231,-0.18343,-0.017099,-0.1127,0.051733,-0.08934,-0.15621,-0.24391,-0.20692,-0.2171,-0.039395,-0.24717,-0.11396,-0.37389,0.43202,0.18855,-0.33828,-0.22979,-0.23831,0.0052952,0.077749,-0.011694,0.13836,0.056151,0.14097,-0.17418,-0.26029,-0.36257,-0.013925,-0.1285,-0.2528,-0.40398,-0.012804,-0.2344,0.27698,-0.040542,0.12842,0.1017,0.30222,-0.13399
-0.070223,-0.23101,-0.26854,-0.051375,0.45526,0.61101,-0.21762,0.049029,0.6086,1,0.12125,0.33861,0.13841,0.30289,0.41579,0.29881,0.14481,-0.12221,-0.23331,-0.26259,-0.27662,-0.22455,-0.090317,-0.084814,-0.11613,0.087103,0.086822,0.24218,-0.061411,-0.11406,-0.022222,0.029392,-0.1451,-0.016501,-0.17166,-0.12396,-0.14577,-0.10563,-0.037679,0.052144,-0.016971,-0.2643,-0.022693,-0.032337,-0.086011,-0.22273,-0.2956,-0.26104,-0.084155,0.024557,-0.083479,-0.028984,0.13753,0.095665,-0.11026,0.007086,-0.2273,-0.2636,-0.25086,-0.16271,-0.052143,0.040219,-0.044436,-0.084024,0.2482,0.4233,-0.39814,-0.40832,-0.16132,-0.23145,-0.050129,0.02031,0.035186,-0.01282,0.067676,0.03977,-0.18915,-0.27347,-0.13643,-0.094414,-0.20844,-0.05186,-0.14483,-0.21417,-0.05524,-0.031055,0.045708,0.00080622,0.041678,0.17698
0.46391,-0.15361,0.19567,-0.066408,0.11746,0.044119,0.21718,-0.11481,0.45942,0.12125,1,0.26984,0.80733,0.33035,0.29328,-0.085487,0.09624,-0.14525,-0.037552,-0.11666,-0.14747,-0.15452,0.17572,0.041376,0.046521,0.028002,-0.019526,-0.10459,-0.046759,-0.029208,0.19584,0.041739,-0.017222,-0.15555,0.026216,-0.15114,-0.099293,-0.23792,-0.033489,-0.033978,-0.038542,-0.10024,0.079691,-0.017355,-0.02482,-0.021956,-0.14471,-0.20913,0.40597,-0.068264,0.29187,0.13746,-0.048372,-0.19583,-0.027573,-0.18792,-0.12692,-0.17541,-0.014372,-0.014584,0.11193,-0.10689,0.11065,-0.16741,0.47062,0.24379,-0.054906,-0.019056,-0.13533,0.077827,0.20816,-0.010342,-0.13424,-0.15856,-0.11824,-0.32129,-0.12609,-0.10954,-0.045602,0.11368,-0.086334,-0.31046,-0.029205,-0.083374,0.082789,-0.15286,-0.035482,-0.20643,0.17913,-0.2588
-0.16024,-0.10386,-0.41876,-0.02062,-0.29958,-0.10806,-0.40101,0.19331,-0.017266,0.33861,0.26984,1,0.070409,0.72879,-0.18843,0.10667,0.029871,0.16031,-0.34208,-0.2313,-0.24075,-0.27181,-0.38986,-0.2746,-0.25108,-0.08284,-0.26872,-0.21487,-0.067974,0.10806,-0.05978,-0.18168,0.051538,0.25387,-0.13928,-0.092373,-0.1538,-0.13978,-0.097713,0.015789,-0.024617,-0.14246,-0.33032,-0.1345,-0.14033,-0.19713,-0.44032,-0.15198,0.23688,0.081938,-0.18121,0.38106,0.14529,-0.043428,-0.15428,-0.013037,-0.33435,-0.12546,0.027544,0.094035,0.047128,0.35363,0.313,0.4785,0.10762,0.3722,-0.081868,-0.108,-0.16965,-0.41454,-0.19527,-0.11542,-0.18813,-0.11715,-0.12612,0.021711,-0.1819,-0.19184,-0.093261,0.12692,-0.01907,0.23341,-0.32076,-0.12096,-0.36472,-0.21681,-0.065997,-0.13029,0.026936,0.21404
0.43807,-0.18075,0.2434,-0.02792,0.2567,0.15452,0.3791,-0.059625,0.56744,0.13841,0.80733,0.070409,1,0.12643,0.36102,-0.22478,0.12824,-0.23255,-0.05157,0.073117,-0.18242,-0.15994,0.16536,0.037481,0.023457,0.055021,-0.0022497,-0.044137,-0.015727,-0.11983,0.16136,0.077334,-0.076806,-0.063366,-0.20607,-0.3351,-0.22434,-0.36268,-0.1518,-0.18316,-0.13268,-0.25103,-0.033639,-0.12733,0.039357,0.11073,-0.21382,-0.3108,0.49282,-0.046114,0.31127,0.16,-0.016463,-0.17389,-0.10418,-0.34404,-0.14187,-0.19223,0.11974,0.092905,0.25683,0.017298,0.21678,-0.12448,0.43397,0.17011,-0.02391,0.17256,-0.10579,0.23268,0.22578,-0.015557,-0.094205,-0.17653,-0.16868,-0.42792,-0.29364,-0.1781,-0.13046,-0.021385,-0.1754,-0.34944,-0.084744,-0.18526,0.076648,-0.28238,-0.13581,-0.30848,0.20444,-0.37025
-0.0035118,-0.085923,-0.15165,0.20267,-0.15993,-0.018602,-0.20331,0.32765,0.083224,0.30289,0.33035,0.72879,0.12643,1,-0.056642,0.27243,-0.016888,0.023192,-0.14532,-0.28345,-0.14211,-0.16411,-0.1079,-0.0048337,-0.033824,0.11527,-0.14102,-0.12887,-0.0077923,0.18803,0.12115,-0.022349,-0.038466,-0.045309,-0.012241,-0.030682,-0.084595,-0.1428,-0.0448,0.080997,0.036343,-0.076989,-0.1418,0.045922,-0.11799,-0.22789,-0.33722,-0.099407,0.15729,0.1153,-0.027348,0.28839,0.14691,-0.073754,-0.072402,0.064214,-0.30909,-0.13011,-0.077554,0.016454,-0.11319,0.11802,0.0098806,0.19952,0.15478,0.27549,-0.049609,-0.17934,-0.139,-0.37483,-0.0079518,-0.12882,-0.20972,-0.14935,-0.14604,-0.054708,-0.079398,-0.16942,0.071477,0.18621,0.086408,0.057683,-0.13156,-0.0081275,-0.19739,0.019044,0.013065,-0.094576,0.006347,0.14608
0.27393,-0.061024,0.25148,-0.046881,0.69676,0.60207,0.25666,-0.11923,0.69913,0.41579,0.29328,-0.18843,0.36102,-0.056642,1,0.46875,0.019439,-0.33882,-0.04065,-0.21598,0.20993,0.28037,0.3155,0.24184,0.2527,0.21909,0.59042,0.64372,0.26369,0.062698,0.063424,0.0049219,-0.0074584,-0.12177,0.038618,-0.14283,0.0041338,0.0033482,0.2075,0.089127,0.030651,-0.14898,0.18708,0.04285,-0.23484,-0.10492,0.18103,0.038979,-0.035125,-0.20874,0.1629,-0.25645,0.051476,0.049294,0.14366,0.0037509,-0.054907,-0.17748,-0.18937,-0.16807,-0.069569,-0.24075,-0.30628,-0.37725,0.16601,0.014063,-0.23774,-0.23047,-0.14811,0.09237,0.13946,0.15369,0.24295,0.20868,0.21833,0.031161,-0.045635,-0.06954,0.085274,-0.090256,0.051902,-0.32344,0.44602,0.19697,0.36201,0.045721,0.027711,0.15301,0.2707,0.040931
-0.10638,0.051381,-0.19983,-0.076971,0.20617,0.16238,-0.23992,0.041773,0.04035,0.29881,-0.085487,0.10667,-0.22478,0.27243,0.46875,1,0.044077,-0.040915,0.021652,-0.15752,0.46303,0.44999,-0.043905,-0.0034299,0.34499,0.28721,0.41646,0.4116,0.58588,0.57033,0.1248,-0.15977,0.0043815,-0.21012,0.046418,0.031406,0.15792,0.18636,0.36921,0.34904,0.22643,0.088696,-0.046118,-0.0036014,-0.31695,-0.42462,0.049082,0.24144,-0.2521,0.084512,-0.28477,-0.10636,0.099764,0.13123,0.10563,0.28462,-0.033278,-0.076034,-0.16456,-0.091761,-0.28737,-0.066099,-0.345,-0.022854,-0.18486,-0.06014,-0.1447,-0.39249,0.090655,-0.23426,0.046003,0.15858,0.14543,0.24808,0.23734,0.44526,0.31625,0.16216,0.29312,0.2136,0.5313,0.18621,0.63239,0.64917,-0.017824,0.11578,0.020541,0.1452,-0.098438,0.36265
-0.16124,0.013665,-0.41675,-0.46402,0.19088,0.11784,-0.35607,-0.35725,0.14697,0.14481,0.09624,0.029871,0.12824,-0.016888,0.019439,0.044077,1,0.62551,0.040076,0.21514,-0.30695,-0.35768,-0.26206,-0.45973,-0.024228,-0.014618,-0.095252,-0.1626,0.21301,0.17046,0.14072,0.17184,0.0069916,-0.088993,-0.42881,-0.37059,-0.22977,-0.26583,-0.20362,-0.062073,-0.045625,-0.273,-0.053634,0.0020507,0.13767,-0.18634,-0.39293,-0.42571,-0.072987,0.36023,-0.15898,0.082631,-0.063883,0.059931,-0.31126,-0.17977,0.12423,0.080399,-0.029032,-0.094073,-0.049587,-0.07736,0.15632,0.051305,-0.14857,-0.22867,-0.23722,-0.27952,0.13696,-0.010598,-0.020807,0.088411,0.055468,0.021013,-0.097591,0.14137,0.18007,0.033121,0.20689,0.22121,0.17138,0.28884,-0.21399,-0.14025,-0.18065,-0.159,-0.18024,-0.16158,-0.35947,-0.056755
-0.33272,0.18616,-0.49648,-0.43165,-0.19294,-0.21758,-0.47287,-0.26547,-0.26844,-0.12221,-0.14525,0.16031,-0.23255,0.023192,-0.33882,-0.040915,0.62551,1,0.026224,0.23764,-0.11343,-0.24158,-0.4016,-0.49339,-0.22199,-0.24201,-0.24367,-0.29553,0.08381,0.17035,-0.072771,-0.016596,0.098643,0.024429,-0.27659,-0.20318,-0.027286,-0.065735,-0.15179,-0.060125,0.025066,-0.058544,-0.26457,-0.194,0.08276,-0.15782,-0.30431,-0.33156,-0.15094,0.23154,-0.41549,0.046147,-0.12053,-0.039325,-0.16787,-0.0013035,0.14159,0.273,-0.0077149,0.0087966,-0.095892,0.076593,0.28732,0.35308,-0.32791,-0.31557,-0.10225,-0.20549,0.16894,-0.13048,-0.15206,-0.029414,-0.021248,0.055662,-0.00027341,0.23373,0.24915,0.12433,0.0395,0.15125,0.13316,0.51561,-0.24002,-0.039249,-0.40176,-0.21543,-0.039464,0.058629,-0.33518,0.057383
0.4284,0.45219,0.40606,0.33118,-0.096667,-0.20393,0.39768,0.21436,-0.16581,-0.23331,-0.037552,-0.34208,-0.05157,-0.14532,-0.04065,0.021652,0.040076,0.026224,1,0.43899,0.09692,0.10442,0.49557,0.33373,0.1159,-0.067275,-0.040273,-0.14667,0.050331,-0.017873,0.019212,-0.027832,0.14413,-0.3455,0.098071,0.047417,0.10334,0.17044,-0.034056,-0.07754,-0.049748,0.10295,0.1628,0.12784,0.10065,0.059101,0.27961,0.23358,0.060338,0.20678,0.15898,0.040271,-0.014567,0.20333,-0.068267,0.060502,0.50158,0.28497,0.16001,0.25457,0.05246,-0.073227,-0.28377,-0.21884,0.013033,0.00032477,0.34978,0.015167,0.47114,0.20099,0.10988,0.048155,0.093382,-0.045912,-0.0058494,0.03924,0.47443,0.43155,0.056277,-0.052368,-0.036144,-0.10937,0.1073,0.064176,0.057099,0.32215,0.0026133,-0.0077463,-0.27913,0.029277
0.12001,0.36696,-0.014944,-0.031491,-0.17954,-0.30058,0.12837,0.026265,-0.21124,-0.26259,-0.11666,-0.2313,0.073117,-0.28345,-0.21598,-0.15752,0.21514,0.23764,0.43899,1,-0.027659,-0.020437,0.046681,-0.036064,-0.063102,-0.085147,-0.23684,-0.2972,0.18381,0.067732,-0.047967,0.0074262,0.079328,0.10986,-0.24192,-0.10473,0.024585,0.02343,-0.13553,-0.064621,-0.049582,0.064796,-0.14113,-0.16369,0.088443,0.041539,-0.013967,-0.083663,-0.0067567,0.21259,-0.20731,-0.019003,-0.12215,-0.05888,-0.15778,-0.15683,0.41751,0.37526,0.31736,0.33174,0.18083,0.17672,0.11568,0.11405,-0.15644,-0.091887,0.12011,0.24497,0.51856,0.45775,0.1015,0.054485,0.044871,0.006106,0.034202,0.020785,0.2054,0.29333,-0.011485,-0.0051204,0.10364,0.16424,-0.049674,0.0036585,-0.11111,-0.17935,-0.095559,-0.25434,-0.28726,-0.35774
0.062158,0.18638,0.17975,0.1241,0.047918,-0.075521,0.14329,0.12389,-0.19907,-0.27662,-0.14747,-0.24075,-0.18242,-0.14211,0.20993,0.46303,-0.30695,-0.11343,0.09692,-0.027659,1,0.94363,0.084935,0.16447,0.40588,0.20913,0.60351,0.52141,0.58511,0.41953,-0.085153,-0.29743,0.011814,-0.10004,0.27859,0.26346,0.36836,0.28296,0.33463,0.060133,0.10023,0.30569,-0.070779,-0.13921,-0.28513,-0.041519,0.44863,0.47733,-0.1471,-0.19278,-0.10506,-0.22479,-0.12901,-0.045916,0.31761,0.15381,0.14723,0.069337,-0.059584,0.0098051,-0.16869,-0.1174,-0.41361,-0.11386,-0.20282,-0.13512,-0.0092357,0.044645,0.070458,0.084132,0.19932,0.182,0.31789,0.39353,0.32534,0.26449,0.38471,0.41822,0.19237,0.018791,0.47234,-0.060026,0.84942,0.85297,0.094556,0.034263,0.088143,0.33395,0.1011,0.033279
0.1527,0.232,0.27569,0.22205,0.10267,0.041823,0.24168,0.18658,-0.14748,-0.22455,-0.15452,-0.27181,-0.15994,-0.16411,0.28037,0.44999,-0.35768,-0.24158,0.10442,-0.020437,0.94363,1,0.18971,0.29308,0.39623,0.24195,0.60519,0.6075,0.53687,0.33828,-0.10424,-0.24127,0.057315,-0.013591,0.29982,0.27513,0.33048,0.29331,0.2975,0.02243,0.082371,0.28428,-0.0092591,-0.065197,-0.23588,0.047353,0.49551,0.53,-0.11451,-0.17164,9.8332e-006,-0.24949,-0.046755,0.044249,0.27419,0.10651,0.18161,0.084639,-0.041598,0.024231,-0.070209,-0.11487,-0.44592,-0.16487,-0.14963,-0.061049,-0.021423,0.054958,0.092659,0.14694,0.1988,0.18542,0.32157,0.36247,0.28366,0.16743,0.32188,0.40005,0.14502,-0.043319,0.40402,-0.12205,0.82763,0.76555,0.19616,0.084288,0.010109,0.24791,0.085998,0.013128
0.58758,0.1758,0.84971,0.52292,0.22129,0.16538,0.71008,0.2362,0.16571,-0.090317,0.17572,-0.38986,0.16536,-0.1079,0.3155,-0.043905,-0.26206,-0.4016,0.49557,0.046681,0.084935,0.18971,1,0.87847,0.34392,0.24572,0.20238,0.16213,-0.18382,-0.24487,0.23578,0.40934,-0.093627,-0.32067,0.42731,0.26012,0.074583,0.03552,0.060814,-0.068159,-0.020317,0.039182,0.56056,0.43518,0.1046,0.29428,0.45951,0.2648,-0.019018,-0.14203,0.58224,-0.24207,-0.067551,0.12821,0.1189,-0.082497,0.23029,0.029042,-0.14605,-0.065317,-0.038174,-0.37226,-0.51373,-0.64935,0.32994,0.16738,0.1224,0.027225,0.049605,0.328,0.35256,0.17528,0.036494,-0.091352,-0.089107,-0.28228,0.092021,0.13954,0.016964,-0.097722,-0.20183,-0.53382,0.21373,-0.04349,0.56976,0.45449,0.096111,0.01472,0.13223,-0.16019
0.51132,0.24579,0.85105,0.73329,0.11679,0.16147,0.72266,0.48646,0.060198,-0.084814,0.041376,-0.2746,0.037481,-0.0048337,0.24184,-0.0034299,-0.45973,-0.49339,0.33373,-0.036064,0.16447,0.29308,0.87847,1,0.27028,0.27068,0.20352,0.21768,-0.1561,-0.21688,0.092979,0.28866,-0.13323,-0.18798,0.46271,0.34807,0.13773,0.12317,0.095383,-0.039619,-0.034406,0.13446,0.50493,0.44084,0.067227,0.31668,0.46785,0.37232,-0.0049247,-0.19627,0.50724,-0.20032,0.039687,0.088618,0.20057,-0.018996,0.17562,0.10852,-0.027164,0.089806,0.0099993,-0.16565,-0.49787,-0.46666,0.2075,0.24575,0.15241,0.12845,-0.023255,0.24291,0.2493,0.083836,0.011821,-0.074369,-0.061067,-0.30192,-0.027822,0.079664,0.026724,-0.14337,-0.15025,-0.45305,0.25136,0.033705,0.54088,0.45685,0.14372,0.055763,0.23289,-0.11672
0.0098325,-0.15109,0.29256,0.1099,0.24042,0.075192,0.12449,-0.069952,-0.022853,-0.11613,0.046521,-0.25108,0.023457,-0.033824,0.2527,0.34499,-0.024228,-0.22199,0.1159,-0.063102,0.40588,0.39623,0.34392,0.27028,1,0.88138,0.56966,0.33416,0.54,0.60561,0.7208,0.48053,-0.32555,-0.3772,0.21473,0.17032,-0.25234,-0.35789,-0.041572,-0.084802,-0.22961,-0.20741,0.34825,0.47294,-0.096259,0.12676,0.21888,0.29185,-0.016232,-0.079497,0.29749,0.035405,-0.12949,0.03095,-0.15086,-0.29166,0.018412,-0.29554,-0.21411,-0.1996,-0.33208,-0.4225,-0.47858,-0.46968,-0.16644,-0.16,0.078717,0.078086,-0.052188,0.2374,0.68916,0.52487,0.085358,0.02097,-0.24499,-0.11107,0.20947,0.29084,0.51002,0.53722,0.56852,-0.17612,0.50911,0.52805,0.18792,0.14349,-0.26116,-0.24912,-0.16575,-0.15365
-0.11645,-0.24195,0.18509,0.18875,0.23011,0.19255,0.056812,0.061413,0.045077,0.087103,0.028002,-0.08284,0.055021,0.11527,0.21909,0.28721,-0.014618,-0.24201,-0.067275,-0.085147,0.20913,0.24195,0.24572,0.27068,0.88138,1,0.4319,0.29961,0.47769,0.56358,0.71113,0.58929,-0.35605,-0.19982,0.11733,0.1281,-0.39096,-0.47521,-0.1784,-0.15223,-0.31616,-0.29287,0.24379,0.4786,-0.084885,0.1311,-0.0040419,0.12718,-0.010576,-0.080225,0.25852,0.089546,-0.10196,-0.028591,-0.271,-0.39405,-0.10831,-0.34123,-0.19469,-0.1834,-0.28292,-0.27697,-0.37663,-0.34935,-0.13582,-0.050043,-0.010195,0.082187,-0.12898,0.18225,0.64761,0.46549,0.029202,-0.060273,-0.34644,-0.2327,-0.013102,0.1188,0.47833,0.52995,0.49346,-0.10835,0.3051,0.34467,0.14995,0.092929,-0.31697,-0.36311,-0.18015,-0.21789
0.11624,-0.093874,0.25109,0.045717,0.63957,0.51691,0.14651,-0.089352,0.33621,0.086822,-0.019526,-0.26872,-0.0022497,-0.14102,0.59042,0.41646,-0.095252,-0.24367,-0.040273,-0.23684,0.60351,0.60519,0.20238,0.20352,0.56966,0.4319,1,0.86523,0.43557,0.29367,0.19995,0.047544,-0.17554,-0.22622,0.30158,0.22149,0.020531,-0.062924,0.16149,-0.0020156,-0.058359,-0.065641,0.24601,0.16254,-0.21227,-0.071764,0.33361,0.27753,-0.17739,-0.30097,0.13482,-0.22514,-0.11569,-0.015102,0.1245,-0.059262,-0.0026665,-0.19915,-0.22768,-0.19761,-0.31047,-0.39819,-0.45718,-0.44552,-0.04418,-0.12185,-0.094225,-0.028494,-0.13113,0.10688,0.33673,0.29863,0.34325,0.31343,0.16676,0.05137,0.12644,0.15581,0.30876,0.14477,0.32156,-0.26578,0.66036,0.52612,0.32896,0.15584,0.04861,0.29223,0.16801,0.010471
0.10433,-0.069143,0.20323,0.092417,0.65336,0.66621,0.14691,0.0034091,0.38857,0.24218,-0.10459,-0.21487,-0.044137,-0.12887,0.64372,0.4116,-0.1626,-0.29553,-0.14667,-0.2972,0.52141,0.6075,0.16213,0.21768,0.33416,0.29961,0.86523,1,0.28559,0.10993,-0.0036036,-0.02678,-0.051798,-0.046577,0.23515,0.17906,0.077287,0.0514,0.2006,0.033607,0.038455,-0.023907,0.15138,0.052272,-0.18102,-0.039582,0.33234,0.24969,-0.20656,-0.31731,0.079342,-0.33534,-0.054916,0.012262,0.17901,0.022215,-0.045545,-0.16792,-0.23995,-0.21991,-0.21145,-0.30043,-0.40104,-0.36499,0.025762,-0.022709,-0.19646,-0.096146,-0.16568,0.071396,0.14554,0.19423,0.36206,0.32022,0.23447,0.052088,-0.00065147,0.010231,0.1427,-0.062985,0.13684,-0.26619,0.55501,0.36401,0.37164,0.13445,0.078366,0.3674,0.25488,0.086732
-0.13718,0.11568,-0.14479,-0.11983,0.088296,-0.081209,-0.081105,-0.013739,-0.084836,-0.061411,-0.046759,-0.067974,-0.015727,-0.0077923,0.26369,0.58588,0.21301,0.08381,0.050331,0.18381,0.58511,0.53687,-0.18382,-0.1561,0.54,0.47769,0.43557,0.28559,1,0.82395,0.23837,-0.099066,-0.065693,-0.0090759,-0.20732,-0.15123,-0.026121,-0.069838,0.096167,0.042583,-0.10926,0.00012951,-0.21297,-0.068393,-0.35067,-0.21173,-0.0022127,0.17544,-0.064894,0.10132,-0.27202,0.05791,-0.0078623,-0.013827,-0.060902,-0.082703,0.15698,0.0322,0.086495,0.10598,-0.12015,0.051245,-0.19078,0.11043,-0.43624,-0.24791,-0.10092,-0.034418,0.14848,0.11552,0.29793,0.25686,0.27124,0.29365,0.091748,0.28299,0.32331,0.36661,0.51962,0.39776,0.80232,0.25138,0.61681,0.76106,-0.1248,-0.19834,-0.25859,-0.18232,-0.23316,-0.093031
-0.22849,0.030966,-0.25946,-0.1304,-0.1216,-0.23602,-0.24882,-0.039844,-0.25317,-0.11406,-0.029208,0.10806,-0.11983,0.18803,0.062698,0.57033,0.17046,0.17035,-0.017873,0.067732,0.41953,0.33828,-0.24487,-0.21688,0.60561,0.56358,0.29367,0.10993,0.82395,1,0.52668,0.076799,-0.10079,-0.10055,-0.16302,-0.11098,-0.16652,-0.19918,0.02205,0.086803,-0.067433,-0.06613,-0.22789,0.035469,-0.33527,-0.29186,-0.15005,0.092532,-0.081267,0.09834,-0.30149,0.1354,-0.058276,-0.052592,-0.14889,-0.07458,0.0691,-0.0085718,0.021539,0.053145,-0.2418,0.025426,-0.14278,0.15428,-0.4645,-0.27839,-0.041509,-0.057189,0.13465,0.092453,0.36982,0.30957,0.068672,0.14972,-0.10057,0.23598,0.25528,0.28758,0.63412,0.7365,0.89919,0.42532,0.45724,0.68249,-0.1737,-0.1262,-0.28652,-0.29364,-0.28096,0.027204
-0.038654,-0.29554,0.12704,-0.02824,0.14146,0.033217,0.016991,-0.20855,0.029685,-0.022222,0.19584,-0.05978,0.16136,0.12115,0.063424,0.1248,0.14072,-0.072771,0.019212,-0.047967,-0.085153,-0.10424,0.23578,0.092979,0.7208,0.71113,0.19995,-0.0036036,0.23837,0.52668,1,0.74088,-0.39048,-0.40199,-0.029073,-0.072027,-0.39349,-0.51836,-0.12597,-0.012173,-0.11512,-0.32161,0.21393,0.37316,-0.02771,-0.056932,-0.18712,-0.1404,-0.0088299,-0.02772,0.16891,0.079116,-0.19698,-0.10136,-0.25769,-0.27826,-0.056552,-0.34242,-0.19706,-0.21546,-0.32879,-0.37504,-0.14285,-0.3492,-0.11373,-0.22555,0.021929,-0.015284,-0.0010565,0.23898,0.62926,0.3836,-0.24768,-0.3032,-0.47171,-0.33307,-0.092329,-0.073766,0.4673,0.76035,0.43029,-0.064967,0.0709,0.090992,0.059101,-0.0040519,-0.23963,-0.46165,-0.18249,-0.19543
-0.091464,-0.31995,0.23265,0.041662,0.24472,0.22827,0.064959,-0.22393,0.081822,0.029392,0.041739,-0.18168,0.077334,-0.022349,0.0049219,-0.15977,0.17184,-0.016596,-0.027832,0.0074262,-0.29743,-0.24127,0.40934,0.28866,0.48053,0.58929,0.047544,-0.02678,-0.099066,0.076799,0.74088,1,-0.38496,-0.22976,0.099536,0.097681,-0.35876,-0.45201,-0.23968,-0.13868,-0.16285,-0.30876,0.38631,0.4804,0.19016,0.13134,-0.11384,-0.22876,-0.16469,-0.08451,0.29964,-0.063225,-0.2121,-0.095934,-0.26135,-0.35329,-0.089279,-0.28091,-0.30655,-0.34819,-0.31352,-0.45077,-0.13244,-0.44749,0.00669,-0.14978,-0.097174,-0.017393,-0.14387,0.24298,0.46411,0.29166,-0.24208,-0.33904,-0.48649,-0.48241,-0.24669,-0.18836,0.21133,0.38878,0.029154,-0.22158,-0.16912,-0.25628,0.19142,0.1142,-0.17995,-0.34398,-0.18374,-0.34111
-0.015329,0.10915,-0.11449,-0.095876,-0.30217,-0.19963,0.022459,0.054012,-0.14898,-0.1451,-0.017222,0.051538,-0.076806,-0.038466,-0.0074584,0.0043815,0.0069916,0.098643,0.14413,0.079328,0.011814,0.057315,-0.093627,-0.13323,-0.32555,-0.35605,-0.17554,-0.051798,-0.065693,-0.10079,-0.39048,-0.38496,1,0.58979,-0.069518,-0.17175,-0.025639,0.15151,-0.11508,-0.14914,-0.019651,0.042174,-0.26174,-0.22108,-0.21022,-0.0058283,0.0689,0.079476,-0.01979,-0.07582,-0.061721,-0.1299,0.036145,0.15103,-0.083484,-0.0011812,-0.052395,0.096044,-0.12377,-0.12864,0.12928,0.023211,-0.021012,0.12153,0.10023,-0.082403,-0.080318,-0.098206,0.048523,0.0086126,-0.19894,0.0085038,0.30914,0.34426,0.22301,0.36295,0.16979,0.15064,-0.12453,-0.19751,-0.13731,0.19966,-0.086336,-0.061162,0.010097,0.079623,-0.14853,0.052305,-0.051018,0.20486
-0.3206,-0.088722,-0.26273,-0.10269,-0.29583,-0.15324,-0.096365,0.09346,-0.12996,-0.016501,-0.15555,0.25387,-0.063366,-0.045309,-0.12177,-0.21012,-0.088993,0.024429,-0.3455,0.10986,-0.10004,-0.013591,-0.32067,-0.18798,-0.3772,-0.19982,-0.22622,-0.046577,-0.0090759,-0.10055,-0.40199,-0.22976,0.58979,1,-0.20275,-0.1399,-0.16133,-0.023178,-0.23095,-0.23759,-0.18624,-0.075007,-0.42863,-0.28508,-0.23993,0.10267,-0.14172,-0.044976,0.028397,-0.18513,-0.17255,0.0035553,0.081891,0.00098726,-0.13345,-0.2104,-0.26744,0.022601,-0.0041783,-0.026539,0.19223,0.28396,0.24384,0.38583,-0.056512,0.045307,-0.18488,0.19771,-0.21269,0.052543,-0.22597,-0.069093,0.19057,0.24991,0.11659,0.12173,-0.24383,-0.067597,-0.18067,-0.19775,-0.11401,0.25753,-0.2534,-0.16452,-0.071748,-0.24377,-0.2594,-0.16648,0.076952,-0.058457
0.2108,-0.04885,0.40847,0.23359,0.092098,0.10736,0.14786,0.034036,-0.020933,-0.17166,0.026216,-0.13928,-0.20607,-0.012241,0.038618,0.046418,-0.42881,-0.27659,0.098071,-0.24192,0.27859,0.29982,0.42731,0.46271,0.21473,0.11733,0.30158,0.23515,-0.20732,-0.16302,-0.029073,0.099536,-0.069518,-0.20275,1,0.86757,0.24371,0.20349,0.17491,0.10677,0.076168,0.26774,0.61233,0.40365,0.13935,0.050344,0.49871,0.39508,-0.19787,-0.33915,0.38629,-0.24504,-0.1595,-0.077009,0.21347,0.085641,-0.079807,-0.045087,-0.28961,-0.25126,-0.26999,-0.39792,-0.4013,-0.46465,0.39881,0.23832,0.09299,0.016953,-0.18861,-0.036075,0.081478,0.07799,0.10452,0.15189,0.15956,-0.036098,0.14085,0.090217,0.0066195,-0.092879,-0.080124,-0.3623,0.30953,0.21633,0.4647,0.53295,0.24279,0.33888,0.14227,-0.025116
0.065323,-0.015915,0.23485,0.23768,0.019784,0.051538,0.00050644,0.072386,-0.16366,-0.12396,-0.15114,-0.092373,-0.3351,-0.030682,-0.14283,0.031406,-0.37059,-0.20318,0.047417,-0.10473,0.26346,0.27513,0.26012,0.34807,0.17032,0.1281,0.22149,0.17906,-0.15123,-0.11098,-0.072027,0.097681,-0.17175,-0.1399,0.86757,1,0.25299,0.22088,0.12878,0.11181,0.033234,0.28527,0.49173,0.33464,0.18105,0.014198,0.38213,0.33845,-0.26196,-0.25651,0.20056,-0.17925,-0.18021,-0.096667,0.166,0.09704,-0.036517,0.01971,-0.20118,-0.17843,-0.26275,-0.26418,-0.31724,-0.31445,0.26897,0.28951,0.074665,0.076402,-0.11251,-0.059542,0.026821,0.070846,0.04879,0.12462,0.14401,6.1478e-005,0.15279,0.1402,-0.016592,-0.08462,-0.033885,-0.25222,0.25346,0.22485,0.29455,0.43781,0.2428,0.32625,0.036032,-0.070359
0.22009,0.31339,0.17192,0.099569,0.026676,-0.04407,0.10726,0.029732,-0.082856,-0.14577,-0.099293,-0.1538,-0.22434,-0.084595,0.0041338,0.15792,-0.22977,-0.027286,0.10334,0.024585,0.36836,0.33048,0.074583,0.13773,-0.25234,-0.39096,0.020531,0.077287,-0.026121,-0.16652,-0.39349,-0.35876,-0.025639,-0.16133,0.24371,0.25299,1,0.85884,0.79051,0.70591,0.74979,0.85309,0.077996,-0.32203,-0.15795,-0.38752,0.41698,0.2383,-0.31898,-0.15777,-0.343,-0.42646,-0.1487,-0.30135,0.84015,0.79362,0.28077,0.4265,0.11871,0.084619,-0.041677,0.040481,-0.16616,0.058483,-0.042137,-0.031653,0.03006,-0.15032,0.23163,-0.14416,-0.31704,-0.33793,0.066375,0.24868,0.62605,0.25186,0.26762,-0.056938,-0.063981,-0.32129,-0.027128,-0.21047,0.34268,0.20917,0.024038,-0.020008,0.7696,0.66528,0.45324,-0.062712
0.17592,0.35587,0.10863,0.13694,-0.072666,-0.083639,0.085198,0.096732,-0.14936,-0.10563,-0.23792,-0.13978,-0.36268,-0.1428,0.0033482,0.18636,-0.26583,-0.065735,0.17044,0.02343,0.28296,0.29331,0.03552,0.12317,-0.35789,-0.47521,-0.062924,0.0514,-0.069838,-0.19918,-0.51836,-0.45201,0.15151,-0.023178,0.20349,0.22088,0.85884,1,0.67088,0.61215,0.63251,0.80331,0.02963,-0.2898,-0.15371,-0.31028,0.44077,0.25938,-0.30531,-0.11598,-0.34865,-0.39068,0.029644,-0.14465,0.71445,0.79597,0.28406,0.4086,0.13353,0.13553,0.043137,0.14666,-0.15264,0.12926,-0.081253,0.002768,0.039649,-0.15988,0.23655,-0.1307,-0.43455,-0.37219,0.12308,0.25943,0.59333,0.32415,0.26388,0.022843,-0.084,-0.4025,-0.073464,-0.082144,0.27353,0.15349,0.028499,0.077621,0.5937,0.5762,0.31877,0.11958
0.14467,0.12003,0.1095,-0.010626,0.15463,0.062781,0.048028,-0.081448,0.035238,-0.037679,-0.033489,-0.097713,-0.1518,-0.0448,0.2075,0.36921,-0.20362,-0.15179,-0.034056,-0.13553,0.33463,0.2975,0.060814,0.095383,-0.041572,-0.1784,0.16149,0.2006,0.096167,0.02205,-0.12597,-0.23968,-0.11508,-0.23095,0.17491,0.12878,0.79051,0.67088,1,0.89749,0.83378,0.66909,0.10232,-0.26035,-0.27157,-0.4592,0.36072,0.2221,-0.29055,-0.23634,-0.30576,-0.39366,-0.19891,-0.34101,0.81225,0.75214,0.11679,0.1798,0.02233,-0.028404,-0.15045,-0.053693,-0.18399,-0.024059,-0.083494,-0.098191,0.011451,-0.17432,0.10048,-0.1512,-0.2175,-0.2278,0.058065,0.24025,0.54387,0.25078,0.14852,-0.18027,0.10008,-0.0987,0.13031,-0.18948,0.48613,0.31319,0.14194,-0.040945,0.70239,0.53159,0.5548,0.050338
0.062898,0.076283,-0.05967,-0.09154,0.11158,0.040025,-0.12336,-0.14148,0.033471,0.052144,-0.033978,0.015789,-0.18316,0.080997,0.089127,0.34904,-0.062073,-0.060125,-0.07754,-0.064621,0.060133,0.02243,-0.068159,-0.039619,-0.084802,-0.15223,-0.0020156,0.033607,0.042583,0.086803,-0.012173,-0.13868,-0.14914,-0.23759,0.10677,0.11181,0.70591,0.61215,0.89749,1,0.85977,0.65533,0.10993,-0.20889,-0.21591,-0.59303,0.16341,0.054304,-0.33273,-0.15162,-0.41962,-0.33751,-0.19861,-0.40715,0.70618,0.75881,0.10318,0.21693,0.055147,-0.033186,-0.18378,-0.011773,-0.090194,0.055942,-0.09865,-0.086294,0.0025639,-0.2329,0.16247,-0.17807,-0.23838,-0.26411,-0.030966,0.17741,0.48791,0.25678,0.098122,-0.26912,0.17949,0.053301,0.18665,-0.052614,0.27535,0.16733,0.061411,-0.049108,0.70169,0.4199,0.44647,0.013927
0.1032,0.091197,-0.040053,-0.10888,0.064291,0.035432,-0.07123,-0.12453,0.013523,-0.016971,-0.038542,-0.024617,-0.13268,0.036343,0.030651,0.22643,-0.045625,0.025066,-0.049748,-0.049582,0.10023,0.082371,-0.020317,-0.034406,-0.22961,-0.31616,-0.058359,0.038455,-0.10926,-0.067433,-0.11512,-0.16285,-0.019651,-0.18624,0.076168,0.033234,0.74979,0.63251,0.83378,0.85977,1,0.66796,0.032802,-0.32322,-0.16648,-0.51811,0.16941,0.021335,-0.3256,-0.11491,-0.38626,-0.42098,-0.19717,-0.3268,0.70889,0.75349,0.09992,0.23416,-0.012625,-0.071435,-0.12043,-0.042476,-0.078364,0.029135,-0.02204,-0.13261,-0.049864,-0.25959,0.20995,-0.14908,-0.31214,-0.33341,-0.057476,0.14891,0.48123,0.22346,0.096951,-0.29548,0.033748,-0.077753,0.055327,-0.061343,0.20423,0.060548,0.10501,-0.063305,0.69601,0.48556,0.4814,0.041488
0.18891,0.29352,0.14995,0.12908,-0.16299,-0.18722,0.088666,0.059434,-0.22161,-0.2643,-0.10024,-0.14246,-0.25103,-0.076989,-0.14898,0.088696,-0.273,-0.058544,0.10295,0.064796,0.30569,0.28428,0.039182,0.13446,-0.20741,-0.29287,-0.065641,-0.023907,0.00012951,-0.06613,-0.32161,-0.30876,0.042174,-0.075007,0.26774,0.28527,0.85309,0.80331,0.66909,0.65533,0.66796,1,0.041397,-0.25647,-0.20064,-0.34094,0.36877,0.23872,-0.29691,-0.16523,-0.31002,-0.3419,-0.13131,-0.3404,0.71041,0.68053,0.28456,0.43169,0.16671,0.12449,-0.03472,0.077692,-0.15027,0.087487,-0.094704,-0.063337,0.046725,-0.06602,0.21373,-0.064233,-0.27618,-0.32622,0.14578,0.286,0.52711,0.25206,0.22483,-0.014813,0.091048,-0.16458,0.093986,-0.092626,0.30849,0.23426,0.087959,0.054686,0.63864,0.51335,0.35252,-0.1437
0.3291,0.0070806,0.51052,0.16882,0.3762,0.32035,0.27242,-0.10091,0.22597,-0.022693,0.079691,-0.33032,-0.033639,-0.1418,0.18708,-0.046118,-0.053634,-0.26457,0.1628,-0.14113,-0.070779,-0.0092591,0.56056,0.50493,0.34825,0.24379,0.24601,0.15138,-0.21297,-0.22789,0.21393,0.38631,-0.26174,-0.42863,0.61233,0.49173,0.077996,0.02963,0.10232,0.10993,0.032802,0.041397,1,0.76596,0.35366,0.21698,0.48533,0.29591,-0.1396,-0.059295,0.5649,-0.16536,-0.01408,0.10788,0.080512,-0.024026,0.12576,-0.017329,-0.19512,-0.23236,-0.19051,-0.48772,-0.44625,-0.64245,0.27654,0.15499,0.027954,-0.079827,-0.10854,0.056237,0.21227,0.11076,0.038208,-0.026403,-0.013386,-0.18462,0.11746,0.019597,0.2105,-0.019172,-0.12365,-0.4778,0.10036,-0.074559,0.45062,0.42953,0.13171,0.086626,-0.0025039,-0.16028
0.13784,-0.018386,0.35761,0.26605,0.1425,0.15774,0.15978,0.078465,0.011516,-0.032337,-0.017355,-0.1345,-0.12733,0.045922,0.04285,-0.0036014,0.0020507,-0.194,0.12784,-0.16369,-0.13921,-0.065197,0.43518,0.44084,0.47294,0.4786,0.16254,0.052272,-0.068393,0.035469,0.37316,0.4804,-0.22108,-0.28508,0.40365,0.33464,-0.32203,-0.2898,-0.26035,-0.20889,-0.32322,-0.25647,0.76596,1,0.33291,0.40828,0.22004,0.2547,0.014987,0.13834,0.61196,0.17651,0.15047,0.33962,-0.30203,-0.28895,0.04927,-0.10652,-0.1288,-0.10794,-0.11078,-0.2978,-0.39503,-0.45195,0.12702,0.17641,0.08152,0.016927,-0.11549,0.052713,0.33613,0.2778,-0.0099722,-0.13678,-0.36812,-0.18298,0.071096,0.15826,0.32591,0.19611,0.029126,-0.20729,-0.014233,-0.052299,0.28063,0.44828,-0.2659,-0.24198,-0.30224,-0.018599
0.12433,0.058967,0.07043,0.031555,0.020157,0.022184,0.0604,0.016369,-0.065469,-0.086011,-0.02482,-0.14033,0.039357,-0.11799,-0.23484,-0.31695,0.13767,0.08276,0.10065,0.088443,-0.28513,-0.23588,0.1046,0.067227,-0.096259,-0.084885,-0.21227,-0.18102,-0.35067,-0.33527,-0.02771,0.19016,-0.21022,-0.23993,0.13935,0.18105,-0.15795,-0.15371,-0.27157,-0.21591,-0.16648,-0.20064,0.35366,0.33291,1,0.5202,-0.11177,-0.17734,0.32201,0.39562,0.27844,0.25992,0.10251,0.22665,-0.2577,-0.19249,0.14118,0.084077,0.23834,0.20201,0.26369,0.11773,0.19177,-0.014514,0.30945,0.2873,0.31434,0.22016,0.12654,0.047572,-0.21211,-0.19498,-0.38535,-0.40981,-0.38241,-0.30985,-0.04546,0.025793,-0.20478,-0.24739,-0.27368,-0.12858,-0.27625,-0.30734,-0.06218,0.070848,-0.10384,-0.10095,-0.26915,-0.0059324
0.16812,0.10315,0.33003,0.26881,-0.16518,-0.12626,0.35897,0.24585,-0.14272,-0.22273,-0.021956,-0.19713,0.11073,-0.22789,-0.10492,-0.42462,-0.18634,-0.15782,0.059101,0.041539,-0.041519,0.047353,0.29428,0.31668,0.12676,0.1311,-0.071764,-0.039582,-0.21173,-0.29186,-0.056932,0.13134,-0.0058283,0.10267,0.050344,0.014198,-0.38752,-0.31028,-0.4592,-0.59303,-0.51811,-0.34094,0.21698,0.40828,0.5202,1,0.19781,0.16986,0.51501,0.20422,0.58619,0.34829,0.21572,0.40064,-0.3115,-0.46947,0.10161,-0.059105,0.16884,0.22149,0.4045,0.11222,-0.0084064,-0.13105,0.17745,0.28407,0.27487,0.48286,-0.035894,0.29547,0.14792,0.16012,-0.10998,-0.27605,-0.44121,-0.32781,-0.10763,0.23574,-0.19188,-0.25198,-0.26418,-0.16046,-0.15075,-0.16288,0.10716,0.092447,-0.42444,-0.30668,-0.13999,-0.048111
0.35719,0.27638,0.54325,0.29844,0.084194,0.031968,0.41593,0.12557,-0.050249,-0.2956,-0.14471,-0.44032,-0.21382,-0.33722,0.18103,0.049082,-0.39293,-0.30431,0.27961,-0.013967,0.44863,0.49551,0.45951,0.46785,0.21888,-0.0040419,0.33361,0.33234,-0.0022127,-0.15005,-0.18712,-0.11384,0.0689,-0.14172,0.49871,0.38213,0.41698,0.44077,0.36072,0.16341,0.16941,0.36877,0.48533,0.22004,-0.11177,0.19781,1,0.74509,-0.10929,-0.22596,0.33482,-0.28462,0.075834,0.1028,0.48641,0.27749,0.28631,0.15992,-0.073807,-0.076446,-0.036539,-0.26655,-0.47471,-0.42136,0.031982,0.030182,0.11743,0.085606,0.055483,0.20811,0.10762,0.14349,0.28945,0.23002,0.31525,0.12652,0.297,0.24998,0.069466,-0.24677,-0.02483,-0.2943,0.4483,0.30116,0.44187,0.38268,0.18709,0.31474,0.2718,0.018003
0.17721,0.26268,0.34202,0.35541,-0.15239,-0.13351,0.20623,0.29264,-0.26446,-0.26104,-0.20913,-0.15198,-0.3108,-0.099407,0.038979,0.24144,-0.42571,-0.33156,0.23358,-0.083663,0.47733,0.53,0.2648,0.37232,0.29185,0.12718,0.27753,0.24969,0.17544,0.092532,-0.1404,-0.22876,0.079476,-0.044976,0.39508,0.33845,0.2383,0.25938,0.2221,0.054304,0.021335,0.23872,0.29591,0.2547,-0.17734,0.16986,0.74509,1,0.043,0.040037,0.30061,0.06858,0.31079,0.38833,0.26428,0.19324,0.20377,0.1093,0.02373,0.048953,-0.00097273,-0.065247,-0.39882,-0.17555,-0.11243,0.14948,0.24413,0.11788,0.045896,-0.01075,0.11193,0.18344,0.19694,0.16098,0.17555,0.21058,0.37708,0.38217,0.12961,-0.08165,0.15819,-0.10724,0.42361,0.43567,0.21891,0.36798,-0.054245,0.10578,0.07786,0.23645
0.23587,0.042545,0.13612,0.17817,-0.1924,-0.20895,0.21474,0.24259,0.0083192,-0.084155,0.40597,0.23688,0.49282,0.15729,-0.035125,-0.2521,-0.072987,-0.15094,0.060338,-0.0067567,-0.1471,-0.11451,-0.019018,-0.0049247,-0.016232,-0.010576,-0.17739,-0.20656,-0.064894,-0.081267,-0.0088299,-0.16469,-0.01979,0.028397,-0.19787,-0.26196,-0.31898,-0.30531,-0.29055,-0.33273,-0.3256,-0.29691,-0.1396,0.014987,0.32201,0.51501,-0.10929,0.043,1,0.31924,0.37232,0.73619,0.33463,0.22714,-0.21811,-0.28322,-0.036418,-0.088913,0.46636,0.52405,0.57607,0.44611,0.36172,0.24461,0.16929,0.37025,0.55206,0.56385,0.094017,0.13792,-0.0087523,-0.073371,-0.29766,-0.39405,-0.41385,-0.33104,-0.12127,0.12344,-0.23099,-0.11957,-0.1504,-0.064854,-0.20269,-0.11849,-0.26727,-0.20144,-0.36334,-0.3767,0.045729,0.075267
0.10619,0.34739,-0.19919,0.0073902,-0.20003,-0.20148,-0.13883,0.15415,-0.20094,0.024557,-0.068264,0.081938,-0.046114,0.1153,-0.20874,0.084512,0.36023,0.23154,0.20678,0.21259,-0.19278,-0.17164,-0.14203,-0.19627,-0.079497,-0.080225,-0.30097,-0.31731,0.10132,0.09834,-0.02772,-0.08451,-0.07582,-0.18513,-0.33915,-0.25651,-0.15777,-0.11598,-0.23634,-0.15162,-0.11491,-0.16523,-0.059295,0.13834,0.39562,0.20422,-0.22596,0.040037,0.31924,1,0.064845,0.55275,0.44233,0.59427,-0.33428,-0.036497,0.41393,0.27271,0.42873,0.42671,0.40092,0.39017,0.16914,0.28727,-0.094022,0.19504,0.15889,-0.023136,0.44693,-0.065466,-0.14271,-0.094021,-0.26823,-0.35141,-0.38815,0.044645,0.24187,0.25353,0.044916,0.024751,0.086379,0.24111,-0.16382,-0.049822,-0.35024,-0.0080705,-0.30019,-0.31798,-0.536,0.19792
0.42161,-0.095076,0.59851,0.37156,0.1365,0.16876,0.48152,0.15791,0.22231,-0.083479,0.29187,-0.18121,0.31127,-0.027348,0.1629,-0.28477,-0.15898,-0.41549,0.15898,-0.20731,-0.10506,9.8332e-006,0.58224,0.50724,0.29749,0.25852,0.13482,0.079342,-0.27202,-0.30149,0.16891,0.29964,-0.061721,-0.17255,0.38629,0.20056,-0.343,-0.34865,-0.30576,-0.41962,-0.38626,-0.31002,0.5649,0.61196,0.27844,0.58619,0.33482,0.30061,0.37232,0.064845,1,0.2553,0.21188,0.3976,-0.21605,-0.41501,-0.065406,-0.24736,-0.14836,-0.12846,0.13351,-0.31219,-0.28396,-0.55235,0.47994,0.30847,0.1052,0.16688,-0.26404,0.15728,0.31807,0.23718,-0.0035883,-0.18933,-0.38622,-0.3674,-0.061601,0.096141,-0.02177,-0.096654,-0.29615,-0.47881,-0.029032,-0.16545,0.44415,0.45617,-0.30394,-0.21806,-0.01256,-0.0458
